11 84 0
0 1 98
1 0 98
0 2 72
2 0 72
0 3 86
3 0 86
0 5 35
5 0 35
0 6 30
6 0 30
0 7 79
7 0 79
0 8 123
8 0 123
0 9 108
9 0 108
0 10 55
10 0 55
1 3 16
3 1 16
1 4 123
4 1 123
1 7 47
7 1 47
1 9 73
9 1 73
1 10 64
10 1 64
2 4 2
4 2 2
2 6 80
6 2 80
2 7 54
7 2 54
2 8 42
8 2 42
2 9 76
9 2 76
3 5 42
5 3 42
3 6 98
6 3 98
3 7 74
7 3 74
3 8 78
8 3 78
3 9 104
9 3 104
3 10 27
10 3 27
4 5 10
5 4 10
4 6 52
6 4 52
4 7 72
7 4 72
4 8 21
8 4 21
4 9 92
9 4 92
4 10 43
10 4 43
5 7 23
7 5 23
5 8 31
8 5 31
5 10 87
10 5 87
6 9 71
9 6 71
6 10 73
10 6 73
7 8 55
8 7 55
7 9 41
9 7 41
7 10 94
10 7 94
8 9 86
9 8 86
8 10 7
10 8 7
9 10 11
10 9 11
