12 126 4
0 1 162
1 0 162
0 2 50
2 0 50
0 3 26
3 0 26
0 4 164
4 0 164
0 5 145
5 0 145
0 6 87
6 0 87
0 7 148
7 0 148
0 8 126
8 0 126
0 9 28
9 0 28
0 10 159
10 0 159
0 11 187
11 0 187
1 2 55
2 1 55
1 3 178
3 1 178
1 4 86
4 1 86
1 5 163
5 1 163
1 6 34
6 1 34
1 7 64
7 1 64
1 8 154
8 1 154
1 9 120
9 1 120
1 10 51
10 1 51
1 11 134
11 1 134
2 3 101
3 2 101
2 4 91
4 2 91
2 6 57
6 2 57
2 7 45
7 2 45
2 8 109
8 2 109
2 9 67
9 2 67
2 10 142
10 2 142
2 11 91
11 2 91
3 4 62
4 3 62
3 5 72
5 3 72
3 6 63
6 3 63
3 7 2
7 3 2
3 8 142
8 3 142
3 9 177
9 3 177
3 10 89
10 3 89
3 11 9
11 3 9
4 5 96
5 4 96
4 6 140
6 4 140
4 7 2
7 4 2
4 8 100
8 4 100
4 9 162
9 4 162
4 10 78
10 4 78
4 11 55
11 4 55
5 6 147
6 5 147
5 7 101
7 5 101
5 8 46
8 5 46
5 9 9
9 5 9
5 10 74
10 5 74
5 11 86
11 5 86
6 7 141
7 6 141
6 8 33
8 6 33
6 9 114
9 6 114
6 10 164
10 6 164
6 11 120
11 6 120
7 8 161
8 7 161
7 11 32
11 7 32
8 9 53
9 8 53
8 10 55
10 8 55
8 11 37
11 8 37
9 10 76
10 9 76
9 11 20
11 9 20
10 11 136
11 10 136
