70 2414 60
0 1 1905
1 0 1905
0 66 2045
66 0 2045
0 11 243
11 0 243
0 68 1033
68 0 1033
0 5 259
5 0 259
0 6 2994
6 0 2994
0 8 1231
8 0 1231
0 55 998
55 0 998
0 12 153
12 0 153
0 15 1684
15 0 1684
0 20 2453
20 0 2453
0 21 1829
21 0 1829
0 22 2942
22 0 2942
0 25 2670
25 0 2670
0 28 2865
28 0 2865
0 33 1502
33 0 1502
0 35 2630
35 0 2630
0 39 231
39 0 231
0 43 1726
43 0 1726
0 46 103
46 0 103
0 47 1537
47 0 1537
0 50 1872
50 0 1872
0 51 86
51 0 86
0 54 2460
54 0 2460
0 4 3044
4 0 3044
0 58 2216
58 0 2216
0 59 2329
59 0 2329
0 60 503
60 0 503
0 62 1801
62 0 1801
1 65 1612
65 1 1612
1 2 3565
2 1 3565
1 4 2561
4 1 2561
1 5 1675
5 1 1675
1 7 2008
7 1 2008
1 9 2299
9 1 2299
1 11 158
11 1 158
1 12 2903
12 1 2903
1 15 2253
15 1 2253
1 19 531
19 1 531
1 20 651
20 1 651
1 21 2315
21 1 2315
1 23 2284
23 1 2284
1 24 1537
24 1 1537
1 27 3524
27 1 3524
1 28 9
28 1 9
1 29 2822
29 1 2822
1 30 2074
30 1 2074
1 69 13
69 1 13
1 34 211
34 1 211
1 35 1774
35 1 1774
1 36 1217
36 1 1217
1 37 727
37 1 727
1 38 8
38 1 8
1 42 2891
42 1 2891
1 45 544
45 1 544
1 48 2765
48 1 2765
1 49 1276
49 1 1276
1 50 219
50 1 219
1 52 3318
52 1 3318
1 57 3618
57 1 3618
1 59 2136
59 1 2136
1 60 2468
60 1 2468
1 63 3288
63 1 3288
2 4 1287
4 2 1287
2 65 1473
65 2 1473
2 8 2588
8 2 2588
2 9 2832
9 2 2832
2 10 736
10 2 736
2 11 1073
11 2 1073
2 12 1617
12 2 1617
2 17 1402
17 2 1402
2 18 2148
18 2 2148
2 19 456
19 2 456
2 21 462
21 2 462
2 23 3280
23 2 3280
2 26 766
26 2 766
2 28 309
28 2 309
2 32 3096
32 2 3096
2 33 1774
33 2 1774
2 35 2058
35 2 2058
2 36 2939
36 2 2939
2 42 1735
42 2 1735
2 43 2285
43 2 2285
2 45 221
45 2 221
2 47 2260
47 2 2260
2 50 2581
50 2 2581
2 56 2845
56 2 2845
2 58 2082
58 2 2082
3 65 3409
65 3 3409
3 66 2552
66 3 2552
3 69 2412
69 3 2412
3 6 166
6 3 166
3 9 1943
9 3 1943
3 10 3599
10 3 3599
3 12 1844
12 3 1844
3 14 934
14 3 934
3 15 539
15 3 539
3 21 2670
21 3 2670
3 24 1437
24 3 1437
3 26 682
26 3 682
3 28 581
28 3 581
3 29 3020
29 3 3020
3 30 2301
30 3 2301
3 31 1053
31 3 1053
3 32 2911
32 3 2911
3 33 2323
33 3 2323
3 36 2710
36 3 2710
3 41 3130
41 3 3130
3 43 1946
43 3 1946
3 48 1230
48 3 1230
3 51 3338
51 3 3338
3 54 571
54 3 571
3 55 3074
55 3 3074
3 57 3368
57 3 3368
3 59 1577
59 3 1577
3 60 1657
60 3 1657
4 11 2384
11 4 2384
4 68 902
68 4 902
4 69 3366
69 4 3366
4 6 2973
6 4 2973
4 8 1563
8 4 1563
4 10 3023
10 4 3023
4 5 1695
5 4 1695
4 66 3353
66 4 3353
4 14 874
14 4 874
4 16 315
16 4 315
4 18 1813
18 4 1813
4 19 424
19 4 424
4 23 344
23 4 344
4 24 1062
24 4 1062
4 25 2686
25 4 2686
4 28 2086
28 4 2086
4 29 444
29 4 444
4 31 1128
31 4 1128
4 33 2987
33 4 2987
4 34 3358
34 4 3358
4 38 3165
38 4 3165
4 39 391
39 4 391
4 41 975
41 4 975
4 42 3109
42 4 3109
4 44 1700
44 4 1700
4 45 1710
45 4 1710
4 46 3298
46 4 3298
4 47 81
47 4 81
4 48 2398
48 4 2398
4 49 1634
49 4 1634
4 51 632
51 4 632
4 52 2963
52 4 2963
4 53 3007
53 4 3007
4 62 983
62 4 983
5 67 1335
67 5 1335
5 8 190
8 5 190
5 9 999
9 5 999
5 10 1918
10 5 1918
5 15 328
15 5 328
5 16 2835
16 5 2835
5 17 2819
17 5 2819
5 18 794
18 5 794
5 21 3620
21 5 3620
5 22 363
22 5 363
5 23 3457
23 5 3457
5 68 694
68 5 694
5 28 3592
28 5 3592
5 32 244
32 5 244
5 33 1391
33 5 1391
5 36 505
36 5 505
5 37 3472
37 5 3472
5 38 3567
38 5 3567
5 42 2115
42 5 2115
5 44 656
44 5 656
5 45 402
45 5 402
5 46 3292
46 5 3292
5 48 2252
48 5 2252
5 49 576
49 5 576
5 50 2830
50 5 2830
5 52 3404
52 5 3404
5 53 414
53 5 414
5 54 333
54 5 333
5 55 1977
55 5 1977
5 58 1253
58 5 1253
5 61 1524
61 5 1524
5 62 3012
62 5 3012
5 63 3380
63 5 3380
6 65 2831
65 6 2831
6 69 3608
69 6 3608
6 7 1127
7 6 1127
6 8 1318
8 6 1318
6 9 713
9 6 713
6 10 2689
10 6 2689
6 11 3367
11 6 3367
6 13 2021
13 6 2021
6 14 3517
14 6 3517
6 15 2447
15 6 2447
6 17 3131
17 6 3131
6 19 1741
19 6 1741
6 23 2185
23 6 2185
6 28 1368
28 6 1368
6 29 1622
29 6 1622
6 31 693
31 6 693
6 32 893
32 6 893
6 33 2743
33 6 2743
6 34 2047
34 6 2047
6 35 3166
35 6 3166
6 36 3375
36 6 3375
6 38 2150
38 6 2150
6 42 35
42 6 35
6 43 2512
43 6 2512
6 45 3080
45 6 3080
6 47 1451
47 6 1451
6 48 2356
48 6 2356
6 50 1032
50 6 1032
6 51 1737
51 6 1737
6 54 3556
54 6 3556
6 55 125
55 6 125
6 60 1995
60 6 1995
6 62 3106
62 6 3106
7 64 229
64 7 229
7 65 2109
65 7 2109
7 66 709
66 7 709
7 68 2864
68 7 2864
7 69 868
69 7 868
7 8 473
8 7 473
7 9 2388
9 7 2388
7 10 2652
10 7 2652
7 12 1806
12 7 1806
7 13 153
13 7 153
7 15 2476
15 7 2476
7 16 1253
16 7 1253
7 17 3329
17 7 3329
7 18 1395
18 7 1395
7 22 1782
22 7 1782
7 24 2932
24 7 2932
7 25 2497
25 7 2497
7 26 182
26 7 182
7 32 1161
32 7 1161
7 36 636
36 7 636
7 37 2643
37 7 2643
7 38 1379
38 7 1379
7 39 3532
39 7 3532
7 40 2772
40 7 2772
7 45 3019
45 7 3019
7 46 901
46 7 901
7 47 2518
47 7 2518
7 49 1738
49 7 1738
7 50 2834
50 7 2834
7 51 201
51 7 201
7 52 2792
52 7 2792
7 53 1757
53 7 1757
7 54 1975
54 7 1975
7 55 853
55 7 853
7 56 3222
56 7 3222
7 59 3508
59 7 3508
7 60 233
60 7 233
8 64 286
64 8 286
8 65 1448
65 8 1448
8 67 939
67 8 939
8 9 1231
9 8 1231
8 12 110
12 8 110
8 66 3037
66 8 3037
8 15 2474
15 8 2474
8 11 3487
11 8 3487
8 17 1500
17 8 1500
8 18 3043
18 8 3043
8 19 1042
19 8 1042
8 23 462
23 8 462
8 24 3306
24 8 3306
8 25 1079
25 8 1079
8 28 2785
28 8 2785
8 30 642
30 8 642
8 31 3151
31 8 3151
8 16 1390
16 8 1390
8 36 2541
36 8 2541
8 33 405
33 8 405
8 38 2565
38 8 2565
8 39 987
39 8 987
8 42 2122
42 8 2122
8 44 3560
44 8 3560
8 49 1744
49 8 1744
8 51 1180
51 8 1180
8 69 1393
69 8 1393
8 56 2133
56 8 2133
8 57 2269
57 8 2269
8 58 3402
58 8 3402
8 62 872
62 8 872
9 66 1046
66 9 1046
9 10 2263
10 9 2263
9 11 2325
11 9 2325
9 12 3294
12 9 3294
9 13 1169
13 9 1169
9 15 884
15 9 884
9 18 2400
18 9 2400
9 20 895
20 9 895
9 24 675
24 9 675
9 68 1456
68 9 1456
9 27 1518
27 9 1518
9 28 769
28 9 769
9 69 988
69 9 988
9 34 2956
34 9 2956
9 39 1316
39 9 1316
9 42 2524
42 9 2524
9 43 2409
43 9 2409
9 47 1660
47 9 1660
9 51 996
51 9 996
9 55 2061
55 9 2061
9 56 1782
56 9 1782
9 57 3410
57 9 3410
9 58 2785
58 9 2785
9 59 1659
59 9 1659
10 64 1366
64 10 1366
10 65 3202
65 10 3202
10 68 3025
68 10 3025
10 69 3574
69 10 3574
10 13 1330
13 10 1330
10 66 599
66 10 599
10 14 498
14 10 498
10 15 627
15 10 627
10 16 1032
16 10 1032
10 18 1717
18 10 1717
10 19 2977
19 10 2977
10 20 999
20 10 999
10 21 23
21 10 23
10 23 2365
23 10 2365
10 25 3040
25 10 3040
10 26 2415
26 10 2415
10 27 64
27 10 64
10 28 1411
28 10 1411
10 29 2961
29 10 2961
10 30 1131
30 10 1131
10 36 54
36 10 54
10 37 270
37 10 270
10 38 1563
38 10 1563
10 40 1679
40 10 1679
10 47 1558
47 10 1558
10 50 3517
50 10 3517
10 52 3387
52 10 3387
10 55 3512
55 10 3512
11 12 2557
12 11 2557
11 13 2505
13 11 2505
11 14 3450
14 11 3450
11 16 524
16 11 524
11 17 1446
17 11 1446
11 18 2784
18 11 2784
11 20 1406
20 11 1406
11 22 1337
22 11 1337
11 23 581
23 11 581
11 24 460
24 11 460
11 25 819
25 11 819
11 27 1875
27 11 1875
11 28 1226
28 11 1226
11 30 2920
30 11 2920
11 32 3116
32 11 3116
11 34 2270
34 11 2270
11 35 424
35 11 424
11 36 1045
36 11 1045
11 37 474
37 11 474
11 38 589
38 11 589
11 39 3209
39 11 3209
11 40 1633
40 11 1633
11 42 3592
42 11 3592
11 44 2107
44 11 2107
11 47 461
47 11 461
11 49 3518
49 11 3518
11 51 2949
51 11 2949
11 52 108
52 11 108
11 54 1043
54 11 1043
11 55 653
55 11 653
11 60 380
60 11 380
11 61 580
61 11 580
11 62 3212
62 11 3212
11 63 805
63 11 805
11 64 2796
64 11 2796
11 67 2424
67 11 2424
11 68 2477
68 11 2477
12 66 1754
66 12 1754
12 69 1023
69 12 1023
12 13 1657
13 12 1657
12 14 1611
14 12 1611
12 15 1338
15 12 1338
12 16 1669
16 12 1669
12 17 2294
17 12 2294
12 19 3228
19 12 3228
12 20 2319
20 12 2319
12 23 1612
23 12 1612
12 24 499
24 12 499
12 26 3293
26 12 3293
12 32 3334
32 12 3334
12 38 1865
38 12 1865
12 39 874
39 12 874
12 40 2300
40 12 2300
12 42 1834
42 12 1834
12 43 1275
43 12 1275
12 44 3107
44 12 3107
12 48 292
48 12 292
12 49 2608
49 12 2608
12 51 954
51 12 954
12 55 848
55 12 848
12 56 1953
56 12 1953
12 58 215
58 12 215
12 59 55
59 12 55
12 60 554
60 12 554
12 61 1562
61 12 1562
12 62 2546
62 12 2546
12 63 3525
63 12 3525
13 66 376
66 13 376
13 67 2926
67 13 2926
13 68 20
68 13 20
13 69 1627
69 13 1627
13 14 355
14 13 355
13 16 1044
16 13 1044
13 18 3519
18 13 3519
13 20 1991
20 13 1991
13 22 1518
22 13 1518
13 24 844
24 13 844
13 26 3249
26 13 3249
13 27 3109
27 13 3109
13 28 3594
28 13 3594
13 29 963
29 13 963
13 30 66
30 13 66
13 31 2685
31 13 2685
13 34 1176
34 13 1176
13 35 2125
35 13 2125
13 40 371
40 13 371
13 41 1242
41 13 1242
13 45 2820
45 13 2820
13 51 1927
51 13 1927
13 53 2530
53 13 2530
13 54 2044
54 13 2044
13 56 1959
56 13 1959
13 57 3136
57 13 3136
13 61 2329
61 13 2329
13 62 477
62 13 477
13 63 1481
63 13 1481
14 64 2132
64 14 2132
14 66 683
66 14 683
14 15 194
15 14 194
14 67 2837
67 14 2837
14 20 3062
20 14 3062
14 22 2640
22 14 2640
14 23 329
23 14 329
14 25 3400
25 14 3400
14 30 382
30 14 382
14 32 301
32 14 301
14 33 2489
33 14 2489
14 35 449
35 14 449
14 39 2934
39 14 2934
14 41 1757
41 14 1757
14 43 1878
43 14 1878
14 44 757
44 14 757
14 45 1909
45 14 1909
14 47 1731
47 14 1731
14 48 2422
48 14 2422
14 49 499
49 14 499
14 50 1604
50 14 1604
14 51 3514
51 14 3514
14 53 1810
53 14 1810
14 54 1867
54 14 1867
14 56 2900
56 14 2900
14 58 1089
58 14 1089
14 60 3108
60 14 3108
15 16 2538
16 15 2538
15 17 2373
17 15 2373
15 19 3308
19 15 3308
15 20 648
20 15 648
15 21 1000
21 15 1000
15 22 1878
22 15 1878
15 24 1811
24 15 1811
15 26 2614
26 15 2614
15 27 40
27 15 40
15 32 1271
32 15 1271
15 34 1197
34 15 1197
15 35 3508
35 15 3508
15 36 2522
36 15 2522
15 38 2381
38 15 2381
15 39 2734
39 15 2734
15 40 1551
40 15 1551
15 41 1205
41 15 1205
15 42 859
42 15 859
15 44 1505
44 15 1505
15 46 964
46 15 964
15 48 2915
48 15 2915
15 49 3536
49 15 3536
15 51 888
51 15 888
15 54 320
54 15 320
15 55 2067
55 15 2067
15 56 3371
56 15 3371
15 57 848
57 15 848
15 58 1578
58 15 1578
15 59 1751
59 15 1751
15 60 1906
60 15 1906
15 62 1415
62 15 1415
15 63 2846
63 15 2846
15 67 2730
67 15 2730
15 68 2008
68 15 2008
16 66 2915
66 16 2915
16 67 2986
67 16 2986
16 68 905
68 16 905
16 69 1359
69 16 1359
16 17 465
17 16 465
16 19 2330
19 16 2330
16 20 3179
20 16 3179
16 23 1999
23 16 1999
16 25 2923
25 16 2923
16 30 2508
30 16 2508
16 31 2550
31 16 2550
16 33 1122
33 16 1122
16 36 435
36 16 435
16 37 2028
37 16 2028
16 39 2972
39 16 2972
16 40 2852
40 16 2852
16 45 3268
45 16 3268
16 46 1679
46 16 1679
16 50 688
50 16 688
16 52 1393
52 16 1393
16 62 2968
62 16 2968
16 59 3414
59 16 3414
17 68 2863
68 17 2863
17 18 1634
18 17 1634
17 20 947
20 17 947
17 21 2863
21 17 2863
17 22 246
22 17 246
17 23 2789
23 17 2789
17 24 2545
24 17 2545
17 25 1416
25 17 1416
17 26 3476
26 17 3476
17 27 872
27 17 872
17 28 1458
28 17 1458
17 29 3262
29 17 3262
17 30 1842
30 17 1842
17 31 1880
31 17 1880
17 32 2909
32 17 2909
17 35 1295
35 17 1295
17 36 3345
36 17 3345
17 37 2653
37 17 2653
17 38 1026
38 17 1026
17 39 473
39 17 473
17 40 1402
40 17 1402
17 41 3061
41 17 3061
17 45 3272
45 17 3272
17 49 1056
49 17 1056
17 52 3163
52 17 3163
17 55 3340
55 17 3340
18 64 2863
64 18 2863
18 65 927
65 18 927
18 67 1134
67 18 1134
18 20 1070
20 18 1070
18 22 586
22 18 586
18 24 1745
24 18 1745
18 25 2145
25 18 2145
18 27 490
27 18 490
18 28 3266
28 18 3266
18 29 798
29 18 798
18 30 848
30 18 848
18 32 1622
32 18 1622
18 37 2581
37 18 2581
18 38 3363
38 18 3363
18 39 2983
39 18 2983
18 40 2848
40 18 2848
18 42 2304
42 18 2304
18 43 415
43 18 415
18 44 3418
44 18 3418
18 45 2864
45 18 2864
18 46 1992
46 18 1992
18 47 1066
47 18 1066
18 48 734
48 18 734
18 49 2985
49 18 2985
18 50 3255
50 18 3255
18 55 227
55 18 227
18 60 3109
60 18 3109
18 61 1235
61 18 1235
18 62 653
62 18 653
18 63 466
63 18 466
19 64 1134
64 19 1134
19 67 1207
67 19 1207
19 65 3266
65 19 3266
19 66 1197
66 19 1197
19 24 2236
24 19 2236
19 25 1859
25 19 1859
19 26 1704
26 19 1704
19 27 1723
27 19 1723
19 33 927
33 19 927
19 34 289
34 19 289
19 38 915
38 19 915
19 39 959
39 19 959
19 40 608
40 19 608
19 44 490
44 19 490
19 46 713
46 19 713
19 49 1899
49 19 1899
19 50 1486
50 19 1486
19 52 2147
52 19 2147
19 54 1662
54 19 1662
19 55 1125
55 19 1125
19 57 2423
57 19 2423
19 59 356
59 19 356
20 64 245
64 20 245
20 67 3014
67 20 3014
20 21 2756
21 20 2756
20 22 246
22 20 246
20 23 1780
23 20 1780
20 24 3487
24 20 3487
20 26 2200
26 20 2200
20 27 1887
27 20 1887
20 28 1515
28 20 1515
20 29 2979
29 20 2979
20 30 995
30 20 995
20 31 571
31 20 571
20 32 2880
32 20 2880
20 33 1758
33 20 1758
20 34 989
34 20 989
20 37 480
37 20 480
20 40 2280
40 20 2280
20 44 3438
44 20 3438
20 46 3614
46 20 3614
20 48 764
48 20 764
20 50 3478
50 20 3478
20 51 3356
51 20 3356
20 53 457
53 20 457
20 54 1714
54 20 1714
20 57 1265
57 20 1265
20 63 1934
63 20 1934
21 64 3465
64 21 3465
21 66 63
66 21 63
21 24 3239
24 21 3239
21 26 2083
26 21 2083
21 32 3493
32 21 3493
21 38 2106
38 21 2106
21 40 897
40 21 897
21 43 1707
43 21 1707
21 44 3084
44 21 3084
21 47 38
47 21 38
21 48 1068
48 21 1068
21 49 843
49 21 843
21 50 2636
50 21 2636
21 52 608
52 21 608
21 54 3252
54 21 3252
21 58 1163
58 21 1163
21 59 844
59 21 844
21 61 658
61 21 658
21 63 198
63 21 198
22 64 15
64 22 15
22 23 1286
23 22 1286
22 27 3421
27 22 3421
22 28 607
28 22 607
22 29 3066
29 22 3066
22 31 562
31 22 562
22 32 1797
32 22 1797
22 33 1152
33 22 1152
22 34 1729
34 22 1729
22 36 680
36 22 680
22 38 2977
38 22 2977
22 40 1694
40 22 1694
22 41 2122
41 22 2122
22 42 982
42 22 982
22 43 2346
43 22 2346
22 45 3304
45 22 3304
22 46 3293
46 22 3293
22 47 463
47 22 463
22 48 3055
48 22 3055
22 49 2093
49 22 2093
22 51 948
51 22 948
22 53 2926
53 22 2926
22 54 3564
54 22 3564
22 55 2262
55 22 2262
22 59 422
59 22 422
22 60 1430
60 22 1430
23 64 3137
64 23 3137
23 66 2741
66 23 2741
23 67 2689
67 23 2689
23 69 189
69 23 189
23 24 2100
24 23 2100
23 25 2099
25 23 2099
23 26 909
26 23 909
23 27 2537
27 23 2537
23 28 2518
28 23 2518
23 29 839
29 23 839
23 30 1951
30 23 1951
23 68 2605
68 23 2605
23 33 39
33 23 39
23 35 1898
35 23 1898
23 42 205
42 23 205
23 45 600
45 23 600
23 46 187
46 23 187
23 50 2254
50 23 2254
23 51 420
51 23 420
23 53 2767
53 23 2767
23 54 479
54 23 479
23 58 1275
58 23 1275
23 59 2597
59 23 2597
23 61 3440
61 23 3440
23 62 1005
62 23 1005
23 63 142
63 23 142
24 65 3096
65 24 3096
24 66 1182
66 24 1182
24 68 1486
68 24 1486
24 69 2098
69 24 2098
24 26 2393
26 24 2393
24 27 2998
27 24 2998
24 29 83
29 24 83
24 31 3151
31 24 3151
24 32 542
32 24 542
24 67 294
67 24 294
24 35 3551
35 24 3551
24 36 1898
36 24 1898
24 39 2803
39 24 2803
24 40 1852
40 24 1852
24 51 3618
51 24 3618
24 53 1868
53 24 1868
24 55 1167
55 24 1167
24 56 3186
56 24 3186
24 57 2964
57 24 2964
24 60 3578
60 24 3578
25 64 283
64 25 283
25 66 262
66 25 262
25 67 2810
67 25 2810
25 69 995
69 25 995
25 68 2786
68 25 2786
25 27 37
27 25 37
25 28 1867
28 25 1867
25 32 714
32 25 714
25 33 1393
33 25 1393
25 34 216
34 25 216
25 36 2828
36 25 2828
25 37 2157
37 25 2157
25 38 460
38 25 460
25 40 958
40 25 958
25 45 1262
45 25 1262
25 46 1061
46 25 1061
25 47 291
47 25 291
25 48 2426
48 25 2426
25 56 1375
56 25 1375
25 59 875
59 25 875
25 60 1913
60 25 1913
25 61 3354
61 25 3354
25 62 1066
62 25 1066
25 63 1018
63 25 1018
26 67 3113
67 26 3113
26 69 620
69 26 620
26 33 2115
33 26 2115
26 39 2216
39 26 2216
26 42 174
42 26 174
26 43 2219
43 26 2219
26 46 2425
46 26 2425
26 49 1582
49 26 1582
26 51 1520
51 26 1520
26 53 925
53 26 925
26 55 158
55 26 158
26 57 1369
57 26 1369
26 58 3016
58 26 3016
26 59 1112
59 26 1112
27 64 2908
64 27 2908
27 65 1811
65 27 1811
27 28 768
28 27 768
27 32 3046
32 27 3046
27 37 2238
37 27 2238
27 38 3260
38 27 3260
27 40 3333
40 27 3333
27 41 2775
41 27 2775
27 46 3558
46 27 3558
27 47 2024
47 27 2024
27 48 955
48 27 955
27 49 2961
49 27 2961
27 51 1483
51 27 1483
27 52 3133
52 27 3133
27 59 152
59 27 152
27 60 2336
60 27 2336
27 61 657
61 27 657
27 63 2337
63 27 2337
28 69 1285
69 28 1285
28 67 1915
67 28 1915
28 29 3127
29 28 3127
28 34 2621
34 28 2621
28 35 1120
35 28 1120
28 39 2598
39 28 2598
28 40 275
40 28 275
28 41 1011
41 28 1011
28 42 703
42 28 703
28 43 664
43 28 664
28 31 428
31 28 428
28 47 3188
47 28 3188
28 51 2520
51 28 2520
28 53 1266
53 28 1266
28 54 226
54 28 226
28 55 646
55 28 646
28 59 1666
59 28 1666
28 60 1729
60 28 1729
28 63 3582
63 28 3582
29 64 3433
64 29 3433
29 65 1804
65 29 1804
29 30 1102
30 29 1102
29 31 92
31 29 92
29 32 3020
32 29 3020
29 34 1964
34 29 1964
29 37 2087
37 29 2087
29 38 2600
38 29 2600
29 39 1324
39 29 1324
29 42 3364
42 29 3364
29 45 945
45 29 945
29 46 514
46 29 514
29 50 1771
50 29 1771
29 51 3088
51 29 3088
29 52 3556
52 29 3556
29 60 2966
60 29 2966
29 63 2627
63 29 2627
30 66 3077
66 30 3077
30 69 917
69 30 917
30 65 2079
65 30 2079
30 32 1554
32 30 1554
30 34 3180
34 30 3180
30 35 3458
35 30 3458
30 37 1485
37 30 1485
30 39 3368
39 30 3368
30 40 2517
40 30 2517
30 46 321
46 30 321
30 47 278
47 30 278
30 48 1764
48 30 1764
30 50 2980
50 30 2980
30 51 292
51 30 292
30 53 840
53 30 840
30 54 1615
54 30 1615
30 55 1383
55 30 1383
30 58 438
58 30 438
30 59 799
59 30 799
30 62 2322
62 30 2322
30 63 58
63 30 58
31 64 1686
64 31 1686
31 65 2018
65 31 2018
31 66 2564
66 31 2564
31 69 1587
69 31 1587
31 33 2683
33 31 2683
31 36 1057
36 31 1057
31 37 2915
37 31 2915
31 38 1158
38 31 1158
31 39 2247
39 31 2247
31 42 2916
42 31 2916
31 46 2792
46 31 2792
31 47 1247
47 31 1247
31 49 1874
49 31 1874
31 50 1634
50 31 1634
31 52 995
52 31 995
31 53 2409
53 31 2409
31 54 1811
54 31 1811
31 57 668
57 31 668
31 58 1912
58 31 1912
31 59 3202
59 31 3202
31 62 1122
62 31 1122
31 63 3518
63 31 3518
32 64 1641
64 32 1641
32 66 1397
66 32 1397
32 34 2853
34 32 2853
32 40 2281
40 32 2281
32 45 3368
45 32 3368
32 51 2944
51 32 2944
32 52 1032
52 32 1032
32 55 527
55 32 527
32 56 2682
56 32 2682
32 59 1925
59 32 1925
32 60 1241
60 32 1241
32 61 2629
61 32 2629
32 62 413
62 32 413
32 63 767
63 32 767
33 35 1151
35 33 1151
33 37 574
37 33 574
33 38 33
38 33 33
33 39 2284
39 33 2284
33 43 3141
43 33 3141
33 44 1358
44 33 1358
33 47 3217
47 33 3217
33 48 169
48 33 169
33 49 3500
49 33 3500
33 50 2819
50 33 2819
33 51 1184
51 33 1184
33 53 2267
53 33 2267
33 54 1874
54 33 1874
33 57 311
57 33 311
33 58 296
58 33 296
33 62 1469
62 33 1469
33 63 978
63 33 978
34 64 3313
64 34 3313
34 67 14
67 34 14
34 68 695
68 34 695
34 35 2248
35 34 2248
34 38 975
38 34 975
34 43 1538
43 34 1538
34 45 3461
45 34 3461
34 46 2909
46 34 2909
34 48 155
48 34 155
34 50 64
50 34 64
34 52 1619
52 34 1619
34 53 3544
53 34 3544
34 58 1514
58 34 1514
34 60 247
60 34 247
34 62 284
62 34 284
34 63 2359
63 34 2359
35 66 1127
66 35 1127
35 69 2122
69 35 2122
35 65 1093
65 35 1093
35 64 553
64 35 553
35 36 2366
36 35 2366
35 37 2185
37 35 2185
35 40 700
40 35 700
35 41 1693
41 35 1693
35 49 2969
49 35 2969
35 53 3374
53 35 3374
35 55 3066
55 35 3066
35 57 1149
57 35 1149
35 58 2392
58 35 2392
35 60 1570
60 35 1570
35 61 1993
61 35 1993
36 66 164
66 36 164
36 68 73
68 36 73
36 69 2011
69 36 2011
36 37 544
37 36 544
36 39 1769
39 36 1769
36 41 2564
41 36 2564
36 42 3546
42 36 3546
36 49 1039
49 36 1039
36 51 46
51 36 46
36 53 3468
53 36 3468
36 54 2353
54 36 2353
36 55 47
55 36 47
36 56 2421
56 36 2421
36 58 53
58 36 53
36 60 2462
60 36 2462
36 61 2171
61 36 2171
37 64 3360
64 37 3360
37 66 3559
66 37 3559
37 68 10
68 37 10
37 38 1822
38 37 1822
37 41 3165
41 37 3165
37 43 2781
43 37 2781
37 44 1018
44 37 1018
37 45 2265
45 37 2265
37 49 631
49 37 631
37 50 2645
50 37 2645
37 53 2250
53 37 2250
37 55 843
55 37 843
37 56 2879
56 37 2879
37 57 410
57 37 410
37 58 3113
58 37 3113
37 60 2594
60 37 2594
37 61 714
61 37 714
37 62 3159
62 37 3159
38 68 3276
68 38 3276
38 65 424
65 38 424
38 67 3333
67 38 3333
38 69 1479
69 38 1479
38 40 2462
40 38 2462
38 42 220
42 38 220
38 46 240
46 38 240
38 50 79
50 38 79
38 52 2502
52 38 2502
38 54 1065
54 38 1065
38 55 58
55 38 58
38 56 57
56 38 57
38 58 523
58 38 523
38 60 2344
60 38 2344
38 61 1079
61 38 1079
39 65 2636
65 39 2636
39 67 1685
67 39 1685
39 69 3382
69 39 3382
39 42 3188
42 39 3188
39 44 1664
44 39 1664
39 45 3513
45 39 3513
39 46 1263
46 39 1263
39 48 3028
48 39 3028
39 49 2955
49 39 2955
39 51 2287
51 39 2287
39 53 117
53 39 117
39 58 3490
58 39 3490
39 59 280
59 39 280
39 61 3620
61 39 3620
39 62 3131
62 39 3131
40 65 2849
65 40 2849
40 67 2659
67 40 2659
40 68 1583
68 40 1583
40 42 1501
42 40 1501
40 44 1389
44 40 1389
40 45 1958
45 40 1958
40 46 2570
46 40 2570
40 48 1273
48 40 1273
40 49 6
49 40 6
40 54 2300
54 40 2300
40 57 2785
57 40 2785
40 58 3598
58 40 3598
40 60 3446
60 40 3446
40 61 1276
61 40 1276
40 62 2771
62 40 2771
41 64 1414
64 41 1414
41 66 82
66 41 82
41 69 38
69 41 38
41 68 2756
68 41 2756
41 42 1757
42 41 1757
41 43 3460
43 41 3460
41 44 3512
44 41 3512
41 45 68
45 41 68
41 49 3601
49 41 3601
41 50 45
50 41 45
41 51 2288
51 41 2288
41 52 3476
52 41 3476
41 54 60
54 41 60
41 55 987
55 41 987
41 57 2472
57 41 2472
41 60 1848
60 41 1848
41 61 2243
61 41 2243
41 62 234
62 41 234
41 63 2177
63 41 2177
42 64 1721
64 42 1721
42 65 2719
65 42 2719
42 66 3406
66 42 3406
42 67 2956
67 42 2956
42 43 2795
43 42 2795
42 45 1337
45 42 1337
42 47 2515
47 42 2515
42 52 2078
52 42 2078
42 53 3430
53 42 3430
42 54 1395
54 42 1395
42 55 1350
55 42 1350
42 59 2281
59 42 2281
42 60 1578
60 42 1578
43 64 2443
64 43 2443
43 66 2049
66 43 2049
43 67 566
67 43 566
43 68 3135
68 43 3135
43 44 3096
44 43 3096
43 46 3532
46 43 3532
43 48 1711
48 43 1711
43 49 215
49 43 215
43 50 1202
50 43 1202
43 52 419
52 43 419
43 53 2912
53 43 2912
43 55 3164
55 43 3164
43 56 709
56 43 709
43 59 1679
59 43 1679
43 60 344
60 43 344
43 61 1235
61 43 1235
44 64 2939
64 44 2939
44 65 522
65 44 522
44 66 334
66 44 334
44 68 996
68 44 996
44 47 1259
47 44 1259
44 48 2070
48 44 2070
44 50 1968
50 44 1968
44 52 1656
52 44 1656
44 53 62
53 44 62
44 60 2906
60 44 2906
44 61 638
61 44 638
44 62 1391
62 44 1391
44 63 2428
63 44 2428
45 64 44
64 45 44
45 66 1815
66 45 1815
45 67 3485
67 45 3485
45 47 2494
47 45 2494
45 49 1779
49 45 1779
45 51 1474
51 45 1474
45 53 3500
53 45 3500
45 57 2155
57 45 2155
45 59 2770
59 45 2770
45 60 1100
60 45 1100
45 61 2306
61 45 2306
45 63 2012
63 45 2012
46 66 2881
66 46 2881
46 68 340
68 46 340
46 69 2118
69 46 2118
46 47 2446
47 46 2446
46 48 1165
48 46 1165
46 50 732
50 46 732
46 53 873
53 46 873
46 54 1445
54 46 1445
46 57 3103
57 46 3103
46 62 1686
62 46 1686
47 65 1454
65 47 1454
47 67 793
67 47 793
47 68 68
68 47 68
47 69 2085
69 47 2085
47 49 399
49 47 399
47 51 2096
51 47 2096
47 52 689
52 47 689
47 55 2251
55 47 2251
47 56 1006
56 47 1006
47 60 2319
60 47 2319
47 62 3540
62 47 3540
48 64 921
64 48 921
48 66 1441
66 48 1441
48 67 1904
67 48 1904
48 68 549
68 48 549
48 49 1507
49 48 1507
48 50 2621
50 48 2621
48 52 3259
52 48 3259
48 53 2908
53 48 2908
48 54 1194
54 48 1194
48 55 1088
55 48 1088
48 56 2843
56 48 2843
48 58 3370
58 48 3370
48 60 2176
60 48 2176
48 61 2881
61 48 2881
49 64 212
64 49 212
49 66 1186
66 49 1186
49 67 3231
67 49 3231
49 51 2413
51 49 2413
49 52 2770
52 49 2770
49 54 241
54 49 241
49 59 2159
59 49 2159
49 60 482
60 49 482
49 61 23
61 49 23
49 62 457
62 49 457
50 64 2796
64 50 2796
50 68 1422
68 50 1422
50 69 2795
69 50 2795
50 51 2288
51 50 2288
50 52 1741
52 50 1741
50 53 3614
53 50 3614
50 54 198
54 50 198
50 56 953
56 50 953
50 62 1435
62 50 1435
50 63 2262
63 50 2262
51 64 1670
64 51 1670
51 69 1528
69 51 1528
51 65 878
65 51 878
51 68 1778
68 51 1778
51 52 854
52 51 854
51 54 1114
54 51 1114
51 56 3571
56 51 3571
51 58 3002
58 51 3002
51 59 2809
59 51 2809
51 60 2012
60 51 2012
51 62 1302
62 51 1302
51 63 2790
63 51 2790
52 67 3061
67 52 3061
52 68 3057
68 52 3057
52 69 3449
69 52 3449
52 53 3404
53 52 3404
52 55 1827
55 52 1827
52 58 3511
58 52 3511
52 61 2688
61 52 2688
52 62 3284
62 52 3284
52 65 3027
65 52 3027
53 64 3597
64 53 3597
53 68 1739
68 53 1739
53 57 3540
57 53 3540
53 58 3546
58 53 3546
53 60 3386
60 53 3386
53 63 1861
63 53 1861
54 66 306
66 54 306
54 69 3316
69 54 3316
54 67 2261
67 54 2261
54 56 3080
56 54 3080
54 63 2357
63 54 2357
55 65 640
65 55 640
55 66 1429
66 55 1429
55 68 2782
68 55 2782
55 64 769
64 55 769
55 59 1671
59 55 1671
55 60 918
60 55 918
55 61 1257
61 55 1257
55 62 2879
62 55 2879
55 63 1203
63 55 1203
56 64 334
64 56 334
56 66 2502
66 56 2502
56 67 3425
67 56 3425
56 68 1555
68 56 1555
56 69 23
69 56 23
56 57 876
57 56 876
56 60 391
60 56 391
56 61 3169
61 56 3169
56 62 2125
62 56 2125
56 63 2442
63 56 2442
57 67 352
67 57 352
57 58 1845
58 57 1845
57 61 3499
61 57 3499
57 62 538
62 57 538
57 63 2479
63 57 2479
58 67 3070
67 58 3070
58 59 80
59 58 80
58 62 364
62 58 364
59 66 3556
66 59 3556
59 68 2767
68 59 2767
59 60 2814
60 59 2814
59 61 2181
61 59 2181
60 64 476
64 60 476
60 66 3173
66 60 3173
60 69 3435
69 60 3435
60 63 2531
63 60 2531
60 67 216
67 60 216
60 65 382
65 60 382
61 64 569
64 61 569
61 65 240
65 61 240
61 67 823
67 61 823
61 62 2777
62 61 2777
61 63 1326
63 61 1326
62 68 3273
68 62 3273
62 66 2631
66 62 2631
62 67 2843
67 62 2843
62 69 162
69 62 162
62 64 162
64 62 162
63 66 3250
66 63 3250
63 67 2116
67 63 2116
63 68 2409
68 63 2409
63 65 2568
65 63 2568
64 66 2129
66 64 2129
64 67 2203
67 64 2203
64 68 2808
68 64 2808
64 69 456
69 64 456
65 66 3490
66 65 3490
65 69 540
69 65 540
65 67 3060
67 65 3060
66 67 211
67 66 211
66 68 1580
68 66 1580
68 69 2320
69 68 2320
