30 652 1
0 1 866
1 0 866
0 3 881
3 0 881
0 5 251
5 0 251
0 6 381
6 0 381
0 8 65
8 0 65
0 9 91
9 0 91
0 10 716
10 0 716
0 12 90
12 0 90
0 14 608
14 0 608
0 15 333
15 0 333
0 18 916
18 0 916
0 19 628
19 0 628
0 20 198
20 0 198
0 21 550
21 0 550
0 22 966
22 0 966
0 23 179
23 0 179
0 24 213
24 0 213
0 26 455
26 0 455
0 27 418
27 0 418
0 29 634
29 0 634
1 3 939
3 1 939
1 4 20
4 1 20
1 5 79
5 1 79
1 6 853
6 1 853
1 7 210
7 1 210
1 8 719
8 1 719
1 9 443
9 1 443
1 11 550
11 1 550
1 12 87
12 1 87
1 13 452
13 1 452
1 14 105
14 1 105
1 15 922
15 1 922
1 17 62
17 1 62
1 19 314
19 1 314
1 20 556
20 1 556
1 21 206
21 1 206
1 22 563
22 1 563
1 23 37
23 1 37
1 24 640
24 1 640
1 25 859
25 1 859
1 26 601
26 1 601
1 27 340
27 1 340
1 28 891
28 1 891
1 29 323
29 1 323
2 5 724
5 2 724
2 6 603
6 2 603
2 12 761
12 2 761
2 14 565
14 2 565
2 15 709
15 2 709
2 16 922
16 2 922
2 17 847
17 2 847
2 18 108
18 2 108
2 19 248
19 2 248
2 21 743
21 2 743
2 22 431
22 2 431
2 23 520
23 2 520
2 24 382
24 2 382
2 25 160
25 2 160
2 26 375
26 2 375
2 27 924
27 2 924
3 4 196
4 3 196
3 5 66
5 3 66
3 6 795
6 3 795
3 7 690
7 3 690
3 8 290
8 3 290
3 9 357
9 3 357
3 11 936
11 3 936
3 12 540
12 3 540
3 13 939
13 3 939
3 15 90
15 3 90
3 16 697
16 3 697
3 17 931
17 3 931
3 18 937
18 3 937
3 19 330
19 3 330
3 20 803
20 3 803
3 21 653
21 3 653
3 22 95
22 3 95
3 23 805
23 3 805
3 25 399
25 3 399
3 28 528
28 3 528
3 29 675
29 3 675
4 5 600
5 4 600
4 6 356
6 4 356
4 7 800
7 4 800
4 9 370
9 4 370
4 10 67
10 4 67
4 12 6
12 4 6
4 13 457
13 4 457
4 15 263
15 4 263
4 16 642
16 4 642
4 17 600
17 4 600
4 18 599
18 4 599
4 19 704
19 4 704
4 20 747
20 4 747
4 22 741
22 4 741
4 23 634
23 4 634
4 24 378
24 4 378
4 26 925
26 4 925
4 27 399
27 4 399
4 28 600
28 4 600
4 29 44
29 4 44
5 6 229
6 5 229
5 8 7
8 5 7
5 10 324
10 5 324
5 12 271
12 5 271
5 13 791
13 5 791
5 14 316
14 5 316
5 16 178
16 5 178
5 17 280
17 5 280
5 18 897
18 5 897
5 20 274
20 5 274
5 21 397
21 5 397
5 22 872
22 5 872
5 23 13
23 5 13
5 25 324
25 5 324
5 29 932
29 5 932
6 7 59
7 6 59
6 9 181
9 6 181
6 10 491
10 6 491
6 12 706
12 6 706
6 13 83
13 6 83
6 15 399
15 6 399
6 17 117
17 6 117
6 18 303
18 6 303
6 19 714
19 6 714
6 20 605
20 6 605
6 24 24
24 6 24
6 25 13
25 6 13
6 26 1
26 6 1
6 27 601
27 6 601
6 28 96
28 6 96
6 29 841
29 6 841
7 8 727
8 7 727
7 9 620
9 7 620
7 11 712
11 7 712
7 12 149
12 7 149
7 13 573
13 7 573
7 14 5
14 7 5
7 15 133
15 7 133
7 16 747
16 7 747
7 17 361
17 7 361
7 18 545
18 7 545
7 19 172
19 7 172
7 21 783
21 7 783
7 22 7
22 7 7
7 24 574
24 7 574
7 26 371
26 7 371
7 27 731
27 7 731
7 29 8
29 7 8
8 9 474
9 8 474
8 10 976
10 8 976
8 12 834
12 8 834
8 13 853
13 8 853
8 14 919
14 8 919
8 16 963
16 8 963
8 19 56
19 8 56
8 20 163
20 8 163
8 21 794
21 8 794
8 23 632
23 8 632
8 25 470
25 8 470
8 26 969
26 8 969
8 27 655
27 8 655
8 28 123
28 8 123
8 29 448
29 8 448
9 10 220
10 9 220
9 11 763
11 9 763
9 12 131
12 9 131
9 13 599
13 9 599
9 14 186
14 9 186
9 15 511
15 9 511
9 16 650
16 9 650
9 18 390
18 9 390
9 20 162
20 9 162
9 23 472
23 9 472
9 24 755
24 9 755
9 26 298
26 9 298
9 27 514
27 9 514
9 28 529
28 9 529
9 29 14
29 9 14
10 11 635
11 10 635
10 14 146
14 10 146
10 15 516
15 10 516
10 17 285
17 10 285
10 19 910
19 10 910
10 20 602
20 10 602
10 21 247
21 10 247
10 22 598
22 10 598
10 23 704
23 10 704
10 24 122
24 10 122
10 26 968
26 10 968
10 27 322
27 10 322
10 29 11
29 10 11
11 12 789
12 11 789
11 13 959
13 11 959
11 15 863
15 11 863
11 16 963
16 11 963
11 17 651
17 11 651
11 18 59
18 11 59
11 19 252
19 11 252
11 20 22
20 11 22
11 22 80
22 11 80
11 23 716
23 11 716
11 24 617
24 11 617
11 25 643
25 11 643
11 27 951
27 11 951
11 28 47
28 11 47
11 29 917
29 11 917
12 13 909
13 12 909
12 15 831
15 12 831
12 16 123
16 12 123
12 17 666
17 12 666
12 19 741
19 12 741
12 22 833
22 12 833
12 23 776
23 12 776
12 24 861
24 12 861
12 26 722
26 12 722
12 27 698
27 12 698
12 28 796
28 12 796
12 29 461
29 12 461
13 14 537
14 13 537
13 16 613
16 13 613
13 17 373
17 13 373
13 18 189
18 13 189
13 19 498
19 13 498
13 20 358
20 13 358
13 21 599
21 13 599
13 22 259
22 13 259
13 24 840
24 13 840
13 26 250
26 13 250
13 27 158
27 13 158
13 28 737
28 13 737
13 29 202
29 13 202
14 15 215
15 14 215
14 16 760
16 14 760
14 17 130
17 14 130
14 19 426
19 14 426
14 20 398
20 14 398
14 23 202
23 14 202
14 24 320
24 14 320
14 25 355
25 14 355
14 26 291
26 14 291
14 27 903
27 14 903
14 28 176
28 14 176
14 29 18
29 14 18
15 16 226
16 15 226
15 18 732
18 15 732
15 20 677
20 15 677
15 22 597
22 15 597
15 23 64
23 15 64
15 24 576
24 15 576
15 25 838
25 15 838
15 26 537
26 15 537
15 27 787
27 15 787
15 28 925
28 15 925
15 29 553
29 15 553
16 17 478
17 16 478
16 19 891
19 16 891
16 20 860
20 16 860
16 21 481
21 16 481
16 22 414
22 16 414
16 23 566
23 16 566
16 24 908
24 16 908
16 26 162
26 16 162
16 27 919
27 16 919
16 28 760
28 16 760
16 29 393
29 16 393
17 20 100
20 17 100
17 22 907
22 17 907
17 23 146
23 17 146
17 24 776
24 17 776
17 26 797
26 17 797
17 28 101
28 17 101
17 29 396
29 17 396
18 19 667
19 18 667
18 20 572
20 18 572
18 21 789
21 18 789
18 22 358
22 18 358
18 23 351
23 18 351
18 24 65
24 18 65
18 25 248
25 18 248
18 26 341
26 18 341
18 27 4
27 18 4
19 20 645
20 19 645
19 22 763
22 19 763
19 23 450
23 19 450
19 24 747
24 19 747
19 25 97
25 19 97
19 26 517
26 19 517
19 27 149
27 19 149
19 28 176
28 19 176
19 29 454
29 19 454
20 21 810
21 20 810
20 22 733
22 20 733
20 23 554
23 20 554
20 24 812
24 20 812
20 25 868
25 20 868
20 26 278
26 20 278
20 28 896
28 20 896
20 29 128
29 20 128
21 23 243
23 21 243
21 24 646
24 21 646
21 26 324
26 21 324
21 27 770
27 21 770
21 29 450
29 21 450
22 23 521
23 22 521
22 24 690
24 22 690
22 25 591
25 22 591
22 26 188
26 22 188
22 27 775
27 22 775
22 28 346
28 22 346
22 29 222
29 22 222
23 24 181
24 23 181
23 25 594
25 23 594
23 26 673
26 23 673
23 28 892
28 23 892
23 29 864
29 23 864
24 25 352
25 24 352
24 28 930
28 24 930
25 26 916
26 25 916
25 27 149
27 25 149
25 28 108
28 25 108
25 29 327
29 25 327
26 28 431
28 26 431
26 29 519
29 26 519
27 28 637
28 27 637
28 29 189
29 28 189
