15 104 8
0 1 83
1 0 83
0 2 42
2 0 42
0 3 72
3 0 72
0 8 70
8 0 70
0 12 82
12 0 82
0 14 59
14 0 59
1 6 1
6 1 1
1 7 121
7 1 121
1 8 1
8 1 1
1 10 135
10 1 135
1 11 95
11 1 95
1 14 125
14 1 125
2 3 46
3 2 46
2 4 76
4 2 76
2 7 68
7 2 68
2 9 148
9 2 148
2 11 49
11 2 49
2 12 6
12 2 6
3 4 116
4 3 116
3 8 43
8 3 43
3 9 84
9 3 84
3 11 49
11 3 49
3 12 40
12 3 40
3 14 43
14 3 43
4 5 146
5 4 146
4 6 54
6 4 54
4 7 49
7 4 49
4 8 79
8 4 79
5 10 91
10 5 91
5 11 38
11 5 38
6 7 103
7 6 103
6 8 56
8 6 56
6 10 147
10 6 147
6 11 152
11 6 152
6 14 113
14 6 113
7 8 16
8 7 16
7 9 122
9 7 122
7 10 14
10 7 14
8 9 117
9 8 117
8 10 122
10 8 122
8 11 128
11 8 128
8 14 151
14 8 151
9 10 132
10 9 132
9 11 24
11 9 24
9 12 57
12 9 57
9 13 144
13 9 144
10 12 102
12 10 102
10 13 138
13 10 138
10 14 64
14 10 64
12 13 27
13 12 27
12 14 17
14 12 17
13 14 135
14 13 135
