20 190 14
0 17 8
17 0 8
0 2 72
2 0 72
0 6 191
6 0 191
0 9 136
9 0 136
0 10 98
10 0 98
0 13 255
13 0 255
0 14 128
14 0 128
0 15 254
15 0 254
1 16 94
16 1 94
1 3 190
3 1 190
1 18 49
18 1 49
1 19 129
19 1 129
1 5 208
5 1 208
1 17 268
17 1 268
1 9 221
9 1 221
1 10 19
10 1 19
1 13 118
13 1 118
1 14 65
14 1 65
1 15 59
15 1 59
2 3 103
3 2 103
2 19 231
19 2 231
2 4 58
4 2 58
2 7 204
7 2 204
2 9 11
9 2 11
2 11 264
11 2 264
2 12 265
12 2 265
2 13 22
13 2 22
3 17 146
17 3 146
3 18 141
18 3 141
3 4 190
4 3 190
3 8 86
8 3 86
3 11 81
11 3 81
3 13 84
13 3 84
3 15 72
15 3 72
4 17 249
17 4 249
4 11 234
11 4 234
4 8 263
8 4 263
4 9 255
9 4 255
4 18 199
18 4 199
4 13 185
13 4 185
4 14 87
14 4 87
4 15 158
15 4 158
5 16 194
16 5 194
5 17 122
17 5 122
5 18 42
18 5 42
5 19 181
19 5 181
5 6 238
6 5 238
5 10 150
10 5 150
5 11 212
11 5 212
5 14 72
14 5 72
6 16 174
16 6 174
6 18 133
18 6 133
6 19 28
19 6 28
6 10 79
10 6 79
6 13 211
13 6 211
6 14 116
14 6 116
6 15 111
15 6 111
7 16 234
16 7 234
7 19 224
19 7 224
7 8 91
8 7 91
7 10 26
10 7 26
7 13 157
13 7 157
7 14 72
14 7 72
7 15 167
15 7 167
8 16 27
16 8 27
8 17 254
17 8 254
8 9 112
9 8 112
8 12 142
12 8 142
8 13 187
13 8 187
8 14 136
14 8 136
9 16 251
16 9 251
9 19 200
19 9 200
9 10 125
10 9 125
9 11 237
11 9 237
9 15 191
15 9 191
10 14 211
14 10 211
10 15 107
15 10 107
10 16 278
16 10 278
10 17 189
17 10 189
10 18 119
18 10 119
10 19 200
19 10 200
11 19 159
19 11 159
11 17 161
17 11 161
11 18 195
18 11 195
11 12 218
12 11 218
11 13 236
13 11 236
11 15 108
15 11 108
12 17 36
17 12 36
13 14 207
14 13 207
13 15 200
15 13 200
13 16 48
16 13 48
13 19 153
19 13 153
14 15 151
15 14 151
17 19 195
19 17 195
17 18 198
18 17 198
