50 1224 19
0 1 1206
1 0 1206
0 4 601
4 0 601
0 6 142
6 0 142
0 7 1314
7 0 1314
0 9 187
9 0 187
0 11 636
11 0 636
0 12 1616
12 0 1616
0 13 1185
13 0 1185
0 14 1029
14 0 1029
0 15 1194
15 0 1194
0 17 521
17 0 521
0 19 1726
19 0 1726
0 20 1282
20 0 1282
0 21 1624
21 0 1624
0 22 853
22 0 853
0 25 810
25 0 810
0 26 945
26 0 945
0 27 562
27 0 562
0 29 1214
29 0 1214
0 31 69
31 0 69
0 32 871
32 0 871
0 33 133
33 0 133
0 36 1477
36 0 1477
0 37 1302
37 0 1302
0 40 763
40 0 763
0 42 966
42 0 966
0 43 1640
43 0 1640
0 45 767
45 0 767
0 46 1210
46 0 1210
0 48 504
48 0 504
1 6 125
6 1 125
1 7 530
7 1 530
1 9 489
9 1 489
1 11 1026
11 1 1026
1 12 1736
12 1 1736
1 13 494
13 1 494
1 14 1048
14 1 1048
1 15 1382
15 1 1382
1 17 932
17 1 932
1 20 1594
20 1 1594
1 21 1431
21 1 1431
1 23 482
23 1 482
1 24 908
24 1 908
1 27 175
27 1 175
1 29 1749
29 1 1749
1 32 74
32 1 74
1 34 1090
34 1 1090
1 40 489
40 1 489
1 41 1557
41 1 1557
1 44 1577
44 1 1577
1 47 125
47 1 125
1 48 443
48 1 443
2 4 1028
4 2 1028
2 8 154
8 2 154
2 9 654
9 2 654
2 10 638
10 2 638
2 11 1539
11 2 1539
2 12 482
12 2 482
2 13 1261
13 2 1261
2 14 1360
14 2 1360
2 15 734
15 2 734
2 16 731
16 2 731
2 18 458
18 2 458
2 20 1501
20 2 1501
2 22 253
22 2 253
2 23 1387
23 2 1387
2 24 284
24 2 284
2 26 1392
26 2 1392
2 27 1522
27 2 1522
2 28 349
28 2 349
2 29 1276
29 2 1276
2 32 530
32 2 530
2 33 58
33 2 58
2 34 639
34 2 639
2 37 72
37 2 72
2 39 836
39 2 836
2 40 776
40 2 776
2 41 1191
41 2 1191
2 42 1190
42 2 1190
2 44 875
44 2 875
2 48 1582
48 2 1582
3 32 351
32 3 351
3 43 23
43 3 23
3 36 1119
36 3 1119
3 5 473
5 3 473
3 6 608
6 3 608
3 39 497
39 3 497
3 40 1806
40 3 1806
3 42 255
42 3 255
3 7 1792
7 3 1792
3 13 449
13 3 449
3 14 1022
14 3 1022
3 16 342
16 3 342
3 11 884
11 3 884
3 19 1660
19 3 1660
3 21 624
21 3 624
3 23 439
23 3 439
3 25 1440
25 3 1440
4 5 185
5 4 185
4 6 325
6 4 325
4 7 602
7 4 602
4 9 1162
9 4 1162
4 10 342
10 4 342
4 11 937
11 4 937
4 12 32
12 4 32
4 13 691
13 4 691
4 19 1238
19 4 1238
4 21 1204
21 4 1204
4 22 1479
22 4 1479
4 23 268
23 4 268
4 24 1080
24 4 1080
4 26 1006
26 4 1006
4 29 416
29 4 416
4 30 1658
30 4 1658
4 31 960
31 4 960
4 33 491
33 4 491
4 35 1367
35 4 1367
4 36 1700
36 4 1700
4 38 1095
38 4 1095
4 41 705
41 4 705
4 44 1690
44 4 1690
4 45 1589
45 4 1589
4 46 1206
46 4 1206
4 47 1349
47 4 1349
4 48 665
48 4 665
4 49 1758
49 4 1758
5 6 1600
6 5 1600
5 7 976
7 5 976
5 8 447
8 5 447
5 9 765
9 5 765
5 10 1824
10 5 1824
5 11 350
11 5 350
5 12 1
12 5 1
5 13 1126
13 5 1126
5 15 257
15 5 257
5 20 701
20 5 701
5 21 1208
21 5 1208
5 24 250
24 5 250
5 25 1775
25 5 1775
5 26 332
26 5 332
5 27 466
27 5 466
5 28 788
28 5 788
5 31 519
31 5 519
5 32 33
32 5 33
5 34 29
34 5 29
5 35 1328
35 5 1328
5 37 1809
37 5 1809
5 39 59
39 5 59
5 41 1023
41 5 1023
5 44 1037
44 5 1037
5 47 522
47 5 522
5 48 780
48 5 780
5 49 1549
49 5 1549
6 7 1192
7 6 1192
6 10 1157
10 6 1157
6 11 805
11 6 805
6 13 790
13 6 790
6 14 1486
14 6 1486
6 17 1301
17 6 1301
6 20 726
20 6 726
6 22 1244
22 6 1244
6 25 1320
25 6 1320
6 28 10
28 6 10
6 31 191
31 6 191
6 32 613
32 6 613
6 35 1102
35 6 1102
6 38 156
38 6 156
6 40 1133
40 6 1133
6 44 578
44 6 578
6 46 400
46 6 400
6 48 1089
48 6 1089
7 10 827
10 7 827
7 12 681
12 7 681
7 15 932
15 7 932
7 21 839
21 7 839
7 22 1139
22 7 1139
7 23 1293
23 7 1293
7 25 1823
25 7 1823
7 28 1758
28 7 1758
7 34 1602
34 7 1602
7 35 1483
35 7 1483
7 36 1274
36 7 1274
7 37 1607
37 7 1607
7 39 135
39 7 135
7 41 120
41 7 120
7 42 1325
42 7 1325
7 45 88
45 7 88
7 46 984
46 7 984
7 49 1617
49 7 1617
8 10 95
10 8 95
8 11 1161
11 8 1161
8 12 1179
12 8 1179
8 13 1617
13 8 1617
8 14 340
14 8 340
8 16 468
16 8 468
8 18 322
18 8 322
8 20 1710
20 8 1710
8 21 472
21 8 472
8 22 786
22 8 786
8 26 742
26 8 742
8 27 552
27 8 552
8 32 1113
32 8 1113
8 33 1671
33 8 1671
8 34 488
34 8 488
8 35 1458
35 8 1458
8 36 416
36 8 416
8 37 581
37 8 581
8 38 130
38 8 130
8 39 410
39 8 410
8 40 47
40 8 47
8 43 1824
43 8 1824
8 44 886
44 8 886
8 45 1592
45 8 1592
8 46 712
46 8 712
8 49 1766
49 8 1766
9 10 737
10 9 737
9 11 1381
11 9 1381
9 12 336
12 9 336
9 13 73
13 9 73
9 15 1132
15 9 1132
9 17 1308
17 9 1308
9 19 1350
19 9 1350
9 20 175
20 9 175
9 22 723
22 9 723
9 27 639
27 9 639
9 28 197
28 9 197
9 30 647
30 9 647
9 31 658
31 9 658
9 38 213
38 9 213
9 40 1469
40 9 1469
9 42 1501
42 9 1501
9 43 96
43 9 96
9 47 1424
47 9 1424
10 11 1363
11 10 1363
10 15 1650
15 10 1650
10 17 1234
17 10 1234
10 20 188
20 10 188
10 22 500
22 10 500
10 23 964
23 10 964
10 24 373
24 10 373
10 26 576
26 10 576
10 27 1683
27 10 1683
10 28 929
28 10 929
10 29 894
29 10 894
10 30 826
30 10 826
10 31 199
31 10 199
10 35 1699
35 10 1699
10 39 1642
39 10 1642
10 44 399
44 10 399
10 45 701
45 10 701
10 46 973
46 10 973
11 14 1133
14 11 1133
11 15 102
15 11 102
11 18 1400
18 11 1400
11 20 45
20 11 45
11 23 1225
23 11 1225
11 24 1055
24 11 1055
11 25 804
25 11 804
11 26 680
26 11 680
11 27 1812
27 11 1812
11 30 388
30 11 388
11 31 1290
31 11 1290
11 43 1751
43 11 1751
11 45 853
45 11 853
11 48 726
48 11 726
11 49 126
49 11 126
12 17 1106
17 12 1106
12 18 1304
18 12 1304
12 20 1227
20 12 1227
12 21 1386
21 12 1386
12 25 96
25 12 96
12 28 1342
28 12 1342
12 29 1177
29 12 1177
12 31 653
31 12 653
12 33 397
33 12 397
12 34 758
34 12 758
12 40 697
40 12 697
12 42 103
42 12 103
12 43 1270
43 12 1270
12 44 878
44 12 878
12 45 802
45 12 802
12 48 1128
48 12 1128
13 17 753
17 13 753
13 18 6
18 13 6
13 20 1012
20 13 1012
13 21 583
21 13 583
13 22 1351
22 13 1351
13 23 431
23 13 431
13 27 717
27 13 717
13 29 288
29 13 288
13 30 475
30 13 475
13 31 1579
31 13 1579
13 32 64
32 13 64
13 35 1617
35 13 1617
13 40 1077
40 13 1077
13 43 770
43 13 770
13 45 1089
45 13 1089
13 46 71
46 13 71
13 49 707
49 13 707
14 15 528
15 14 528
14 17 534
17 14 534
14 18 1532
18 14 1532
14 19 1485
19 14 1485
14 20 750
20 14 750
14 21 859
21 14 859
14 24 1822
24 14 1822
14 26 1011
26 14 1011
14 27 1446
27 14 1446
14 28 433
28 14 433
14 29 1682
29 14 1682
14 31 1441
31 14 1441
14 32 721
32 14 721
14 33 1031
33 14 1031
14 35 514
35 14 514
14 36 1195
36 14 1195
14 44 1564
44 14 1564
14 45 1139
45 14 1139
14 46 115
46 14 115
14 47 5
47 14 5
14 48 1207
48 14 1207
15 20 986
20 15 986
15 23 1067
23 15 1067
15 24 531
24 15 531
15 25 1131
25 15 1131
15 28 54
28 15 54
15 29 400
29 15 400
15 30 204
30 15 204
15 33 1019
33 15 1019
15 34 1051
34 15 1051
15 35 296
35 15 296
15 37 476
37 15 476
15 38 1116
38 15 1116
15 40 1196
40 15 1196
15 41 1431
41 15 1431
15 42 740
42 15 740
15 43 1551
43 15 1551
15 44 559
44 15 559
15 47 106
47 15 106
15 48 533
48 15 533
16 32 940
32 16 940
16 33 1491
33 16 1491
16 36 1427
36 16 1427
16 40 1200
40 16 1200
16 44 666
44 16 666
16 47 634
47 16 634
16 48 839
48 16 839
16 49 1450
49 16 1450
16 19 1475
19 16 1475
16 20 1751
20 16 1751
16 24 599
24 16 599
16 25 1743
25 16 1743
16 27 802
27 16 802
16 29 1209
29 16 1209
16 30 1318
30 16 1318
17 18 1176
18 17 1176
17 20 56
20 17 56
17 22 1657
22 17 1657
17 23 1429
23 17 1429
17 27 296
27 17 296
17 28 257
28 17 257
17 31 1110
31 17 1110
17 32 827
32 17 827
17 33 656
33 17 656
17 34 104
34 17 104
17 38 1359
38 17 1359
17 46 264
46 17 264
17 47 1224
47 17 1224
17 49 213
49 17 213
18 19 248
19 18 248
18 20 646
20 18 646
18 22 226
22 18 226
18 23 694
23 18 694
18 24 1804
24 18 1804
18 25 615
25 18 615
18 26 1226
26 18 1226
18 28 21
28 18 21
18 31 260
31 18 260
18 32 75
32 18 75
18 34 306
34 18 306
18 35 1126
35 18 1126
18 36 797
36 18 797
18 39 635
39 18 635
18 44 1264
44 18 1264
18 46 1080
46 18 1080
18 48 1834
48 18 1834
18 49 1554
49 18 1554
19 32 996
32 19 996
19 39 532
39 19 532
19 40 392
40 19 392
19 42 768
42 19 768
19 49 1356
49 19 1356
19 35 1701
35 19 1701
19 20 181
20 19 181
19 46 859
46 19 859
19 22 929
22 19 929
19 36 1585
36 19 1585
19 26 1458
26 19 1458
19 27 697
27 19 697
19 28 295
28 19 295
20 21 1574
21 20 1574
20 22 1214
22 20 1214
20 25 404
25 20 404
20 30 1034
30 20 1034
20 31 1654
31 20 1654
20 32 1261
32 20 1261
20 34 1467
34 20 1467
20 35 740
35 20 740
20 37 1659
37 20 1659
20 38 808
38 20 808
20 39 1362
39 20 1362
20 41 1284
41 20 1284
20 42 690
42 20 690
20 44 252
44 20 252
20 46 244
46 20 244
20 47 426
47 20 426
20 49 309
49 20 309
21 38 1119
38 21 1119
21 40 935
40 21 935
21 44 1502
44 21 1502
21 45 765
45 21 765
21 49 378
49 21 378
21 46 1578
46 21 1578
21 26 1371
26 21 1371
21 37 35
37 21 35
21 30 1055
30 21 1055
21 31 1514
31 21 1514
22 27 329
27 22 329
22 29 1381
29 22 1381
22 30 672
30 22 672
22 32 217
32 22 217
22 33 1561
33 22 1561
22 36 793
36 22 793
22 37 1043
37 22 1043
22 42 601
42 22 601
22 46 1442
46 22 1442
22 47 312
47 22 312
22 48 482
48 22 482
22 49 426
49 22 426
23 24 881
24 23 881
23 26 1806
26 23 1806
23 27 1108
27 23 1108
23 31 291
31 23 291
23 33 705
33 23 705
23 36 931
36 23 931
23 39 630
39 23 630
23 40 884
40 23 884
23 41 37
41 23 37
23 44 415
44 23 415
23 45 1174
45 23 1174
23 48 1240
48 23 1240
23 49 464
49 23 464
24 25 1747
25 24 1747
24 31 1241
31 24 1241
24 32 876
32 24 876
24 35 982
35 24 982
24 36 323
36 24 323
24 37 1720
37 24 1720
24 39 849
39 24 849
24 42 1318
42 24 1318
24 44 1262
44 24 1262
24 45 1263
45 24 1263
24 46 225
46 24 225
24 47 623
47 24 623
24 48 91
48 24 91
25 27 1682
27 25 1682
25 28 1740
28 25 1740
25 30 1572
30 25 1572
25 31 1777
31 25 1777
25 32 409
32 25 409
25 33 571
33 25 571
25 35 1068
35 25 1068
25 38 1803
38 25 1803
25 40 367
40 25 367
25 41 882
41 25 882
25 43 1710
43 25 1710
25 47 1813
47 25 1813
25 49 1425
49 25 1425
26 30 749
30 26 749
26 32 519
32 26 519
26 34 879
34 26 879
26 37 626
37 26 626
26 39 323
39 26 323
26 41 1576
41 26 1576
26 43 1165
43 26 1165
26 44 988
44 26 988
26 47 1248
47 26 1248
26 48 748
48 26 748
27 28 1634
28 27 1634
27 30 323
30 27 323
27 31 897
31 27 897
27 33 575
33 27 575
27 35 1356
35 27 1356
27 37 1734
37 27 1734
27 39 1232
39 27 1232
27 40 1635
40 27 1635
27 43 476
43 27 476
27 45 1674
45 27 1674
27 46 145
46 27 145
27 47 4
47 27 4
27 48 1733
48 27 1733
28 29 580
29 28 580
28 35 877
35 28 877
28 36 719
36 28 719
28 37 1591
37 28 1591
28 38 409
38 28 409
28 45 554
45 28 554
28 47 188
47 28 188
28 49 1291
49 28 1291
29 30 52
30 29 52
29 31 1437
31 29 1437
29 32 905
32 29 905
29 33 833
33 29 833
29 34 1473
34 29 1473
29 36 871
36 29 871
29 37 1147
37 29 1147
29 40 1237
40 29 1237
29 43 1596
43 29 1596
29 46 1757
46 29 1757
29 48 993
48 29 993
30 34 437
34 30 437
30 36 59
36 30 59
30 37 866
37 30 866
30 39 428
39 30 428
30 40 838
40 30 838
30 41 506
41 30 506
30 42 1493
42 30 1493
30 43 1495
43 30 1495
30 44 1242
44 30 1242
30 45 1173
45 30 1173
30 47 710
47 30 710
30 48 1825
48 30 1825
30 49 1369
49 30 1369
31 34 829
34 31 829
31 39 836
39 31 836
31 40 918
40 31 918
31 41 1453
41 31 1453
31 44 1466
44 31 1466
31 45 1343
45 31 1343
31 46 121
46 31 121
31 48 253
48 31 253
31 49 256
49 31 256
32 36 1622
36 32 1622
32 38 1462
38 32 1462
32 42 1766
42 32 1766
32 44 94
44 32 94
32 45 1570
45 32 1570
32 46 1299
46 32 1299
32 48 1173
48 32 1173
32 49 408
49 32 408
33 34 611
34 33 611
33 35 1163
35 33 1163
33 36 1371
36 33 1371
33 37 734
37 33 734
33 40 957
40 33 957
33 41 1303
41 33 1303
33 42 1522
42 33 1522
33 44 903
44 33 903
33 46 1211
46 33 1211
33 49 1698
49 33 1698
34 40 391
40 34 391
34 39 794
39 34 794
34 48 399
48 34 399
34 49 123
49 34 123
34 37 811
37 34 811
35 36 50
36 35 50
35 37 1815
37 35 1815
35 38 427
38 35 427
35 41 580
41 35 580
35 43 220
43 35 220
35 45 1540
45 35 1540
35 48 1832
48 35 1832
35 49 505
49 35 505
36 37 1494
37 36 1494
36 44 1360
44 36 1360
36 47 132
47 36 132
36 48 1760
48 36 1760
36 49 1274
49 36 1274
37 39 1527
39 37 1527
37 40 10
40 37 10
37 41 839
41 37 839
37 45 302
45 37 302
37 46 137
46 37 137
37 47 634
47 37 634
37 48 623
48 37 623
37 49 714
49 37 714
38 41 890
41 38 890
38 44 743
44 38 743
38 45 443
45 38 443
38 48 767
48 38 767
38 40 509
40 38 509
39 40 1221
40 39 1221
39 44 179
44 39 179
39 47 730
47 39 730
40 41 1360
41 40 1360
40 43 376
43 40 376
40 46 560
46 40 560
40 48 1512
48 40 1512
41 42 335
42 41 335
41 43 1678
43 41 1678
41 48 1571
48 41 1571
42 43 614
43 42 614
42 44 920
44 42 920
42 46 1049
46 42 1049
42 48 1588
48 42 1588
43 44 1046
44 43 1046
44 46 1397
46 44 1397
44 47 716
47 44 716
45 47 1069
47 45 1069
45 48 530
48 45 530
46 47 273
47 46 273
46 49 1668
49 46 1668
47 48 1000
48 47 1000
