70 4830 39
0 1 5721
1 0 5721
0 2 2671
2 0 2671
0 3 1379
3 0 1379
0 4 1856
4 0 1856
0 5 5539
5 0 5539
0 6 1695
6 0 1695
0 7 5525
7 0 5525
0 8 1383
8 0 1383
0 9 4732
9 0 4732
0 10 6362
10 0 6362
0 11 2227
11 0 2227
0 12 6334
12 0 6334
0 13 3492
13 0 3492
0 14 3403
14 0 3403
0 15 1620
15 0 1620
0 16 1930
16 0 1930
0 17 4000
17 0 4000
0 18 3597
18 0 3597
0 19 700
19 0 700
0 20 4880
20 0 4880
0 21 2419
21 0 2419
0 22 4093
22 0 4093
0 23 6106
23 0 6106
0 24 5359
24 0 5359
0 25 746
25 0 746
0 26 919
26 0 919
0 27 6899
27 0 6899
0 28 303
28 0 303
0 29 2890
29 0 2890
0 30 6227
30 0 6227
0 31 2154
31 0 2154
0 32 1134
32 0 1134
0 33 2067
33 0 2067
0 34 6786
34 0 6786
0 35 6335
35 0 6335
0 36 2732
36 0 2732
0 37 4256
37 0 4256
0 38 2726
38 0 2726
0 39 2800
39 0 2800
0 40 1208
40 0 1208
0 41 1618
41 0 1618
0 42 2662
42 0 2662
0 43 5014
43 0 5014
0 44 2046
44 0 2046
0 45 4803
45 0 4803
0 46 2199
46 0 2199
0 47 1447
47 0 1447
0 48 6435
48 0 6435
0 49 1782
49 0 1782
0 50 18
50 0 18
0 51 4564
51 0 4564
0 52 3390
52 0 3390
0 53 5032
53 0 5032
0 54 3594
54 0 3594
0 55 2568
55 0 2568
0 56 4669
56 0 4669
0 57 569
57 0 569
0 58 1890
58 0 1890
0 59 1848
59 0 1848
0 60 2576
60 0 2576
0 61 5735
61 0 5735
0 62 5951
62 0 5951
0 63 2592
63 0 2592
0 64 5740
64 0 5740
0 65 590
65 0 590
0 66 5273
66 0 5273
0 67 4083
67 0 4083
0 68 1981
68 0 1981
0 69 3033
69 0 3033
1 2 3493
2 1 3493
1 3 665
3 1 665
1 4 2904
4 1 2904
1 5 5735
5 1 5735
1 6 2718
6 1 2718
1 7 7198
7 1 7198
1 8 1931
8 1 1931
1 9 3003
9 1 3003
1 10 3225
10 1 3225
1 11 7042
11 1 7042
1 12 6655
12 1 6655
1 13 5188
13 1 5188
1 14 3561
14 1 3561
1 15 1878
15 1 1878
1 16 537
16 1 537
1 17 6071
17 1 6071
1 18 98
18 1 98
1 19 3469
19 1 3469
1 20 2990
20 1 2990
1 21 6120
21 1 6120
1 22 4151
22 1 4151
1 23 1813
23 1 1813
1 24 5158
24 1 5158
1 25 3306
25 1 3306
1 26 1973
26 1 1973
1 27 7125
27 1 7125
1 28 2449
28 1 2449
1 29 2274
29 1 2274
1 30 4004
30 1 4004
1 31 4546
31 1 4546
1 32 1896
32 1 1896
1 33 2231
33 1 2231
1 34 6048
34 1 6048
1 35 2696
35 1 2696
1 36 3528
36 1 3528
1 37 6745
37 1 6745
1 38 4617
38 1 4617
1 39 2201
39 1 2201
1 40 2007
40 1 2007
1 41 5626
41 1 5626
1 42 3809
42 1 3809
1 43 5459
43 1 5459
1 44 7184
44 1 7184
1 45 1269
45 1 1269
1 46 173
46 1 173
1 47 4516
47 1 4516
1 48 6319
48 1 6319
1 49 1098
49 1 1098
1 50 5226
50 1 5226
1 51 2657
51 1 2657
1 52 7104
52 1 7104
1 53 3300
53 1 3300
1 54 4900
54 1 4900
1 55 4131
55 1 4131
1 56 5373
56 1 5373
1 57 3026
57 1 3026
1 58 2965
58 1 2965
1 59 6911
59 1 6911
1 60 1714
60 1 1714
1 61 6848
61 1 6848
1 62 3465
62 1 3465
1 63 1927
63 1 1927
1 64 2657
64 1 2657
1 65 4622
65 1 4622
1 66 5581
66 1 5581
1 67 5167
67 1 5167
1 68 2550
68 1 2550
1 69 4289
69 1 4289
2 3 4346
3 2 4346
2 4 3198
4 2 3198
2 5 5609
5 2 5609
2 6 2915
6 2 2915
2 7 3456
7 2 3456
2 8 4715
8 2 4715
2 9 4547
9 2 4547
2 10 6389
10 2 6389
2 11 2604
11 2 2604
2 12 3729
12 2 3729
2 13 5359
13 2 5359
2 14 3341
14 2 3341
2 15 551
15 2 551
2 16 1027
16 2 1027
2 17 4532
17 2 4532
2 18 439
18 2 439
2 19 2265
19 2 2265
2 20 4511
20 2 4511
2 21 2356
21 2 2356
2 22 1063
22 2 1063
2 23 2692
23 2 2692
2 24 29
24 2 29
2 25 5323
25 2 5323
2 26 2655
26 2 2655
2 27 1491
27 2 1491
2 28 5912
28 2 5912
2 29 6073
29 2 6073
2 30 4817
30 2 4817
2 31 6520
31 2 6520
2 32 1915
32 2 1915
2 33 2897
33 2 2897
2 34 5003
34 2 5003
2 35 332
35 2 332
2 36 6234
36 2 6234
2 37 3304
37 2 3304
2 38 4349
38 2 4349
2 39 3461
39 2 3461
2 40 2603
40 2 2603
2 41 2690
41 2 2690
2 42 2760
42 2 2760
2 43 1746
43 2 1746
2 44 6661
44 2 6661
2 45 2216
45 2 2216
2 46 661
46 2 661
2 47 517
47 2 517
2 48 5600
48 2 5600
2 49 6878
49 2 6878
2 50 2014
50 2 2014
2 51 829
51 2 829
2 52 5269
52 2 5269
2 53 851
53 2 851
2 54 163
54 2 163
2 55 4504
55 2 4504
2 56 2663
56 2 2663
2 57 5788
57 2 5788
2 58 6395
58 2 6395
2 59 2470
59 2 2470
2 60 5408
60 2 5408
2 61 2390
61 2 2390
2 62 1224
62 2 1224
2 63 159
63 2 159
2 64 474
64 2 474
2 65 4356
65 2 4356
2 66 207
66 2 207
2 67 3332
67 2 3332
2 68 1170
68 2 1170
2 69 2638
69 2 2638
3 4 5141
4 3 5141
3 5 82
5 3 82
3 6 7037
6 3 7037
3 7 4274
7 3 4274
3 8 345
8 3 345
3 9 3902
9 3 3902
3 10 4474
10 3 4474
3 11 2085
11 3 2085
3 12 6256
12 3 6256
3 13 7123
13 3 7123
3 14 2433
14 3 2433
3 15 3059
15 3 3059
3 16 3182
16 3 3182
3 17 3121
17 3 3121
3 18 7140
18 3 7140
3 19 4012
19 3 4012
3 20 968
20 3 968
3 21 1163
21 3 1163
3 22 908
22 3 908
3 23 208
23 3 208
3 24 5348
24 3 5348
3 25 3768
25 3 3768
3 26 4216
26 3 4216
3 27 2023
27 3 2023
3 28 1216
28 3 1216
3 29 1541
29 3 1541
3 30 2928
30 3 2928
3 31 4867
31 3 4867
3 32 5894
32 3 5894
3 33 6370
33 3 6370
3 34 4548
34 3 4548
3 35 5962
35 3 5962
3 36 5350
36 3 5350
3 37 5312
37 3 5312
3 38 1491
38 3 1491
3 39 3439
39 3 3439
3 40 799
40 3 799
3 41 6481
41 3 6481
3 42 3136
42 3 3136
3 43 7072
43 3 7072
3 44 3046
44 3 3046
3 45 1735
45 3 1735
3 46 3849
46 3 3849
3 47 3475
47 3 3475
3 48 5243
48 3 5243
3 49 2620
49 3 2620
3 50 7154
50 3 7154
3 51 2658
51 3 2658
3 52 4229
52 3 4229
3 53 929
53 3 929
3 54 4982
54 3 4982
3 55 3157
55 3 3157
3 56 4364
56 3 4364
3 57 4352
57 3 4352
3 58 457
58 3 457
3 59 7080
59 3 7080
3 60 2171
60 3 2171
3 61 4323
61 3 4323
3 62 4150
62 3 4150
3 63 1327
63 3 1327
3 64 263
64 3 263
3 65 3770
65 3 3770
3 66 6026
66 3 6026
3 67 5105
67 3 5105
3 68 4911
68 3 4911
3 69 609
69 3 609
4 5 1703
5 4 1703
4 6 2913
6 4 2913
4 7 2776
7 4 2776
4 8 6223
8 4 6223
4 9 1450
9 4 1450
4 10 803
10 4 803
4 11 3152
11 4 3152
4 12 4256
12 4 4256
4 13 6547
13 4 6547
4 14 2351
14 4 2351
4 15 5733
15 4 5733
4 16 3314
16 4 3314
4 17 676
17 4 676
4 18 454
18 4 454
4 19 3267
19 4 3267
4 20 7072
20 4 7072
4 21 5577
21 4 5577
4 22 1736
22 4 1736
4 23 1494
23 4 1494
4 24 3345
24 4 3345
4 25 6086
25 4 6086
4 26 5284
26 4 5284
4 27 138
27 4 138
4 28 6301
28 4 6301
4 29 901
29 4 901
4 30 4597
30 4 4597
4 31 2654
31 4 2654
4 32 5869
32 4 5869
4 33 5056
33 4 5056
4 34 2932
34 4 2932
4 35 2231
35 4 2231
4 36 4368
36 4 4368
4 37 6276
37 4 6276
4 38 4244
38 4 4244
4 39 6122
39 4 6122
4 40 1335
40 4 1335
4 41 6830
41 4 6830
4 42 5191
42 4 5191
4 43 2491
43 4 2491
4 44 2290
44 4 2290
4 45 1035
45 4 1035
4 46 5925
46 4 5925
4 47 6217
47 4 6217
4 48 3444
48 4 3444
4 49 4111
49 4 4111
4 50 6286
50 4 6286
4 51 4293
51 4 4293
4 52 4755
52 4 4755
4 53 1986
53 4 1986
4 54 4963
54 4 4963
4 55 6175
55 4 6175
4 56 2961
56 4 2961
4 57 6503
57 4 6503
4 58 6963
58 4 6963
4 59 2571
59 4 2571
4 60 5389
60 4 5389
4 61 2669
61 4 2669
4 62 3653
62 4 3653
4 63 712
63 4 712
4 64 3928
64 4 3928
4 65 6094
65 4 6094
4 66 293
66 4 293
4 67 3934
67 4 3934
4 68 1488
68 4 1488
4 69 940
69 4 940
5 6 3405
6 5 3405
5 7 2486
7 5 2486
5 8 1202
8 5 1202
5 9 2865
9 5 2865
5 10 5562
10 5 5562
5 11 6737
11 5 6737
5 12 2612
12 5 2612
5 13 6125
13 5 6125
5 14 246
14 5 246
5 15 1329
15 5 1329
5 16 4750
16 5 4750
5 17 2160
17 5 2160
5 18 5068
18 5 5068
5 19 5578
19 5 5578
5 20 2525
20 5 2525
5 21 4300
21 5 4300
5 22 462
22 5 462
5 23 1785
23 5 1785
5 24 365
24 5 365
5 25 4577
25 5 4577
5 26 4831
26 5 4831
5 27 957
27 5 957
5 28 371
28 5 371
5 29 1945
29 5 1945
5 30 3269
30 5 3269
5 31 5705
31 5 5705
5 32 1059
32 5 1059
5 33 2367
33 5 2367
5 34 1763
34 5 1763
5 35 437
35 5 437
5 36 788
36 5 788
5 37 2570
37 5 2570
5 38 1359
38 5 1359
5 39 3028
39 5 3028
5 40 179
40 5 179
5 41 2525
41 5 2525
5 42 4846
42 5 4846
5 43 2654
43 5 2654
5 44 3176
44 5 3176
5 45 1691
45 5 1691
5 46 6197
46 5 6197
5 47 3424
47 5 3424
5 48 2252
48 5 2252
5 49 6900
49 5 6900
5 50 4176
50 5 4176
5 51 6141
51 5 6141
5 52 1700
52 5 1700
5 53 3111
53 5 3111
5 54 5254
54 5 5254
5 55 119
55 5 119
5 56 2086
56 5 2086
5 57 2236
57 5 2236
5 58 2301
58 5 2301
5 59 5824
59 5 5824
5 60 1932
60 5 1932
5 61 3014
61 5 3014
5 62 354
62 5 354
5 63 5504
63 5 5504
5 64 2397
64 5 2397
5 65 5271
65 5 5271
5 66 4482
66 5 4482
5 67 2966
67 5 2966
5 68 4297
68 5 4297
5 69 3782
69 5 3782
6 7 4606
7 6 4606
6 8 6088
8 6 6088
6 9 1329
9 6 1329
6 10 1917
10 6 1917
6 11 3325
11 6 3325
6 12 2821
12 6 2821
6 13 1683
13 6 1683
6 14 6564
14 6 6564
6 15 6958
15 6 6958
6 16 4930
16 6 4930
6 17 4540
17 6 4540
6 18 549
18 6 549
6 19 1805
19 6 1805
6 20 5650
20 6 5650
6 21 193
21 6 193
6 22 2926
22 6 2926
6 23 2143
23 6 2143
6 24 4711
24 6 4711
6 25 1134
25 6 1134
6 26 4827
26 6 4827
6 27 6366
27 6 6366
6 28 3127
28 6 3127
6 29 1900
29 6 1900
6 30 3808
30 6 3808
6 31 2359
31 6 2359
6 32 295
32 6 295
6 33 6937
33 6 6937
6 34 5354
34 6 5354
6 35 2219
35 6 2219
6 36 7196
36 6 7196
6 37 1889
37 6 1889
6 38 6786
38 6 6786
6 39 989
39 6 989
6 40 1887
40 6 1887
6 41 3931
41 6 3931
6 42 3670
42 6 3670
6 43 6644
43 6 6644
6 44 3306
44 6 3306
6 45 4998
45 6 4998
6 46 2666
46 6 2666
6 47 5196
47 6 5196
6 48 7114
48 6 7114
6 49 6076
49 6 6076
6 50 7108
50 6 7108
6 51 1579
51 6 1579
6 52 2428
52 6 2428
6 53 920
53 6 920
6 54 3209
54 6 3209
6 55 610
55 6 610
6 56 6059
56 6 6059
6 57 4333
57 6 4333
6 58 462
58 6 462
6 59 5076
59 6 5076
6 60 4007
60 6 4007
6 61 2522
61 6 2522
6 62 1131
62 6 1131
6 63 2763
63 6 2763
6 64 1721
64 6 1721
6 65 5978
65 6 5978
6 66 304
66 6 304
6 67 48
67 6 48
6 68 3064
68 6 3064
6 69 3260
69 6 3260
7 8 7168
8 7 7168
7 9 2755
9 7 2755
7 10 2269
10 7 2269
7 11 2857
11 7 2857
7 12 5377
12 7 5377
7 13 2948
13 7 2948
7 14 5808
14 7 5808
7 15 5897
15 7 5897
7 16 5794
16 7 5794
7 17 2317
17 7 2317
7 18 6580
18 7 6580
7 19 4902
19 7 4902
7 20 2702
20 7 2702
7 21 4728
21 7 4728
7 22 614
22 7 614
7 23 5402
23 7 5402
7 24 169
24 7 169
7 25 6628
25 7 6628
7 26 5524
26 7 5524
7 27 4165
27 7 4165
7 28 6942
28 7 6942
7 29 4743
29 7 4743
7 30 1497
30 7 1497
7 31 2020
31 7 2020
7 32 4408
32 7 4408
7 33 1464
33 7 1464
7 34 5922
34 7 5922
7 35 3785
35 7 3785
7 36 1750
36 7 1750
7 37 1912
37 7 1912
7 38 1641
38 7 1641
7 39 3941
39 7 3941
7 40 2156
40 7 2156
7 41 455
41 7 455
7 42 3930
42 7 3930
7 43 4064
43 7 4064
7 44 758
44 7 758
7 45 3517
45 7 3517
7 46 5934
46 7 5934
7 47 6869
47 7 6869
7 48 6304
48 7 6304
7 49 6732
49 7 6732
7 50 1710
50 7 1710
7 51 4467
51 7 4467
7 52 6937
52 7 6937
7 53 2012
53 7 2012
7 54 406
54 7 406
7 55 3855
55 7 3855
7 56 5779
56 7 5779
7 57 1638
57 7 1638
7 58 5763
58 7 5763
7 59 1513
59 7 1513
7 60 3800
60 7 3800
7 61 3727
61 7 3727
7 62 6757
62 7 6757
7 63 3892
63 7 3892
7 64 5927
64 7 5927
7 65 6666
65 7 6666
7 66 3642
66 7 3642
7 67 1451
67 7 1451
7 68 6282
68 7 6282
7 69 5156
69 7 5156
8 9 6642
9 8 6642
8 10 1589
10 8 1589
8 11 2720
11 8 2720
8 12 55
12 8 55
8 13 6371
13 8 6371
8 14 6706
14 8 6706
8 15 4975
15 8 4975
8 16 6426
16 8 6426
8 17 2342
17 8 2342
8 18 6244
18 8 6244
8 19 2744
19 8 2744
8 20 3273
20 8 3273
8 21 6967
21 8 6967
8 22 3639
22 8 3639
8 23 5338
23 8 5338
8 24 5481
24 8 5481
8 25 6108
25 8 6108
8 26 2523
26 8 2523
8 27 5158
27 8 5158
8 28 4499
28 8 4499
8 29 6223
29 8 6223
8 30 5650
30 8 5650
8 31 4319
31 8 4319
8 32 737
32 8 737
8 33 2970
33 8 2970
8 34 5954
34 8 5954
8 35 4724
35 8 4724
8 36 814
36 8 814
8 37 3171
37 8 3171
8 38 5404
38 8 5404
8 39 1279
39 8 1279
8 40 4575
40 8 4575
8 41 1256
41 8 1256
8 42 6606
42 8 6606
8 43 2133
43 8 2133
8 44 3899
44 8 3899
8 45 6645
45 8 6645
8 46 5434
46 8 5434
8 47 1552
47 8 1552
8 48 5917
48 8 5917
8 49 641
49 8 641
8 50 546
50 8 546
8 51 4436
51 8 4436
8 52 2437
52 8 2437
8 53 5078
53 8 5078
8 54 1201
54 8 1201
8 55 5372
55 8 5372
8 56 7060
56 8 7060
8 57 4373
57 8 4373
8 58 4327
58 8 4327
8 59 7044
59 8 7044
8 60 1083
60 8 1083
8 61 2516
61 8 2516
8 62 25
62 8 25
8 63 6101
63 8 6101
8 64 1019
64 8 1019
8 65 2173
65 8 2173
8 66 1645
66 8 1645
8 67 3257
67 8 3257
8 68 6925
68 8 6925
8 69 2261
69 8 2261
9 10 5784
10 9 5784
9 11 2679
11 9 2679
9 12 440
12 9 440
9 13 3420
13 9 3420
9 14 5531
14 9 5531
9 15 2966
15 9 2966
9 16 711
16 9 711
9 17 523
17 9 523
9 18 616
18 9 616
9 19 3825
19 9 3825
9 20 6817
20 9 6817
9 21 790
21 9 790
9 22 2088
22 9 2088
9 23 1049
23 9 1049
9 24 3956
24 9 3956
9 25 3422
25 9 3422
9 26 2201
26 9 2201
9 27 2547
27 9 2547
9 28 4265
28 9 4265
9 29 5572
29 9 5572
9 30 4422
30 9 4422
9 31 2678
31 9 2678
9 32 2968
32 9 2968
9 33 3628
33 9 3628
9 34 864
34 9 864
9 35 4096
35 9 4096
9 36 5624
36 9 5624
9 37 2433
37 9 2433
9 38 3531
38 9 3531
9 39 1191
39 9 1191
9 40 2110
40 9 2110
9 41 4575
41 9 4575
9 42 6996
42 9 6996
9 43 5532
43 9 5532
9 44 1033
44 9 1033
9 45 1482
45 9 1482
9 46 2629
46 9 2629
9 47 5542
47 9 5542
9 48 1782
48 9 1782
9 49 5207
49 9 5207
9 50 4363
50 9 4363
9 51 3230
51 9 3230
9 52 1242
52 9 1242
9 53 3509
53 9 3509
9 54 7122
54 9 7122
9 55 4716
55 9 4716
9 56 5337
56 9 5337
9 57 6366
57 9 6366
9 58 3789
58 9 3789
9 59 278
59 9 278
9 60 4834
60 9 4834
9 61 2845
61 9 2845
9 62 4369
62 9 4369
9 63 340
63 9 340
9 64 4949
64 9 4949
9 65 4152
65 9 4152
9 66 5166
66 9 5166
9 67 297
67 9 297
9 68 4632
68 9 4632
9 69 4958
69 9 4958
10 11 6432
11 10 6432
10 12 4466
12 10 4466
10 13 3468
13 10 3468
10 14 5096
14 10 5096
10 15 7114
15 10 7114
10 16 2657
16 10 2657
10 17 6503
17 10 6503
10 18 6282
18 10 6282
10 19 6942
19 10 6942
10 20 2236
20 10 2236
10 21 6199
21 10 6199
10 22 4694
22 10 4694
10 23 382
23 10 382
10 24 3962
24 10 3962
10 25 922
25 10 922
10 26 3325
26 10 3325
10 27 825
27 10 825
10 28 4385
28 10 4385
10 29 427
29 10 427
10 30 1017
30 10 1017
10 31 1047
31 10 1047
10 32 3428
32 10 3428
10 33 6630
33 10 6630
10 34 6293
34 10 6293
10 35 1393
35 10 1393
10 36 4250
36 10 4250
10 37 6917
37 10 6917
10 38 5889
38 10 5889
10 39 6494
39 10 6494
10 40 2662
40 10 2662
10 41 621
41 10 621
10 42 3879
42 10 3879
10 43 6279
43 10 6279
10 44 3898
44 10 3898
10 45 2498
45 10 2498
10 46 202
46 10 202
10 47 5953
47 10 5953
10 48 1735
48 10 1735
10 49 323
49 10 323
10 50 3110
50 10 3110
10 51 6440
51 10 6440
10 52 6286
52 10 6286
10 53 6203
53 10 6203
10 54 6824
54 10 6824
10 55 3824
55 10 3824
10 56 4405
56 10 4405
10 57 2811
57 10 2811
10 58 1380
58 10 1380
10 59 1220
59 10 1220
10 60 2227
60 10 2227
10 61 5908
61 10 5908
10 62 4637
62 10 4637
10 63 4894
63 10 4894
10 64 4428
64 10 4428
10 65 4683
65 10 4683
10 66 1920
66 10 1920
10 67 277
67 10 277
10 68 6478
68 10 6478
10 69 5479
69 10 5479
11 12 2163
12 11 2163
11 13 3508
13 11 3508
11 14 2404
14 11 2404
11 15 345
15 11 345
11 16 5511
16 11 5511
11 17 7002
17 11 7002
11 18 3986
18 11 3986
11 19 711
19 11 711
11 20 7224
20 11 7224
11 21 5598
21 11 5598
11 22 2460
22 11 2460
11 23 6860
23 11 6860
11 24 7039
24 11 7039
11 25 3212
25 11 3212
11 26 6430
26 11 6430
11 27 3124
27 11 3124
11 28 6904
28 11 6904
11 29 1501
29 11 1501
11 30 4180
30 11 4180
11 31 6479
31 11 6479
11 32 4753
32 11 4753
11 33 6458
33 11 6458
11 34 1433
34 11 1433
11 35 4354
35 11 4354
11 36 3503
36 11 3503
11 37 4845
37 11 4845
11 38 4480
38 11 4480
11 39 3482
39 11 3482
11 40 5
40 11 5
11 41 2717
41 11 2717
11 42 636
42 11 636
11 43 4462
43 11 4462
11 44 5255
44 11 5255
11 45 6421
45 11 6421
11 46 7007
46 11 7007
11 47 6575
47 11 6575
11 48 610
48 11 610
11 49 6251
49 11 6251
11 50 600
50 11 600
11 51 2792
51 11 2792
11 52 6702
52 11 6702
11 53 5211
53 11 5211
11 54 3433
54 11 3433
11 55 454
55 11 454
11 56 2286
56 11 2286
11 57 3038
57 11 3038
11 58 3652
58 11 3652
11 59 4362
59 11 4362
11 60 4704
60 11 4704
11 61 5067
61 11 5067
11 62 2609
62 11 2609
11 63 950
63 11 950
11 64 4213
64 11 4213
11 65 2088
65 11 2088
11 66 3899
66 11 3899
11 67 3200
67 11 3200
11 68 3757
68 11 3757
11 69 2271
69 11 2271
12 13 534
13 12 534
12 14 1505
14 12 1505
12 15 492
15 12 492
12 16 739
16 12 739
12 17 5488
17 12 5488
12 18 6212
18 12 6212
12 19 1601
19 12 1601
12 20 1632
20 12 1632
12 21 1157
21 12 1157
12 22 1972
22 12 1972
12 23 3703
23 12 3703
12 24 1217
24 12 1217
12 25 2212
25 12 2212
12 26 2556
26 12 2556
12 27 4510
27 12 4510
12 28 2149
28 12 2149
12 29 1384
29 12 1384
12 30 1290
30 12 1290
12 31 6421
31 12 6421
12 32 2325
32 12 2325
12 33 4425
33 12 4425
12 34 4777
34 12 4777
12 35 6664
35 12 6664
12 36 1377
36 12 1377
12 37 4950
37 12 4950
12 38 3903
38 12 3903
12 39 4614
39 12 4614
12 40 2535
40 12 2535
12 41 3963
41 12 3963
12 42 171
42 12 171
12 43 2866
43 12 2866
12 44 5007
44 12 5007
12 45 4462
45 12 4462
12 46 3943
46 12 3943
12 47 681
47 12 681
12 48 3408
48 12 3408
12 49 3139
49 12 3139
12 50 4448
50 12 4448
12 51 2045
51 12 2045
12 52 2819
52 12 2819
12 53 1157
53 12 1157
12 54 934
54 12 934
12 55 2567
55 12 2567
12 56 6489
56 12 6489
12 57 5348
57 12 5348
12 58 88
58 12 88
12 59 6412
59 12 6412
12 60 5140
60 12 5140
12 61 9
61 12 9
12 62 7036
62 12 7036
12 63 5176
63 12 5176
12 64 545
64 12 545
12 65 2489
65 12 2489
12 66 5657
66 12 5657
12 67 5171
67 12 5171
12 68 1509
68 12 1509
12 69 947
69 12 947
13 14 885
14 13 885
13 15 958
15 13 958
13 16 5679
16 13 5679
13 17 2914
17 13 2914
13 18 5058
18 13 5058
13 19 581
19 13 581
13 20 5361
20 13 5361
13 21 1686
21 13 1686
13 22 326
22 13 326
13 23 3777
23 13 3777
13 24 2959
24 13 2959
13 25 3947
25 13 3947
13 26 3838
26 13 3838
13 27 5597
27 13 5597
13 28 5561
28 13 5561
13 29 5361
29 13 5361
13 30 132
30 13 132
13 31 5424
31 13 5424
13 32 1602
32 13 1602
13 33 200
33 13 200
13 34 331
34 13 331
13 35 1564
35 13 1564
13 36 1436
36 13 1436
13 37 6005
37 13 6005
13 38 2608
38 13 2608
13 39 1832
39 13 1832
13 40 1106
40 13 1106
13 41 462
41 13 462
13 42 1542
42 13 1542
13 43 3899
43 13 3899
13 44 5655
44 13 5655
13 45 3249
45 13 3249
13 46 4022
46 13 4022
13 47 1228
47 13 1228
13 48 5578
48 13 5578
13 49 1172
49 13 1172
13 50 7197
50 13 7197
13 51 3330
51 13 3330
13 52 7063
52 13 7063
13 53 1202
53 13 1202
13 54 3346
54 13 3346
13 55 1792
55 13 1792
13 56 2368
56 13 2368
13 57 5409
57 13 5409
13 58 2324
58 13 2324
13 59 5036
59 13 5036
13 60 6410
60 13 6410
13 61 6918
61 13 6918
13 62 167
62 13 167
13 63 3393
63 13 3393
13 64 2540
64 13 2540
13 65 5290
65 13 5290
13 66 6658
66 13 6658
13 67 3877
67 13 3877
13 68 7
68 13 7
13 69 3131
69 13 3131
14 15 6422
15 14 6422
14 16 3028
16 14 3028
14 17 3573
17 14 3573
14 18 5297
18 14 5297
14 19 3630
19 14 3630
14 20 2664
20 14 2664
14 21 2400
21 14 2400
14 22 6704
22 14 6704
14 23 4143
23 14 4143
14 24 6690
24 14 6690
14 25 6423
25 14 6423
14 26 2899
26 14 2899
14 27 3388
27 14 3388
14 28 3970
28 14 3970
14 29 2504
29 14 2504
14 30 6652
30 14 6652
14 31 5314
31 14 5314
14 32 6199
32 14 6199
14 33 1726
33 14 1726
14 34 634
34 14 634
14 35 4510
35 14 4510
14 36 4609
36 14 4609
14 37 5333
37 14 5333
14 38 6891
38 14 6891
14 39 1591
39 14 1591
14 40 3950
40 14 3950
14 41 524
41 14 524
14 42 1600
42 14 1600
14 43 4112
43 14 4112
14 44 5534
44 14 5534
14 45 4659
45 14 4659
14 46 1595
46 14 1595
14 47 4422
47 14 4422
14 48 3069
48 14 3069
14 49 3770
49 14 3770
14 50 2539
50 14 2539
14 51 5127
51 14 5127
14 52 137
52 14 137
14 53 1457
53 14 1457
14 54 6424
54 14 6424
14 55 5373
55 14 5373
14 56 1479
56 14 1479
14 57 2262
57 14 2262
14 58 5590
58 14 5590
14 59 3002
59 14 3002
14 60 5565
60 14 5565
14 61 3378
61 14 3378
14 62 3456
62 14 3456
14 63 6080
63 14 6080
14 64 6947
64 14 6947
14 65 4934
65 14 4934
14 66 3419
66 14 3419
14 67 5894
67 14 5894
14 68 7236
68 14 7236
14 69 4050
69 14 4050
15 16 5000
16 15 5000
15 17 4894
17 15 4894
15 18 2862
18 15 2862
15 19 2455
19 15 2455
15 20 7070
20 15 7070
15 21 3526
21 15 3526
15 22 1954
22 15 1954
15 23 5809
23 15 5809
15 24 3568
24 15 3568
15 25 4259
25 15 4259
15 26 3432
26 15 3432
15 27 2405
27 15 2405
15 28 4395
28 15 4395
15 29 3464
29 15 3464
15 30 2577
30 15 2577
15 31 651
31 15 651
15 32 5508
32 15 5508
15 33 2123
33 15 2123
15 34 3362
34 15 3362
15 35 1474
35 15 1474
15 36 897
36 15 897
15 37 7053
37 15 7053
15 38 3069
38 15 3069
15 39 849
39 15 849
15 40 1486
40 15 1486
15 41 1763
41 15 1763
15 42 3159
42 15 3159
15 43 1276
43 15 1276
15 44 6839
44 15 6839
15 45 1853
45 15 1853
15 46 765
46 15 765
15 47 819
47 15 819
15 48 4820
48 15 4820
15 49 2015
49 15 2015
15 50 2013
50 15 2013
15 51 3879
51 15 3879
15 52 46
52 15 46
15 53 1014
53 15 1014
15 54 419
54 15 419
15 55 1296
55 15 1296
15 56 5134
56 15 5134
15 57 3734
57 15 3734
15 58 1340
58 15 1340
15 59 4359
59 15 4359
15 60 3393
60 15 3393
15 61 4227
61 15 4227
15 62 143
62 15 143
15 63 1711
63 15 1711
15 64 3792
64 15 3792
15 65 1582
65 15 1582
15 66 7192
66 15 7192
15 67 6682
67 15 6682
15 68 1499
68 15 1499
15 69 6061
69 15 6061
16 17 6150
17 16 6150
16 18 324
18 16 324
16 19 4897
19 16 4897
16 20 48
20 16 48
16 21 4988
21 16 4988
16 22 6728
22 16 6728
16 23 1692
23 16 1692
16 24 4535
24 16 4535
16 25 3497
25 16 3497
16 26 6280
26 16 6280
16 27 19
27 16 19
16 28 6224
28 16 6224
16 29 6768
29 16 6768
16 30 4225
30 16 4225
16 31 6435
31 16 6435
16 32 5621
32 16 5621
16 33 1647
33 16 1647
16 34 3427
34 16 3427
16 35 5040
35 16 5040
16 36 252
36 16 252
16 37 4781
37 16 4781
16 38 2186
38 16 2186
16 39 4109
39 16 4109
16 40 6646
40 16 6646
16 41 5860
41 16 5860
16 42 1566
42 16 1566
16 43 3719
43 16 3719
16 44 4713
44 16 4713
16 45 4556
45 16 4556
16 46 6687
46 16 6687
16 47 3743
47 16 3743
16 48 3477
48 16 3477
16 49 5420
49 16 5420
16 50 6234
50 16 6234
16 51 3661
51 16 3661
16 52 1895
52 16 1895
16 53 4999
53 16 4999
16 54 1830
54 16 1830
16 55 4479
55 16 4479
16 56 4799
56 16 4799
16 57 187
57 16 187
16 58 6060
58 16 6060
16 59 4635
59 16 4635
16 60 2536
60 16 2536
16 61 1182
61 16 1182
16 62 2527
62 16 2527
16 63 1308
63 16 1308
16 64 5612
64 16 5612
16 65 5987
65 16 5987
16 66 7044
66 16 7044
16 67 4688
67 16 4688
16 68 184
68 16 184
16 69 6837
69 16 6837
17 18 5534
18 17 5534
17 19 6117
19 17 6117
17 20 4377
20 17 4377
17 21 766
21 17 766
17 22 3076
22 17 3076
17 23 6906
23 17 6906
17 24 1002
24 17 1002
17 25 5549
25 17 5549
17 26 3939
26 17 3939
17 27 3016
27 17 3016
17 28 5128
28 17 5128
17 29 870
29 17 870
17 30 4628
30 17 4628
17 31 614
31 17 614
17 32 3465
32 17 3465
17 33 6352
33 17 6352
17 34 917
34 17 917
17 35 4460
35 17 4460
17 36 2412
36 17 2412
17 37 1170
37 17 1170
17 38 2108
38 17 2108
17 39 6850
39 17 6850
17 40 1129
40 17 1129
17 41 1183
41 17 1183
17 42 2340
42 17 2340
17 43 5846
43 17 5846
17 44 4784
44 17 4784
17 45 1478
45 17 1478
17 46 4934
46 17 4934
17 47 6803
47 17 6803
17 48 7190
48 17 7190
17 49 6033
49 17 6033
17 50 4844
50 17 4844
17 51 5661
51 17 5661
17 52 4788
52 17 4788
17 53 6390
53 17 6390
17 54 4761
54 17 4761
17 55 5800
55 17 5800
17 56 117
56 17 117
17 57 5905
57 17 5905
17 58 4158
58 17 4158
17 59 5743
59 17 5743
17 60 6625
60 17 6625
17 61 7218
61 17 7218
17 62 3673
62 17 3673
17 63 3050
63 17 3050
17 64 6215
64 17 6215
17 65 4714
65 17 4714
17 66 613
66 17 613
17 67 6121
67 17 6121
17 68 2836
68 17 2836
17 69 1287
69 17 1287
18 19 4487
19 18 4487
18 20 2806
20 18 2806
18 21 6317
21 18 6317
18 22 4569
22 18 4569
18 23 733
23 18 733
18 24 1430
24 18 1430
18 25 2387
25 18 2387
18 26 1276
26 18 1276
18 27 780
27 18 780
18 28 6677
28 18 6677
18 29 1894
29 18 1894
18 30 3790
30 18 3790
18 31 704
31 18 704
18 32 3301
32 18 3301
18 33 4993
33 18 4993
18 34 266
34 18 266
18 35 3221
35 18 3221
18 36 1386
36 18 1386
18 37 566
37 18 566
18 38 3252
38 18 3252
18 39 4395
39 18 4395
18 40 2788
40 18 2788
18 41 6195
41 18 6195
18 42 717
42 18 717
18 43 1584
43 18 1584
18 44 2186
44 18 2186
18 45 5958
45 18 5958
18 46 6295
46 18 6295
18 47 684
47 18 684
18 48 5009
48 18 5009
18 49 1723
49 18 1723
18 50 3495
50 18 3495
18 51 4975
51 18 4975
18 52 1152
52 18 1152
18 53 6
53 18 6
18 54 4279
54 18 4279
18 55 274
55 18 274
18 56 1948
56 18 1948
18 57 4809
57 18 4809
18 58 5900
58 18 5900
18 59 6436
59 18 6436
18 60 3350
60 18 3350
18 61 3412
61 18 3412
18 62 5579
62 18 5579
18 63 268
63 18 268
18 64 5997
64 18 5997
18 65 3170
65 18 3170
18 66 4835
66 18 4835
18 67 1320
67 18 1320
18 68 3498
68 18 3498
18 69 4018
69 18 4018
19 20 2673
20 19 2673
19 21 1151
21 19 1151
19 22 6510
22 19 6510
19 23 1614
23 19 1614
19 24 3510
24 19 3510
19 25 1391
25 19 1391
19 26 6985
26 19 6985
19 27 3177
27 19 3177
19 28 6342
28 19 6342
19 29 5590
29 19 5590
19 30 2082
30 19 2082
19 31 6736
31 19 6736
19 32 6390
32 19 6390
19 33 218
33 19 218
19 34 3875
34 19 3875
19 35 1145
35 19 1145
19 36 680
36 19 680
19 37 6221
37 19 6221
19 38 1408
38 19 1408
19 39 6797
39 19 6797
19 40 388
40 19 388
19 41 3495
41 19 3495
19 42 5516
42 19 5516
19 43 4113
43 19 4113
19 44 4666
44 19 4666
19 45 2908
45 19 2908
19 46 6917
46 19 6917
19 47 7170
47 19 7170
19 48 1577
48 19 1577
19 49 3289
49 19 3289
19 50 5573
50 19 5573
19 51 738
51 19 738
19 52 1268
52 19 1268
19 53 4941
53 19 4941
19 54 270
54 19 270
19 55 2359
55 19 2359
19 56 2582
56 19 2582
19 57 944
57 19 944
19 58 2871
58 19 2871
19 59 6895
59 19 6895
19 60 2421
60 19 2421
19 61 717
61 19 717
19 62 4987
62 19 4987
19 63 7006
63 19 7006
19 64 1081
64 19 1081
19 65 4998
65 19 4998
19 66 4152
66 19 4152
19 67 322
67 19 322
19 68 1875
68 19 1875
19 69 3333
69 19 3333
20 21 3413
21 20 3413
20 22 5007
22 20 5007
20 23 5664
23 20 5664
20 24 2279
24 20 2279
20 25 3357
25 20 3357
20 26 2082
26 20 2082
20 27 4011
27 20 4011
20 28 555
28 20 555
20 29 4117
29 20 4117
20 30 985
30 20 985
20 31 2987
31 20 2987
20 32 6570
32 20 6570
20 33 464
33 20 464
20 34 4724
34 20 4724
20 35 4956
35 20 4956
20 36 3311
36 20 3311
20 37 1661
37 20 1661
20 38 2999
38 20 2999
20 39 6461
39 20 6461
20 40 6929
40 20 6929
20 41 1927
41 20 1927
20 42 531
42 20 531
20 43 2588
43 20 2588
20 44 5210
44 20 5210
20 45 2748
45 20 2748
20 46 2801
46 20 2801
20 47 5463
47 20 5463
20 48 4072
48 20 4072
20 49 4472
49 20 4472
20 50 3102
50 20 3102
20 51 1573
51 20 1573
20 52 1344
52 20 1344
20 53 4446
53 20 4446
20 54 3463
54 20 3463
20 55 6496
55 20 6496
20 56 6732
56 20 6732
20 57 6131
57 20 6131
20 58 5083
58 20 5083
20 59 122
59 20 122
20 60 6884
60 20 6884
20 61 756
61 20 756
20 62 2140
62 20 2140
20 63 6707
63 20 6707
20 64 5240
64 20 5240
20 65 4651
65 20 4651
20 66 4524
66 20 4524
20 67 2731
67 20 2731
20 68 239
68 20 239
20 69 3313
69 20 3313
21 22 7028
22 21 7028
21 23 4096
23 21 4096
21 24 6208
24 21 6208
21 25 560
25 21 560
21 26 1593
26 21 1593
21 27 304
27 21 304
21 28 2743
28 21 2743
21 29 5695
29 21 5695
21 30 6239
30 21 6239
21 31 7109
31 21 7109
21 32 3434
32 21 3434
21 33 6841
33 21 6841
21 34 1218
34 21 1218
21 35 2736
35 21 2736
21 36 3813
36 21 3813
21 37 1358
37 21 1358
21 38 1144
38 21 1144
21 39 2491
39 21 2491
21 40 2571
40 21 2571
21 41 4316
41 21 4316
21 42 6507
42 21 6507
21 43 7234
43 21 7234
21 44 4548
44 21 4548
21 45 4554
45 21 4554
21 46 5122
46 21 5122
21 47 6141
47 21 6141
21 48 1522
48 21 1522
21 49 6046
49 21 6046
21 50 5828
50 21 5828
21 51 2904
51 21 2904
21 52 681
52 21 681
21 53 1859
53 21 1859
21 54 2647
54 21 2647
21 55 5706
55 21 5706
21 56 3735
56 21 3735
21 57 6107
57 21 6107
21 58 7184
58 21 7184
21 59 1575
59 21 1575
21 60 3285
60 21 3285
21 61 5061
61 21 5061
21 62 4531
62 21 4531
21 63 2797
63 21 2797
21 64 6864
64 21 6864
21 65 3667
65 21 3667
21 66 2711
66 21 2711
21 67 4336
67 21 4336
21 68 394
68 21 394
21 69 604
69 21 604
22 23 5603
23 22 5603
22 24 4764
24 22 4764
22 25 2110
25 22 2110
22 26 6436
26 22 6436
22 27 971
27 22 971
22 28 4948
28 22 4948
22 29 2205
29 22 2205
22 30 6020
30 22 6020
22 31 6013
31 22 6013
22 32 1551
32 22 1551
22 33 6399
33 22 6399
22 34 4505
34 22 4505
22 35 4348
35 22 4348
22 36 3020
36 22 3020
22 37 1834
37 22 1834
22 38 5356
38 22 5356
22 39 5838
39 22 5838
22 40 4081
40 22 4081
22 41 1256
41 22 1256
22 42 5554
42 22 5554
22 43 2973
43 22 2973
22 44 4514
44 22 4514
22 45 1663
45 22 1663
22 46 1440
46 22 1440
22 47 4915
47 22 4915
22 48 1218
48 22 1218
22 49 7013
49 22 7013
22 50 3360
50 22 3360
22 51 5120
51 22 5120
22 52 6006
52 22 6006
22 53 1090
53 22 1090
22 54 4587
54 22 4587
22 55 4057
55 22 4057
22 56 3002
56 22 3002
22 57 5845
57 22 5845
22 58 2614
58 22 2614
22 59 2432
59 22 2432
22 60 293
60 22 293
22 61 722
61 22 722
22 62 4941
62 22 4941
22 63 6411
63 22 6411
22 64 19
64 22 19
22 65 3108
65 22 3108
22 66 2900
66 22 2900
22 67 654
67 22 654
22 68 5906
68 22 5906
22 69 1076
69 22 1076
23 24 6934
24 23 6934
23 25 509
25 23 509
23 26 6625
26 23 6625
23 27 1089
27 23 1089
23 28 7050
28 23 7050
23 29 6247
29 23 6247
23 30 2504
30 23 2504
23 31 3530
31 23 3530
23 32 1456
32 23 1456
23 33 2269
33 23 2269
23 34 5940
34 23 5940
23 35 3734
35 23 3734
23 36 1189
36 23 1189
23 37 3044
37 23 3044
23 38 1570
38 23 1570
23 39 4800
39 23 4800
23 40 5701
40 23 5701
23 41 1886
41 23 1886
23 42 7163
42 23 7163
23 43 3530
43 23 3530
23 44 4239
44 23 4239
23 45 1156
45 23 1156
23 46 6774
46 23 6774
23 47 264
47 23 264
23 48 2626
48 23 2626
23 49 5145
49 23 5145
23 50 32
50 23 32
23 51 3387
51 23 3387
23 52 5909
52 23 5909
23 53 968
53 23 968
23 54 6764
54 23 6764
23 55 4633
55 23 4633
23 56 4289
56 23 4289
23 57 4610
57 23 4610
23 58 452
58 23 452
23 59 6543
59 23 6543
23 60 2932
60 23 2932
23 61 2037
61 23 2037
23 62 5783
62 23 5783
23 63 2996
63 23 2996
23 64 3094
64 23 3094
23 65 6266
65 23 6266
23 66 422
66 23 422
23 67 5774
67 23 5774
23 68 6597
68 23 6597
23 69 2234
69 23 2234
24 25 342
25 24 342
24 26 3848
26 24 3848
24 27 1427
27 24 1427
24 28 6667
28 24 6667
24 29 1299
29 24 1299
24 30 6909
30 24 6909
24 31 3981
31 24 3981
24 32 3142
32 24 3142
24 33 6643
33 24 6643
24 34 1379
34 24 1379
24 35 5480
35 24 5480
24 36 2760
36 24 2760
24 37 2188
37 24 2188
24 38 7083
38 24 7083
24 39 6110
39 24 6110
24 40 6414
40 24 6414
24 41 5419
41 24 5419
24 42 3623
42 24 3623
24 43 4779
43 24 4779
24 44 351
44 24 351
24 45 5999
45 24 5999
24 46 2573
46 24 2573
24 47 5847
47 24 5847
24 48 4284
48 24 4284
24 49 3971
49 24 3971
24 50 1453
50 24 1453
24 51 6576
51 24 6576
24 52 3917
52 24 3917
24 53 4943
53 24 4943
24 54 5488
54 24 5488
24 55 3849
55 24 3849
24 56 7058
56 24 7058
24 57 5618
57 24 5618
24 58 1792
58 24 1792
24 59 846
59 24 846
24 60 2018
60 24 2018
24 61 6591
61 24 6591
24 62 6615
62 24 6615
24 63 1317
63 24 1317
24 64 278
64 24 278
24 65 2118
65 24 2118
24 66 7036
66 24 7036
24 67 1114
67 24 1114
24 68 1478
68 24 1478
24 69 4265
69 24 4265
25 26 2417
26 25 2417
25 27 6993
27 25 6993
25 28 7009
28 25 7009
25 29 6317
29 25 6317
25 30 5396
30 25 5396
25 31 3012
31 25 3012
25 32 574
32 25 574
25 33 2498
33 25 2498
25 34 3813
34 25 3813
25 35 2811
35 25 2811
25 36 1483
36 25 1483
25 37 6682
37 25 6682
25 38 2310
38 25 2310
25 39 2151
39 25 2151
25 40 4683
40 25 4683
25 41 5701
41 25 5701
25 42 2855
42 25 2855
25 43 4772
43 25 4772
25 44 5550
44 25 5550
25 45 4236
45 25 4236
25 46 4251
46 25 4251
25 47 2854
47 25 2854
25 48 5030
48 25 5030
25 49 3415
49 25 3415
25 50 1624
50 25 1624
25 51 2874
51 25 2874
25 52 805
52 25 805
25 53 1617
53 25 1617
25 54 1
54 25 1
25 55 5807
55 25 5807
25 56 5371
56 25 5371
25 57 4178
57 25 4178
25 58 28
58 25 28
25 59 1060
59 25 1060
25 60 4922
60 25 4922
25 61 6928
61 25 6928
25 62 6188
62 25 6188
25 63 5687
63 25 5687
25 64 1700
64 25 1700
25 65 6957
65 25 6957
25 66 198
66 25 198
25 67 6776
67 25 6776
25 68 5568
68 25 5568
25 69 7161
69 25 7161
26 27 6809
27 26 6809
26 28 2154
28 26 2154
26 29 140
29 26 140
26 30 3726
30 26 3726
26 31 6897
31 26 6897
26 32 3311
32 26 3311
26 33 497
33 26 497
26 34 4440
34 26 4440
26 35 5133
35 26 5133
26 36 5260
36 26 5260
26 37 1641
37 26 1641
26 38 176
38 26 176
26 39 625
39 26 625
26 40 431
40 26 431
26 41 6172
41 26 6172
26 42 1088
42 26 1088
26 43 3571
43 26 3571
26 44 1172
44 26 1172
26 45 3252
45 26 3252
26 46 3974
46 26 3974
26 47 700
47 26 700
26 48 815
48 26 815
26 49 862
49 26 862
26 50 408
50 26 408
26 51 97
51 26 97
26 52 5726
52 26 5726
26 53 3414
53 26 3414
26 54 3006
54 26 3006
26 55 7118
55 26 7118
26 56 1422
56 26 1422
26 57 2019
57 26 2019
26 58 6432
58 26 6432
26 59 6608
59 26 6608
26 60 598
60 26 598
26 61 5638
61 26 5638
26 62 6421
62 26 6421
26 63 6085
63 26 6085
26 64 4048
64 26 4048
26 65 1750
65 26 1750
26 66 251
66 26 251
26 67 1171
67 26 1171
26 68 6922
68 26 6922
26 69 314
69 26 314
27 28 6791
28 27 6791
27 29 1679
29 27 1679
27 30 1177
30 27 1177
27 31 4490
31 27 4490
27 32 4317
32 27 4317
27 33 1387
33 27 1387
27 34 3862
34 27 3862
27 35 4347
35 27 4347
27 36 6832
36 27 6832
27 37 4238
37 27 4238
27 38 1286
38 27 1286
27 39 2403
39 27 2403
27 40 1428
40 27 1428
27 41 3197
41 27 3197
27 42 296
42 27 296
27 43 3725
43 27 3725
27 44 3527
44 27 3527
27 45 6621
45 27 6621
27 46 5337
46 27 5337
27 47 3235
47 27 3235
27 48 1706
48 27 1706
27 49 1531
49 27 1531
27 50 4956
50 27 4956
27 51 1493
51 27 1493
27 52 299
52 27 299
27 53 4689
53 27 4689
27 54 4944
54 27 4944
27 55 5490
55 27 5490
27 56 424
56 27 424
27 57 2005
57 27 2005
27 58 4530
58 27 4530
27 59 2237
59 27 2237
27 60 4372
60 27 4372
27 61 4231
61 27 4231
27 62 1893
62 27 1893
27 63 4158
63 27 4158
27 64 1269
64 27 1269
27 65 7202
65 27 7202
27 66 778
66 27 778
27 67 5794
67 27 5794
27 68 4887
68 27 4887
27 69 6981
69 27 6981
28 29 3661
29 28 3661
28 30 5988
30 28 5988
28 31 6584
31 28 6584
28 32 4132
32 28 4132
28 33 2920
33 28 2920
28 34 1294
34 28 1294
28 35 2198
35 28 2198
28 36 1286
36 28 1286
28 37 2003
37 28 2003
28 38 5148
38 28 5148
28 39 1450
39 28 1450
28 40 5098
40 28 5098
28 41 169
41 28 169
28 42 4552
42 28 4552
28 43 303
43 28 303
28 44 4985
44 28 4985
28 45 5551
45 28 5551
28 46 171
46 28 171
28 47 5489
47 28 5489
28 48 6522
48 28 6522
28 49 3503
49 28 3503
28 50 1892
50 28 1892
28 51 171
51 28 171
28 52 6331
52 28 6331
28 53 3564
53 28 3564
28 54 4490
54 28 4490
28 55 2028
55 28 2028
28 56 6628
56 28 6628
28 57 169
57 28 169
28 58 48
58 28 48
28 59 1178
59 28 1178
28 60 4946
60 28 4946
28 61 6994
61 28 6994
28 62 4573
62 28 4573
28 63 5256
63 28 5256
28 64 4365
64 28 4365
28 65 1345
65 28 1345
28 66 5830
66 28 5830
28 67 3357
67 28 3357
28 68 5342
68 28 5342
28 69 571
69 28 571
29 30 2797
30 29 2797
29 31 5646
31 29 5646
29 32 5467
32 29 5467
29 33 6679
33 29 6679
29 34 1576
34 29 1576
29 35 1503
35 29 1503
29 36 959
36 29 959
29 37 1758
37 29 1758
29 38 3146
38 29 3146
29 39 474
39 29 474
29 40 2206
40 29 2206
29 41 4173
41 29 4173
29 42 2319
42 29 2319
29 43 6086
43 29 6086
29 44 2803
44 29 2803
29 45 5024
45 29 5024
29 46 6726
46 29 6726
29 47 5767
47 29 5767
29 48 4044
48 29 4044
29 49 350
49 29 350
29 50 6250
50 29 6250
29 51 1685
51 29 1685
29 52 5413
52 29 5413
29 53 5075
53 29 5075
29 54 4745
54 29 4745
29 55 4893
55 29 4893
29 56 1352
56 29 1352
29 57 3126
57 29 3126
29 58 3701
58 29 3701
29 59 2606
59 29 2606
29 60 3649
60 29 3649
29 61 3281
61 29 3281
29 62 1019
62 29 1019
29 63 170
63 29 170
29 64 3745
64 29 3745
29 65 2016
65 29 2016
29 66 4849
66 29 4849
29 67 4687
67 29 4687
29 68 6026
68 29 6026
29 69 7169
69 29 7169
30 31 2614
31 30 2614
30 32 4647
32 30 4647
30 33 3416
33 30 3416
30 34 6119
34 30 6119
30 35 5351
35 30 5351
30 36 6839
36 30 6839
30 37 6484
37 30 6484
30 38 3339
38 30 3339
30 39 2072
39 30 2072
30 40 2904
40 30 2904
30 41 2752
41 30 2752
30 42 4555
42 30 4555
30 43 7222
43 30 7222
30 44 1031
44 30 1031
30 45 2381
45 30 2381
30 46 7027
46 30 7027
30 47 220
47 30 220
30 48 2990
48 30 2990
30 49 7113
49 30 7113
30 50 7215
50 30 7215
30 51 3020
51 30 3020
30 52 2339
52 30 2339
30 53 1635
53 30 1635
30 54 5419
54 30 5419
30 55 6845
55 30 6845
30 56 2989
56 30 2989
30 57 2595
57 30 2595
30 58 1810
58 30 1810
30 59 7171
59 30 7171
30 60 2706
60 30 2706
30 61 7018
61 30 7018
30 62 5223
62 30 5223
30 63 5071
63 30 5071
30 64 4570
64 30 4570
30 65 548
65 30 548
30 66 7091
66 30 7091
30 67 6607
67 30 6607
30 68 6373
68 30 6373
30 69 3427
69 30 3427
31 32 4878
32 31 4878
31 33 4565
33 31 4565
31 34 169
34 31 169
31 35 6340
35 31 6340
31 36 6007
36 31 6007
31 37 5958
37 31 5958
31 38 2792
38 31 2792
31 39 5034
39 31 5034
31 40 7008
40 31 7008
31 41 1920
41 31 1920
31 42 6798
42 31 6798
31 43 6333
43 31 6333
31 44 5696
44 31 5696
31 45 841
45 31 841
31 46 2066
46 31 2066
31 47 6541
47 31 6541
31 48 5362
48 31 5362
31 49 7178
49 31 7178
31 50 7085
50 31 7085
31 51 4497
51 31 4497
31 52 3802
52 31 3802
31 53 3102
53 31 3102
31 54 3238
54 31 3238
31 55 3634
55 31 3634
31 56 3416
56 31 3416
31 57 2313
57 31 2313
31 58 6731
58 31 6731
31 59 4207
59 31 4207
31 60 6471
60 31 6471
31 61 7218
61 31 7218
31 62 236
62 31 236
31 63 2313
63 31 2313
31 64 4263
64 31 4263
31 65 603
65 31 603
31 66 5004
66 31 5004
31 67 4925
67 31 4925
31 68 6675
68 31 6675
31 69 1765
69 31 1765
32 33 2937
33 32 2937
32 34 5129
34 32 5129
32 35 717
35 32 717
32 36 954
36 32 954
32 37 4693
37 32 4693
32 38 5186
38 32 5186
32 39 6164
39 32 6164
32 40 5334
40 32 5334
32 41 1227
41 32 1227
32 42 1326
42 32 1326
32 43 1156
43 32 1156
32 44 1867
44 32 1867
32 45 6050
45 32 6050
32 46 2910
46 32 2910
32 47 6849
47 32 6849
32 48 4947
48 32 4947
32 49 4331
49 32 4331
32 50 6115
50 32 6115
32 51 5419
51 32 5419
32 52 3517
52 32 3517
32 53 631
53 32 631
32 54 222
54 32 222
32 55 5776
55 32 5776
32 56 749
56 32 749
32 57 4969
57 32 4969
32 58 1116
58 32 1116
32 59 6429
59 32 6429
32 60 6224
60 32 6224
32 61 3310
61 32 3310
32 62 5524
62 32 5524
32 63 6207
63 32 6207
32 64 633
64 32 633
32 65 5158
65 32 5158
32 66 3628
66 32 3628
32 67 5746
67 32 5746
32 68 6433
68 32 6433
32 69 3646
69 32 3646
33 34 2643
34 33 2643
33 35 440
35 33 440
33 36 4546
36 33 4546
33 37 1632
37 33 1632
33 38 3609
38 33 3609
33 39 3042
39 33 3042
33 40 3184
40 33 3184
33 41 7169
41 33 7169
33 42 2389
42 33 2389
33 43 610
43 33 610
33 44 99
44 33 99
33 45 6174
45 33 6174
33 46 6956
46 33 6956
33 47 1767
47 33 1767
33 48 201
48 33 201
33 49 935
49 33 935
33 50 313
50 33 313
33 51 7171
51 33 7171
33 52 2935
52 33 2935
33 53 5005
53 33 5005
33 54 3446
54 33 3446
33 55 2367
55 33 2367
33 56 2545
56 33 2545
33 57 7094
57 33 7094
33 58 5377
58 33 5377
33 59 3406
59 33 3406
33 60 5068
60 33 5068
33 61 3044
61 33 3044
33 62 232
62 33 232
33 63 2098
63 33 2098
33 64 6424
64 33 6424
33 65 6880
65 33 6880
33 66 6632
66 33 6632
33 67 3469
67 33 3469
33 68 7083
68 33 7083
33 69 3007
69 33 3007
34 35 292
35 34 292
34 36 467
36 34 467
34 37 2313
37 34 2313
34 38 5007
38 34 5007
34 39 4309
39 34 4309
34 40 4086
40 34 4086
34 41 3591
41 34 3591
34 42 5837
42 34 5837
34 43 6005
43 34 6005
34 44 7023
44 34 7023
34 45 6838
45 34 6838
34 46 4581
46 34 4581
34 47 5762
47 34 5762
34 48 2730
48 34 2730
34 49 279
49 34 279
34 50 3520
50 34 3520
34 51 2180
51 34 2180
34 52 7171
52 34 7171
34 53 6764
53 34 6764
34 54 1215
54 34 1215
34 55 2193
55 34 2193
34 56 2956
56 34 2956
34 57 7051
57 34 7051
34 58 6893
58 34 6893
34 59 4746
59 34 4746
34 60 3923
60 34 3923
34 61 5456
61 34 5456
34 62 690
62 34 690
34 63 6656
63 34 6656
34 64 3972
64 34 3972
34 65 6636
65 34 6636
34 66 1318
66 34 1318
34 67 3407
67 34 3407
34 68 2078
68 34 2078
34 69 5808
69 34 5808
35 36 1757
36 35 1757
35 37 6060
37 35 6060
35 38 6939
38 35 6939
35 39 1886
39 35 1886
35 40 3888
40 35 3888
35 41 2180
41 35 2180
35 42 1310
42 35 1310
35 43 1712
43 35 1712
35 44 885
44 35 885
35 45 3016
45 35 3016
35 46 2491
46 35 2491
35 47 771
47 35 771
35 48 2697
48 35 2697
35 49 90
49 35 90
35 50 6574
50 35 6574
35 51 354
51 35 354
35 52 4662
52 35 4662
35 53 4324
53 35 4324
35 54 7230
54 35 7230
35 55 4783
55 35 4783
35 56 2116
56 35 2116
35 57 188
57 35 188
35 58 1472
58 35 1472
35 59 5543
59 35 5543
35 60 4057
60 35 4057
35 61 2416
61 35 2416
35 62 2858
62 35 2858
35 63 6833
63 35 6833
35 64 23
64 35 23
35 65 5692
65 35 5692
35 66 1911
66 35 1911
35 67 3351
67 35 3351
35 68 2197
68 35 2197
35 69 5672
69 35 5672
36 37 10
37 36 10
36 38 7161
38 36 7161
36 39 3261
39 36 3261
36 40 6781
40 36 6781
36 41 1898
41 36 1898
36 42 6077
42 36 6077
36 43 1826
43 36 1826
36 44 5338
44 36 5338
36 45 3851
45 36 3851
36 46 972
46 36 972
36 47 3154
47 36 3154
36 48 3115
48 36 3115
36 49 4589
49 36 4589
36 50 2471
50 36 2471
36 51 2063
51 36 2063
36 52 4524
52 36 4524
36 53 100
53 36 100
36 54 1928
54 36 1928
36 55 1584
55 36 1584
36 56 5417
56 36 5417
36 57 673
57 36 673
36 58 5385
58 36 5385
36 59 2761
59 36 2761
36 60 6088
60 36 6088
36 61 2189
61 36 2189
36 62 2292
62 36 2292
36 63 448
63 36 448
36 64 2991
64 36 2991
36 65 546
65 36 546
36 66 6094
66 36 6094
36 67 4033
67 36 4033
36 68 5940
68 36 5940
36 69 6963
69 36 6963
37 38 6345
38 37 6345
37 39 2701
39 37 2701
37 40 3899
40 37 3899
37 41 1022
41 37 1022
37 42 1913
42 37 1913
37 43 5965
43 37 5965
37 44 6447
44 37 6447
37 45 5441
45 37 5441
37 46 348
46 37 348
37 47 5125
47 37 5125
37 48 4364
48 37 4364
37 49 5213
49 37 5213
37 50 746
50 37 746
37 51 3581
51 37 3581
37 52 1663
52 37 1663
37 53 3502
53 37 3502
37 54 3104
54 37 3104
37 55 4208
55 37 4208
37 56 1196
56 37 1196
