200 29850 50
0 1 13129
1 0 13129
0 2 21155
2 0 21155
0 3 7205
3 0 7205
0 4 19253
4 0 19253
0 5 35291
5 0 35291
0 6 9914
6 0 9914
0 7 35192
7 0 35192
0 9 18798
9 0 18798
0 11 36560
11 0 36560
0 12 8486
12 0 8486
0 14 43778
14 0 43778
0 16 28766
16 0 28766
0 17 10708
17 0 10708
0 18 15455
18 0 15455
0 19 15321
19 0 15321
0 20 11429
20 0 11429
0 21 30708
21 0 30708
0 22 14559
22 0 14559
0 23 7217
23 0 7217
0 24 17673
24 0 17673
0 25 17505
25 0 17505
0 26 36086
26 0 36086
0 27 10420
27 0 10420
0 28 12510
28 0 12510
0 29 23104
29 0 23104
0 30 29691
30 0 29691
0 31 29428
31 0 29428
0 32 2738
32 0 2738
0 33 34389
33 0 34389
0 34 1101
34 0 1101
0 35 38674
35 0 38674
0 36 17340
36 0 17340
0 37 14931
37 0 14931
0 38 32911
38 0 32911
0 39 23264
39 0 23264
0 41 20784
41 0 20784
0 42 26038
42 0 26038
0 43 551
43 0 551
0 45 42235
45 0 42235
0 46 32168
46 0 32168
0 47 18925
47 0 18925
0 51 22276
51 0 22276
0 52 26037
52 0 26037
0 53 19468
53 0 19468
0 54 2447
54 0 2447
0 55 11707
55 0 11707
0 56 36445
56 0 36445
0 57 28701
57 0 28701
0 58 8614
58 0 8614
0 59 13989
59 0 13989
0 61 21193
61 0 21193
0 62 31490
62 0 31490
0 63 28621
63 0 28621
0 65 11236
65 0 11236
0 66 10367
66 0 10367
0 67 15206
67 0 15206
0 68 419
68 0 419
0 69 34234
69 0 34234
0 70 1923
70 0 1923
0 71 25954
71 0 25954
0 72 40832
72 0 40832
0 73 14236
73 0 14236
0 74 38259
74 0 38259
0 75 13586
75 0 13586
0 76 7204
76 0 7204
0 77 27338
77 0 27338
0 79 40647
79 0 40647
0 80 18028
80 0 18028
0 82 22645
82 0 22645
0 83 21247
83 0 21247
0 84 35788
84 0 35788
0 89 1280
89 0 1280
0 91 28482
91 0 28482
0 92 28862
92 0 28862
0 94 37583
94 0 37583
0 95 4853
95 0 4853
0 96 4068
96 0 4068
0 97 34345
97 0 34345
0 98 1911
98 0 1911
0 99 28005
99 0 28005
0 100 42964
100 0 42964
0 103 1654
103 0 1654
0 104 19233
104 0 19233
0 107 4761
107 0 4761
0 109 37581
109 0 37581
0 110 3487
110 0 3487
0 111 4035
111 0 4035
0 112 42592
112 0 42592
0 114 38486
114 0 38486
0 115 7090
115 0 7090
0 116 18569
116 0 18569
0 117 25247
117 0 25247
0 118 18310
118 0 18310
0 119 29156
119 0 29156
0 120 9723
120 0 9723
0 122 8894
122 0 8894
0 124 16079
124 0 16079
0 125 17308
125 0 17308
0 127 10498
127 0 10498
0 128 2037
128 0 2037
0 129 29455
129 0 29455
0 130 39104
130 0 39104
0 131 26939
131 0 26939
0 132 8625
132 0 8625
0 134 11355
134 0 11355
0 135 34061
135 0 34061
0 136 9541
136 0 9541
0 138 31267
138 0 31267
0 139 39241
139 0 39241
0 140 15200
140 0 15200
0 142 11858
142 0 11858
0 143 28230
143 0 28230
0 144 31316
144 0 31316
0 145 38786
145 0 38786
0 147 7138
147 0 7138
0 148 38974
148 0 38974
0 149 39794
149 0 39794
0 151 29225
151 0 29225
0 153 17957
153 0 17957
0 157 23334
157 0 23334
0 158 34579
158 0 34579
0 160 32640
160 0 32640
0 161 30166
161 0 30166
0 162 29604
162 0 29604
0 163 24003
163 0 24003
0 166 18147
166 0 18147
0 168 39305
168 0 39305
0 169 33200
169 0 33200
0 170 36370
170 0 36370
0 171 12272
171 0 12272
0 172 7975
172 0 7975
0 173 5114
173 0 5114
0 175 5733
175 0 5733
0 176 28519
176 0 28519
0 177 30289
177 0 30289
0 178 29891
178 0 29891
0 182 36356
182 0 36356
0 185 43301
185 0 43301
0 186 30749
186 0 30749
0 187 24936
187 0 24936
0 189 17524
189 0 17524
0 190 43996
190 0 43996
0 191 23606
191 0 23606
0 192 39853
192 0 39853
0 193 29899
193 0 29899
0 194 31784
194 0 31784
0 196 2806
196 0 2806
0 198 35743
198 0 35743
0 199 42055
199 0 42055
1 2 6913
2 1 6913
1 4 33718
4 1 33718
1 5 41834
5 1 41834
1 6 36274
6 1 36274
1 7 7654
7 1 7654
1 8 32659
8 1 32659
1 9 13100
9 1 13100
1 10 25686
10 1 25686
1 13 36838
13 1 36838
1 14 11859
14 1 11859
1 15 22244
15 1 22244
1 16 43501
16 1 43501
1 17 39439
17 1 39439
1 19 3650
19 1 3650
1 20 28111
20 1 28111
1 21 12114
21 1 12114
1 23 8035
23 1 8035
1 25 43394
25 1 43394
1 26 4135
26 1 4135
1 27 6926
27 1 6926
1 28 38272
28 1 38272
1 29 949
29 1 949
1 31 31464
31 1 31464
1 32 35747
32 1 35747
1 34 16406
34 1 16406
1 38 18179
38 1 18179
1 45 33360
45 1 33360
1 46 24354
46 1 24354
1 47 11607
47 1 11607
1 48 9395
48 1 9395
1 51 29301
51 1 29301
1 53 116
53 1 116
1 54 11914
54 1 11914
1 55 10131
55 1 10131
1 56 15060
56 1 15060
1 57 8078
57 1 8078
1 58 44536
58 1 44536
1 59 33078
59 1 33078
1 60 41943
60 1 41943
1 61 44002
61 1 44002
1 62 13681
62 1 13681
1 64 32329
64 1 32329
1 67 43930
67 1 43930
1 68 10669
68 1 10669
1 69 24868
69 1 24868
1 71 23038
71 1 23038
1 72 36164
72 1 36164
1 74 12584
74 1 12584
1 76 6702
76 1 6702
1 78 13583
78 1 13583
1 79 609
79 1 609
1 80 264
80 1 264
1 81 34622
81 1 34622
1 83 29348
83 1 29348
1 84 33298
84 1 33298
1 85 34453
85 1 34453
1 86 6766
86 1 6766
1 87 30343
87 1 30343
1 88 14273
88 1 14273
1 89 19671
89 1 19671
1 90 10664
90 1 10664
1 91 19698
91 1 19698
1 92 28864
92 1 28864
1 94 12885
94 1 12885
1 95 6026
95 1 6026
1 96 10052
96 1 10052
1 97 6282
97 1 6282
1 98 35398
98 1 35398
1 99 30635
99 1 30635
1 100 8642
100 1 8642
1 101 15555
101 1 15555
1 102 19678
102 1 19678
1 103 42804
103 1 42804
1 105 24882
105 1 24882
1 106 15810
106 1 15810
1 108 24902
108 1 24902
1 109 41179
109 1 41179
1 110 44429
110 1 44429
1 111 30716
111 1 30716
1 112 34439
112 1 34439
1 113 39789
113 1 39789
1 114 20581
114 1 20581
1 115 27725
115 1 27725
1 116 19068
116 1 19068
1 117 18748
117 1 18748
1 118 22812
118 1 22812
1 119 24426
119 1 24426
1 121 28237
121 1 28237
1 122 24444
122 1 24444
1 124 9168
124 1 9168
1 125 19580
125 1 19580
1 126 36189
126 1 36189
1 127 980
127 1 980
1 128 28376
128 1 28376
1 129 33022
129 1 33022
1 130 21920
130 1 21920
1 132 2013
132 1 2013
1 133 18991
133 1 18991
1 134 31420
134 1 31420
1 136 36710
136 1 36710
1 137 29240
137 1 29240
1 138 1933
138 1 1933
1 139 44101
139 1 44101
1 140 19845
140 1 19845
1 141 7755
141 1 7755
1 143 36208
143 1 36208
1 144 22272
144 1 22272
1 145 14100
145 1 14100
1 146 18397
146 1 18397
1 147 2307
147 1 2307
1 148 29112
148 1 29112
1 150 17388
150 1 17388
1 151 32643
151 1 32643
1 152 6404
152 1 6404
1 153 25655
153 1 25655
1 154 40080
154 1 40080
1 156 25366
156 1 25366
1 157 21739
157 1 21739
1 158 22658
158 1 22658
1 160 6490
160 1 6490
1 161 9338
161 1 9338
1 162 17390
162 1 17390
1 164 18197
164 1 18197
1 165 12362
165 1 12362
1 166 21413
166 1 21413
1 169 16181
169 1 16181
1 170 44598
170 1 44598
1 171 12137
171 1 12137
1 172 43157
172 1 43157
1 173 233
173 1 233
1 175 7507
175 1 7507
1 176 17598
176 1 17598
1 177 40749
177 1 40749
1 178 36581
178 1 36581
1 180 17394
180 1 17394
1 181 41213
181 1 41213
1 182 39020
182 1 39020
1 183 18150
183 1 18150
1 184 21661
184 1 21661
1 186 23853
186 1 23853
1 187 19217
187 1 19217
1 188 34756
188 1 34756
1 190 18250
190 1 18250
1 191 319
191 1 319
1 192 40551
192 1 40551
1 193 17735
193 1 17735
1 194 19061
194 1 19061
1 195 40211
195 1 40211
1 196 23160
196 1 23160
1 197 11292
197 1 11292
1 198 40089
198 1 40089
1 199 32471
199 1 32471
2 3 17323
3 2 17323
2 4 9373
4 2 9373
2 5 10368
5 2 10368
2 6 2129
6 2 2129
2 7 1877
7 2 1877
2 8 4670
8 2 4670
2 9 23938
9 2 23938
2 10 27407
10 2 27407
2 11 8169
11 2 8169
2 15 30468
15 2 30468
2 16 18769
16 2 18769
2 17 33474
17 2 33474
2 18 2384
18 2 2384
2 19 1567
19 2 1567
2 21 12895
21 2 12895
2 22 1314
22 2 1314
2 23 42623
23 2 42623
2 25 8244
25 2 8244
2 26 39181
26 2 39181
2 27 15902
27 2 15902
2 28 14170
28 2 14170
2 29 20325
29 2 20325
2 30 29387
30 2 29387
2 31 15796
31 2 15796
2 33 14983
33 2 14983
2 36 42876
36 2 42876
2 37 43186
37 2 43186
2 39 23347
39 2 23347
2 40 42385
40 2 42385
2 41 44490
41 2 44490
2 42 32914
42 2 32914
2 43 22927
43 2 22927
2 44 43209
44 2 43209
2 45 43709
45 2 43709
2 46 33535
46 2 33535
2 47 10678
47 2 10678
2 48 17838
48 2 17838
2 49 21621
49 2 21621
2 50 21435
50 2 21435
2 51 11883
51 2 11883
2 52 11410
52 2 11410
2 53 330
53 2 330
2 54 18956
54 2 18956
2 57 28374
57 2 28374
2 58 38994
58 2 38994
2 59 37577
59 2 37577
2 60 29270
60 2 29270
2 61 32797
61 2 32797
2 63 44091
63 2 44091
2 64 34502
64 2 34502
2 65 13232
65 2 13232
2 68 31285
68 2 31285
2 69 31201
69 2 31201
2 70 19795
70 2 19795
2 73 38040
73 2 38040
2 74 34114
74 2 34114
2 75 19813
75 2 19813
2 76 5564
76 2 5564
2 77 17500
77 2 17500
2 80 35817
80 2 35817
2 81 27628
81 2 27628
2 82 13952
82 2 13952
2 83 14890
83 2 14890
2 84 44397
84 2 44397
2 87 34461
87 2 34461
2 88 9979
88 2 9979
2 89 4442
89 2 4442
2 90 38249
90 2 38249
2 92 16189
92 2 16189
2 94 33891
94 2 33891
2 95 37337
95 2 37337
2 96 31012
96 2 31012
2 97 31936
97 2 31936
2 99 23891
99 2 23891
2 100 23257
100 2 23257
2 101 24285
101 2 24285
2 102 29859
102 2 29859
2 103 40925
103 2 40925
2 105 9420
105 2 9420
2 106 30367
106 2 30367
2 107 26253
107 2 26253
2 109 25479
109 2 25479
2 110 5969
110 2 5969
2 112 23587
112 2 23587
2 113 3334
113 2 3334
2 114 16030
114 2 16030
2 115 26697
115 2 26697
2 118 39643
118 2 39643
2 119 7482
119 2 7482
2 120 37494
120 2 37494
2 122 43868
122 2 43868
2 123 29077
123 2 29077
2 124 40461
124 2 40461
2 125 28883
125 2 28883
2 126 44320
126 2 44320
2 128 44260
128 2 44260
2 129 44399
129 2 44399
2 130 25426
130 2 25426
2 133 24886
133 2 24886
2 134 33588
134 2 33588
2 135 35663
135 2 35663
2 136 21692
136 2 21692
2 138 42129
138 2 42129
2 139 37010
139 2 37010
2 141 2732
141 2 2732
2 143 11822
143 2 11822
2 145 15461
145 2 15461
2 146 15756
146 2 15756
2 147 42562
147 2 42562
2 149 21091
149 2 21091
2 150 2602
150 2 2602
2 152 15477
152 2 15477
2 154 7675
154 2 7675
2 155 28229
155 2 28229
2 156 37235
156 2 37235
2 157 1674
157 2 1674
2 158 21512
158 2 21512
2 159 8627
159 2 8627
2 160 9682
160 2 9682
2 161 44069
161 2 44069
2 162 35494
162 2 35494
2 163 31719
163 2 31719
2 165 18194
165 2 18194
2 166 25108
166 2 25108
2 167 29559
167 2 29559
2 170 3718
170 2 3718
2 171 28031
171 2 28031
2 173 19868
173 2 19868
2 175 2995
175 2 2995
2 176 22588
176 2 22588
2 178 36756
178 2 36756
2 179 39639
179 2 39639
2 180 5996
180 2 5996
2 182 23410
182 2 23410
2 183 31464
183 2 31464
2 184 33441
184 2 33441
2 186 44280
186 2 44280
2 187 20795
187 2 20795
2 188 12009
188 2 12009
2 189 40714
189 2 40714
2 191 15325
191 2 15325
2 192 43618
192 2 43618
2 194 117
194 2 117
2 195 31131
195 2 31131
2 196 31702
196 2 31702
2 197 42902
197 2 42902
2 198 14269
198 2 14269
2 199 15823
199 2 15823
3 4 34731
4 3 34731
3 5 32618
5 3 32618
3 6 18008
6 3 18008
3 7 23666
7 3 23666
3 8 499
8 3 499
3 9 38335
9 3 38335
3 10 39606
10 3 39606
3 11 5917
11 3 5917
3 12 37719
12 3 37719
3 13 20444
13 3 20444
3 14 9855
14 3 9855
3 15 37528
15 3 37528
3 16 32425
16 3 32425
3 17 27822
17 3 27822
3 19 13101
19 3 13101
3 20 2772
20 3 2772
3 21 13411
21 3 13411
3 23 32156
23 3 32156
3 24 18921
24 3 18921
3 25 15443
25 3 15443
3 26 20651
26 3 20651
3 28 19472
28 3 19472
3 29 26916
29 3 26916
3 32 23444
32 3 23444
3 33 16467
33 3 16467
3 34 30335
34 3 30335
3 35 11793
35 3 11793
3 36 20812
36 3 20812
3 38 7516
38 3 7516
3 39 19143
39 3 19143
3 40 6337
40 3 6337
3 42 24521
42 3 24521
3 43 23256
43 3 23256
3 44 31483
44 3 31483
3 45 12594
45 3 12594
3 46 29952
46 3 29952
3 48 30639
48 3 30639
3 49 28764
49 3 28764
3 51 20390
51 3 20390
3 52 41624
52 3 41624
3 53 38615
53 3 38615
3 54 8935
54 3 8935
3 55 12894
55 3 12894
3 56 12506
56 3 12506
3 58 1475
58 3 1475
3 59 31217
59 3 31217
3 61 33925
61 3 33925
3 62 33829
62 3 33829
3 65 10144
65 3 10144
3 66 805
66 3 805
3 67 9884
67 3 9884
3 69 3333
69 3 3333
3 70 41204
70 3 41204
3 72 14878
72 3 14878
3 73 4234
73 3 4234
3 74 37882
74 3 37882
3 76 16769
76 3 16769
3 77 37197
77 3 37197
3 78 25549
78 3 25549
3 80 29977
80 3 29977
3 84 39533
84 3 39533
3 85 35120
85 3 35120
3 86 658
86 3 658
3 87 22992
87 3 22992
3 88 6066
88 3 6066
3 89 2481
89 3 2481
3 90 24766
90 3 24766
3 91 3680
91 3 3680
3 93 14390
93 3 14390
3 94 21512
94 3 21512
3 95 38984
95 3 38984
3 97 37746
97 3 37746
3 98 37914
98 3 37914
3 99 14921
99 3 14921
3 101 40343
101 3 40343
3 102 14076
102 3 14076
3 103 18459
103 3 18459
3 105 8009
105 3 8009
3 106 17871
106 3 17871
3 107 12743
107 3 12743
3 108 24563
108 3 24563
3 109 42686
109 3 42686
3 110 23542
110 3 23542
3 111 42129
111 3 42129
3 112 32325
112 3 32325
3 113 2388
113 3 2388
3 114 26190
114 3 26190
3 116 36554
116 3 36554
3 117 2890
117 3 2890
3 118 21117
118 3 21117
3 119 1457
119 3 1457
3 120 11905
120 3 11905
3 121 3169
121 3 3169
3 122 33479
122 3 33479
3 124 18394
124 3 18394
3 125 8418
125 3 8418
3 126 12129
126 3 12129
3 128 39247
128 3 39247
3 129 5921
129 3 5921
3 130 10171
130 3 10171
3 131 22762
131 3 22762
3 132 16308
132 3 16308
3 133 41220
133 3 41220
3 136 34044
136 3 34044
3 138 29682
138 3 29682
3 139 1043
139 3 1043
3 140 19150
140 3 19150
3 141 2006
141 3 2006
3 142 9925
142 3 9925
3 143 36008
143 3 36008
3 144 11483
144 3 11483
3 145 9952
145 3 9952
3 146 1932
146 3 1932
3 147 33936
147 3 33936
3 148 41777
148 3 41777
3 149 9446
149 3 9446
3 150 17956
150 3 17956
3 151 15732
151 3 15732
3 153 21223
153 3 21223
3 154 9540
154 3 9540
3 155 23565
155 3 23565
3 156 16206
156 3 16206
3 157 33870
157 3 33870
3 158 29768
158 3 29768
3 159 26729
159 3 26729
3 160 25447
160 3 25447
3 161 4746
161 3 4746
3 162 15434
162 3 15434
3 164 11567
164 3 11567
3 165 3236
165 3 3236
3 170 2518
170 3 2518
3 171 40676
171 3 40676
3 172 7340
172 3 7340
3 173 3191
173 3 3191
3 174 6974
174 3 6974
3 175 31776
175 3 31776
3 176 26953
176 3 26953
3 177 41161
177 3 41161
3 178 18581
178 3 18581
3 180 28577
180 3 28577
3 183 28791
183 3 28791
3 184 17832
184 3 17832
3 185 21211
185 3 21211
3 186 4764
186 3 4764
3 187 2145
187 3 2145
3 190 24728
190 3 24728
3 191 3587
191 3 3587
3 192 17590
192 3 17590
3 193 18642
193 3 18642
3 194 1399
194 3 1399
3 195 14316
195 3 14316
3 196 23702
196 3 23702
3 197 40515
197 3 40515
3 199 32657
199 3 32657
4 5 13320
5 4 13320
4 6 20670
6 4 20670
4 8 31550
8 4 31550
4 9 17502
9 4 17502
4 10 11201
10 4 11201
4 11 16625
11 4 16625
4 12 17787
12 4 17787
4 13 17514
13 4 17514
4 14 32521
14 4 32521
4 15 19479
15 4 19479
4 16 12712
16 4 12712
4 17 3778
17 4 3778
4 18 41277
18 4 41277
4 19 42394
19 4 42394
4 20 39157
20 4 39157
4 21 19846
21 4 19846
4 22 26985
22 4 26985
4 23 25409
23 4 25409
4 24 32958
24 4 32958
4 26 3941
26 4 3941
4 28 4999
28 4 4999
4 29 19848
29 4 19848
4 30 43361
30 4 43361
4 31 14364
31 4 14364
4 34 6733
34 4 6733
4 35 22311
35 4 22311
4 36 5468
36 4 5468
4 37 43894
37 4 43894
4 39 1030
39 4 1030
4 40 43413
40 4 43413
4 41 26716
41 4 26716
4 43 1054
43 4 1054
4 44 9912
44 4 9912
4 45 24043
45 4 24043
4 49 35375
49 4 35375
4 51 36025
51 4 36025
4 52 24933
52 4 24933
4 54 17735
54 4 17735
4 56 19062
56 4 19062
4 57 23527
57 4 23527
4 58 30493
58 4 30493
4 59 36540
59 4 36540
4 60 27774
60 4 27774
4 61 1120
61 4 1120
4 62 8850
62 4 8850
4 63 14903
63 4 14903
4 64 43750
64 4 43750
4 65 24946
65 4 24946
4 66 8812
66 4 8812
4 68 7419
68 4 7419
4 70 30897
70 4 30897
4 71 40765
71 4 40765
4 73 25090
73 4 25090
4 74 31125
74 4 31125
4 75 22949
75 4 22949
4 77 17657
77 4 17657
4 79 21392
79 4 21392
4 80 38082
80 4 38082
4 81 8171
81 4 8171
4 82 34501
82 4 34501
4 84 23777
84 4 23777
4 85 37581
85 4 37581
4 86 30458
86 4 30458
4 87 31907
87 4 31907
4 89 7820
89 4 7820
4 90 13798
90 4 13798
4 91 23652
91 4 23652
4 93 3573
93 4 3573
4 94 33610
94 4 33610
4 95 356
95 4 356
4 96 20533
96 4 20533
4 97 9080
97 4 9080
4 98 41449
98 4 41449
4 99 8286
99 4 8286
4 100 18015
100 4 18015
4 101 30242
101 4 30242
4 102 34312
102 4 34312
4 103 25123
103 4 25123
4 104 16590
104 4 16590
4 105 12361
105 4 12361
4 107 25462
107 4 25462
4 108 35794
108 4 35794
4 109 38281
109 4 38281
4 110 6511
110 4 6511
4 111 19985
111 4 19985
4 113 38708
113 4 38708
4 116 10334
116 4 10334
4 118 37199
118 4 37199
4 120 44473
120 4 44473
4 123 11160
123 4 11160
4 126 7884
126 4 7884
4 127 18630
127 4 18630
4 128 19662
128 4 19662
4 131 13633
131 4 13633
4 133 35057
133 4 35057
4 134 44698
134 4 44698
4 135 6339
135 4 6339
4 136 8473
136 4 8473
4 137 33815
137 4 33815
4 140 2484
140 4 2484
4 141 6163
141 4 6163
4 142 11940
142 4 11940
4 143 38340
143 4 38340
4 146 30401
146 4 30401
4 148 2920
148 4 2920
4 150 2166
150 4 2166
4 152 23099
152 4 23099
4 153 480
153 4 480
4 154 37737
154 4 37737
4 155 24018
155 4 24018
4 156 20510
156 4 20510
4 157 10390
157 4 10390
4 158 38194
158 4 38194
4 159 40312
159 4 40312
4 160 2245
160 4 2245
4 161 29599
161 4 29599
4 163 20266
163 4 20266
4 165 5736
165 4 5736
4 166 29860
166 4 29860
4 169 7962
169 4 7962
4 170 29024
170 4 29024
4 172 12212
172 4 12212
4 173 14708
173 4 14708
4 174 15585
174 4 15585
4 177 15685
177 4 15685
4 178 3454
178 4 3454
4 180 18551
180 4 18551
4 181 25126
181 4 25126
4 182 17403
182 4 17403
4 183 10732
183 4 10732
4 184 36532
184 4 36532
4 186 18367
186 4 18367
4 187 24793
187 4 24793
4 190 14902
190 4 14902
4 191 6534
191 4 6534
4 192 21636
192 4 21636
4 193 15707
193 4 15707
4 195 31004
195 4 31004
4 196 1282
196 4 1282
4 198 43880
198 4 43880
5 6 6304
6 5 6304
5 7 30781
7 5 30781
5 9 5421
9 5 5421
5 10 42102
10 5 42102
5 11 39651
11 5 39651
5 13 15492
13 5 15492
5 14 1623
14 5 1623
5 15 14456
15 5 14456
5 16 22851
16 5 22851
5 17 38776
17 5 38776
5 18 44173
18 5 44173
5 19 12898
19 5 12898
5 20 9685
20 5 9685
5 21 32705
21 5 32705
5 22 8841
22 5 8841
5 24 44256
24 5 44256
5 26 36911
26 5 36911
5 27 712
27 5 712
5 28 5655
28 5 5655
5 29 15661
29 5 15661
5 30 102
30 5 102
5 32 15028
32 5 15028
5 34 41034
34 5 41034
5 35 34176
35 5 34176
5 36 18866
36 5 18866
5 38 43949
38 5 43949
5 39 40672
39 5 40672
5 42 12642
42 5 12642
5 43 42363
43 5 42363
5 44 28635
44 5 28635
5 45 30967
45 5 30967
5 46 24179
46 5 24179
5 47 10615
47 5 10615
5 48 10072
48 5 10072
5 49 16690
49 5 16690
5 50 20627
50 5 20627
5 51 19079
51 5 19079
5 52 33817
52 5 33817
5 54 24471
54 5 24471
5 55 5739
55 5 5739
5 56 14380
56 5 14380
5 57 33918
57 5 33918
5 58 44441
58 5 44441
5 61 20187
61 5 20187
5 63 17435
63 5 17435
5 64 1028
64 5 1028
5 65 30390
65 5 30390
5 66 31176
66 5 31176
5 67 6561
67 5 6561
5 68 18459
68 5 18459
5 69 5661
69 5 5661
5 70 18243
70 5 18243
5 71 32079
71 5 32079
5 72 39930
72 5 39930
5 74 12865
74 5 12865
5 76 23505
76 5 23505
5 77 29454
77 5 29454
5 78 26987
78 5 26987
5 80 19888
80 5 19888
5 81 28933
81 5 28933
5 82 731
82 5 731
5 83 41226
83 5 41226
5 84 29025
84 5 29025
5 85 18404
85 5 18404
5 87 25339
87 5 25339
5 90 36784
90 5 36784
5 92 14796
92 5 14796
5 93 41444
93 5 41444
5 94 17411
94 5 17411
5 95 33944
95 5 33944
5 97 11843
97 5 11843
5 100 32374
100 5 32374
5 101 12103
101 5 12103
5 102 1256
102 5 1256
5 103 13091
103 5 13091
5 104 36041
104 5 36041
5 105 28224
105 5 28224
5 106 8773
106 5 8773
5 108 23904
108 5 23904
5 110 7370
110 5 7370
5 112 7697
112 5 7697
5 114 17475
114 5 17475
5 115 14342
115 5 14342
5 117 13074
117 5 13074
5 118 4942
118 5 4942
5 119 12639
119 5 12639
5 120 29588
120 5 29588
5 121 11128
121 5 11128
5 122 40174
122 5 40174
5 125 13319
125 5 13319
5 126 5239
126 5 5239
5 127 30671
127 5 30671
5 128 23640
128 5 23640
5 129 35482
129 5 35482
5 130 29746
130 5 29746
5 131 6997
131 5 6997
5 132 1311
132 5 1311
5 133 31980
133 5 31980
5 135 14598
135 5 14598
5 136 27852
136 5 27852
5 137 674
137 5 674
5 138 44041
138 5 44041
5 140 31208
140 5 31208
5 141 43015
141 5 43015
5 143 42064
143 5 42064
5 145 332
145 5 332
5 147 15430
147 5 15430
5 148 3954
148 5 3954
5 149 24177
149 5 24177
5 151 25748
151 5 25748
5 152 35958
152 5 35958
5 153 44024
153 5 44024
5 154 11545
154 5 11545
5 157 20404
157 5 20404
5 158 23484
158 5 23484
5 159 44142
159 5 44142
5 160 11048
160 5 11048
5 161 38173
161 5 38173
5 162 39097
162 5 39097
5 163 16226
163 5 16226
5 164 34356
164 5 34356
5 165 5252
165 5 5252
5 166 41016
166 5 41016
5 167 7200
167 5 7200
5 168 43439
168 5 43439
5 169 38768
169 5 38768
5 170 38242
170 5 38242
5 171 40814
171 5 40814
5 172 18467
172 5 18467
5 173 33031
173 5 33031
5 174 37017
174 5 37017
5 175 21827
175 5 21827
5 176 2006
176 5 2006
5 177 7832
177 5 7832
5 178 31902
178 5 31902
5 179 6300
179 5 6300
5 180 32922
180 5 32922
5 181 44194
181 5 44194
5 183 35489
183 5 35489
5 184 43474
184 5 43474
5 185 37941
185 5 37941
5 186 10821
186 5 10821
5 188 23079
188 5 23079
5 189 16357
189 5 16357
5 190 17683
190 5 17683
5 191 33184
191 5 33184
5 192 17766
192 5 17766
5 193 33607
193 5 33607
5 196 23317
196 5 23317
6 7 31141
7 6 31141
6 8 40043
8 6 40043
6 9 15789
9 6 15789
6 10 18352
10 6 18352
6 11 14877
11 6 14877
6 12 43973
12 6 43973
6 13 18513
13 6 18513
6 15 43339
15 6 43339
6 16 12094
16 6 12094
6 18 44465
18 6 44465
6 19 1685
19 6 1685
6 20 28735
20 6 28735
6 22 4917
22 6 4917
6 23 18902
23 6 18902
6 25 6891
25 6 6891
6 26 43034
26 6 43034
6 27 34755
27 6 34755
6 28 33233
28 6 33233
6 29 26264
29 6 26264
6 30 40952
30 6 40952
6 31 16282
31 6 16282
6 32 7423
32 6 7423
6 33 14879
33 6 14879
6 34 41372
34 6 41372
6 35 31436
35 6 31436
6 36 28576
36 6 28576
6 37 30594
37 6 30594
6 38 16773
38 6 16773
6 40 8571
40 6 8571
6 41 26327
41 6 26327
6 42 23735
42 6 23735
6 43 39286
43 6 39286
6 44 23342
44 6 23342
6 45 20853
45 6 20853
6 46 1468
46 6 1468
6 48 21588
48 6 21588
6 49 42761
49 6 42761
6 51 17430
51 6 17430
6 53 38953
53 6 38953
6 54 30891
54 6 30891
6 55 55
55 6 55
6 57 13108
57 6 13108
6 58 34251
58 6 34251
6 61 2033
61 6 2033
6 62 41485
62 6 41485
6 63 4522
63 6 4522
6 64 21418
64 6 21418
6 65 35064
65 6 35064
6 66 39785
66 6 39785
6 67 36697
67 6 36697
6 70 42980
70 6 42980
6 71 29106
71 6 29106
6 72 21645
72 6 21645
6 73 42951
73 6 42951
6 74 21945
74 6 21945
6 75 910
75 6 910
6 76 43842
76 6 43842
6 77 24090
77 6 24090
6 78 31654
78 6 31654
6 80 22185
80 6 22185
6 81 2767
81 6 2767
6 83 12421
83 6 12421
6 84 39952
84 6 39952
6 85 35354
85 6 35354
6 86 8903
86 6 8903
6 87 2351
87 6 2351
6 88 20051
88 6 20051
6 89 16696
89 6 16696
6 90 10660
90 6 10660
6 91 9589
91 6 9589
6 93 18207
93 6 18207
6 94 17471
94 6 17471
6 96 7428
96 6 7428
6 97 25215
97 6 25215
6 98 5411
98 6 5411
6 99 7307
99 6 7307
6 101 22761
101 6 22761
6 102 24442
102 6 24442
6 105 24178
105 6 24178
6 106 17196
106 6 17196
6 107 34359
107 6 34359
6 108 16627
108 6 16627
6 109 21902
109 6 21902
6 110 10858
110 6 10858
6 112 13548
112 6 13548
6 113 26829
113 6 26829
6 114 5960
114 6 5960
6 115 7713
115 6 7713
6 116 21186
116 6 21186
6 117 9414
117 6 9414
6 118 10665
118 6 10665
6 119 6859
119 6 6859
6 121 21843
121 6 21843
6 122 43040
122 6 43040
6 123 27308
123 6 27308
6 125 14456
125 6 14456
6 126 44682
126 6 44682
6 128 13023
128 6 13023
6 133 25896
133 6 25896
6 136 4190
136 6 4190
6 137 22336
137 6 22336
6 138 14988
138 6 14988
6 139 27486
139 6 27486
6 141 40580
141 6 40580
6 142 31854
142 6 31854
6 144 26868
144 6 26868
6 147 42163
147 6 42163
6 148 29745
148 6 29745
6 149 21429
149 6 21429
6 150 24977
150 6 24977
6 151 6200
151 6 6200
6 152 15340
152 6 15340
6 153 23787
153 6 23787
6 155 1909
155 6 1909
6 157 11814
157 6 11814
6 158 26995
158 6 26995
6 159 29422
159 6 29422
6 160 36065
160 6 36065
6 162 42269
162 6 42269
6 164 14669
164 6 14669
6 165 14156
165 6 14156
6 167 17169
167 6 17169
6 172 2081
172 6 2081
6 173 28345
173 6 28345
6 174 34048
174 6 34048
6 175 24969
175 6 24969
6 176 7142
176 6 7142
6 177 2496
177 6 2496
6 179 5559
179 6 5559
6 180 6135
180 6 6135
6 181 41745
181 6 41745
6 185 7520
185 6 7520
6 188 30207
188 6 30207
6 189 16317
189 6 16317
6 191 29124
191 6 29124
6 192 17579
192 6 17579
6 193 37492
193 6 37492
6 194 554
194 6 554
6 195 9699
195 6 9699
6 196 21369
196 6 21369
6 197 40720
197 6 40720
6 198 41624
198 6 41624
6 199 20038
199 6 20038
7 9 14201
9 7 14201
7 11 2998
11 7 2998
7 12 38091
12 7 38091
7 13 17528
13 7 17528
7 15 34872
15 7 34872
7 16 20037
16 7 20037
7 17 7425
17 7 7425
7 18 33567
18 7 33567
7 21 40635
21 7 40635
7 22 25494
22 7 25494
7 23 13600
23 7 13600
7 24 27797
24 7 27797
7 25 33262
25 7 33262
7 26 40947
26 7 40947
7 27 9250
27 7 9250
7 29 24123
29 7 24123
7 30 3482
30 7 3482
7 33 21294
33 7 21294
7 34 11024
34 7 11024
7 35 34918
35 7 34918
7 36 3665
36 7 3665
7 38 14304
38 7 14304
7 39 14810
39 7 14810
7 40 9390
40 7 9390
7 42 22341
42 7 22341
7 43 21937
43 7 21937
7 44 34427
44 7 34427
7 46 5633
46 7 5633
7 47 33389
47 7 33389
7 48 25239
48 7 25239
7 49 37731
49 7 37731
7 50 31895
50 7 31895
7 51 44391
51 7 44391
7 52 44306
52 7 44306
7 53 42787
53 7 42787
7 54 23178
54 7 23178
7 55 7321
55 7 7321
7 56 23707
56 7 23707
7 57 10455
57 7 10455
7 58 33692
58 7 33692
7 60 33880
60 7 33880
7 61 5632
61 7 5632
7 62 9180
62 7 9180
7 63 24253
63 7 24253
7 65 38433
65 7 38433
7 66 32033
66 7 32033
7 67 36973
67 7 36973
7 68 469
68 7 469
7 69 11478
69 7 11478
7 70 32558
70 7 32558
7 71 34605
71 7 34605
7 72 42105
72 7 42105
7 73 19399
73 7 19399
7 74 13127
74 7 13127
7 77 5233
77 7 5233
7 78 10889
78 7 10889
7 80 657
80 7 657
7 81 27306
81 7 27306
7 82 11445
82 7 11445
7 84 28332
84 7 28332
7 85 39132
85 7 39132
7 86 23344
86 7 23344
7 87 38622
87 7 38622
7 88 24662
88 7 24662
7 89 507
89 7 507
7 90 7021
90 7 7021
7 93 6134
93 7 6134
7 95 40336
95 7 40336
7 96 41035
96 7 41035
7 97 18525
97 7 18525
7 98 22082
98 7 22082
7 99 42913
99 7 42913
7 100 1199
100 7 1199
7 102 10001
102 7 10001
7 103 11206
103 7 11206
7 104 11695
104 7 11695
7 105 16753
105 7 16753
7 106 36919
106 7 36919
7 108 31267
108 7 31267
7 110 35418
110 7 35418
7 111 30801
111 7 30801
7 112 27460
112 7 27460
7 113 19218
113 7 19218
7 114 34815
114 7 34815
7 115 35771
115 7 35771
7 116 16220
116 7 16220
7 118 378
118 7 378
7 119 934
119 7 934
7 120 11053
120 7 11053
7 121 24977
121 7 24977
7 122 2992
122 7 2992
7 123 16127
123 7 16127
7 125 38234
125 7 38234
7 127 16758
127 7 16758
7 128 27543
128 7 27543
7 129 11353
129 7 11353
7 131 35621
131 7 35621
7 132 11004
132 7 11004
7 133 27602
133 7 27602
7 135 2767
135 7 2767
7 136 22463
136 7 22463
7 138 7576
138 7 7576
7 139 22313
139 7 22313
7 141 21983
141 7 21983
7 142 27625
142 7 27625
7 143 41270
143 7 41270
7 145 13919
145 7 13919
7 148 3884
148 7 3884
7 149 31979
149 7 31979
7 150 41949
150 7 41949
7 151 253
151 7 253
7 152 36672
152 7 36672
7 153 24359
153 7 24359
7 154 9951
154 7 9951
7 155 32822
155 7 32822
7 156 8381
156 7 8381
7 157 5988
157 7 5988
7 158 534
158 7 534
7 159 31977
159 7 31977
7 160 27356
160 7 27356
7 161 44130
161 7 44130
7 162 18847
162 7 18847
7 163 18880
163 7 18880
7 164 20311
164 7 20311
7 165 7032
165 7 7032
7 167 3888
167 7 3888
7 168 27248
168 7 27248
7 169 19850
169 7 19850
7 170 35484
170 7 35484
7 171 33099
171 7 33099
7 172 26597
172 7 26597
7 173 30025
173 7 30025
7 174 2718
174 7 2718
7 175 21058
175 7 21058
7 176 1261
176 7 1261
7 178 2739
178 7 2739
7 179 29605
179 7 29605
7 180 11289
180 7 11289
7 183 40303
183 7 40303
7 185 23731
185 7 23731
7 186 16452
186 7 16452
7 187 33341
187 7 33341
7 188 10070
188 7 10070
7 189 9585
189 7 9585
7 190 43368
190 7 43368
7 191 7082
191 7 7082
7 193 44543
193 7 44543
7 194 15544
194 7 15544
7 195 9797
195 7 9797
7 196 17745
196 7 17745
7 197 34940
197 7 34940
7 198 35780
198 7 35780
8 9 27235
9 8 27235
8 10 28306
10 8 28306
8 11 28686
11 8 28686
8 12 21948
12 8 21948
8 13 10381
13 8 10381
8 14 20813
14 8 20813
8 15 42456
15 8 42456
8 17 16848
17 8 16848
8 18 44136
18 8 44136
8 19 3604
19 8 3604
8 20 38947
20 8 38947
8 21 38793
21 8 38793
8 22 10085
22 8 10085
8 23 12537
23 8 12537
8 24 12021
24 8 12021
8 25 2113
25 8 2113
8 27 10223
27 8 10223
8 28 32613
28 8 32613
8 29 22297
29 8 22297
8 30 9735
30 8 9735
8 31 33760
31 8 33760
8 32 7872
32 8 7872
8 33 30109
33 8 30109
8 35 8722
35 8 8722
8 36 35075
36 8 35075
8 37 37022
37 8 37022
8 38 21093
38 8 21093
8 39 24794
39 8 24794
8 40 23389
40 8 23389
8 41 15787
41 8 15787
8 43 7243
43 8 7243
8 44 25804
44 8 25804
8 45 44192
45 8 44192
8 47 12789
47 8 12789
8 48 25344
48 8 25344
8 49 41205
49 8 41205
8 50 31731
50 8 31731
8 51 41962
51 8 41962
8 52 25464
52 8 25464
8 54 31576
54 8 31576
8 55 13970
55 8 13970
8 56 2655
56 8 2655
8 57 26843
57 8 26843
8 59 16120
59 8 16120
8 60 44328
60 8 44328
8 62 31209
62 8 31209
8 63 32372
63 8 32372
8 64 6493
64 8 6493
8 65 34247
65 8 34247
8 66 2315
66 8 2315
8 67 29214
67 8 29214
8 68 36057
68 8 36057
8 69 44005
69 8 44005
8 70 21860
70 8 21860
8 73 23630
73 8 23630
8 74 27265
74 8 27265
8 75 31220
75 8 31220
8 77 39717
77 8 39717
8 78 25628
78 8 25628
8 79 21872
79 8 21872
8 80 15430
80 8 15430
8 81 35821
81 8 35821
8 83 40010
83 8 40010
8 84 35423
84 8 35423
8 87 25714
87 8 25714
8 88 22346
88 8 22346
8 90 3776
90 8 3776
8 91 2368
91 8 2368
8 93 3228
93 8 3228
8 94 19421
94 8 19421
8 96 12989
96 8 12989
8 98 23374
98 8 23374
8 99 24796
99 8 24796
8 100 832
100 8 832
8 101 10993
101 8 10993
8 102 27966
102 8 27966
8 103 12665
103 8 12665
8 104 36723
104 8 36723
8 105 35177
105 8 35177
8 107 33551
107 8 33551
8 110 14019
110 8 14019
8 111 4505
111 8 4505
8 112 4493
112 8 4493
8 113 31626
113 8 31626
8 114 25964
114 8 25964
8 115 16808
115 8 16808
8 116 21352
116 8 21352
8 117 22929
117 8 22929
8 118 677
118 8 677
8 121 37798
121 8 37798
8 122 27388
122 8 27388
8 123 7187
123 8 7187
8 124 1519
124 8 1519
8 127 26954
127 8 26954
8 128 2945
128 8 2945
8 130 8399
130 8 8399
8 131 43074
131 8 43074
8 133 3788
133 8 3788
8 134 5090
134 8 5090
8 136 43003
136 8 43003
8 137 32017
137 8 32017
8 138 36744
138 8 36744
8 139 37151
139 8 37151
8 140 943
140 8 943
8 141 3765
141 8 3765
8 142 19106
142 8 19106
8 144 5271
144 8 5271
8 145 11355
145 8 11355
8 146 21299
146 8 21299
8 147 8263
147 8 8263
8 150 39974
150 8 39974
8 151 1206
151 8 1206
8 152 19985
152 8 19985
8 153 16889
153 8 16889
8 155 39481
155 8 39481
8 157 28788
157 8 28788
8 159 10505
159 8 10505
8 160 5147
160 8 5147
8 161 37795
161 8 37795
8 162 39517
162 8 39517
8 163 10089
163 8 10089
8 164 16041
164 8 16041
8 165 27469
165 8 27469
8 168 24122
168 8 24122
8 170 5122
170 8 5122
8 171 10194
171 8 10194
8 172 33361
172 8 33361
8 173 17236
173 8 17236
8 174 34557
174 8 34557
8 175 28762
175 8 28762
8 176 12708
176 8 12708
8 178 30218
178 8 30218
8 180 44004
180 8 44004
8 181 7322
181 8 7322
8 184 37145
184 8 37145
8 185 5860
185 8 5860
8 186 9979
186 8 9979
8 187 15574
187 8 15574
8 188 4552
188 8 4552
8 193 12611
193 8 12611
8 194 18319
194 8 18319
8 195 10808
195 8 10808
8 196 11137
196 8 11137
8 197 34492
197 8 34492
8 198 24146
198 8 24146
8 199 17335
199 8 17335
9 10 21240
10 9 21240
9 11 5046
11 9 5046
9 12 22889
12 9 22889
9 13 33412
13 9 33412
9 16 43597
16 9 43597
9 17 31017
17 9 31017
9 18 932
18 9 932
9 19 6345
19 9 6345
9 21 32811
21 9 32811
9 22 6578
22 9 6578
9 24 10270
24 9 10270
9 25 23828
25 9 23828
9 26 16259
26 9 16259
9 27 31655
27 9 31655
9 29 9117
29 9 9117
9 30 43966
30 9 43966
9 32 37244
32 9 37244
9 35 44389
35 9 44389
9 36 25062
36 9 25062
9 38 40028
38 9 40028
9 40 6194
40 9 6194
9 41 35585
41 9 35585
9 43 32428
43 9 32428
9 48 7831
48 9 7831
9 51 2923
51 9 2923
9 52 9741
52 9 9741
9 53 15456
53 9 15456
9 54 21569
54 9 21569
9 55 7579
55 9 7579
9 57 29459
57 9 29459
9 59 42473
59 9 42473
9 60 22569
60 9 22569
9 61 25122
61 9 25122
9 63 3740
63 9 3740
9 64 7149
64 9 7149
9 65 31340
65 9 31340
9 67 38206
67 9 38206
9 68 15632
68 9 15632
9 69 33990
69 9 33990
9 70 33347
70 9 33347
9 71 21210
71 9 21210
9 72 10388
72 9 10388
9 73 13225
73 9 13225
9 74 15252
74 9 15252
9 75 23406
75 9 23406
9 76 25995
76 9 25995
9 77 35926
77 9 35926
9 78 13177
78 9 13177
9 79 22779
79 9 22779
9 80 11157
80 9 11157
9 82 25984
82 9 25984
9 83 25851
83 9 25851
9 85 11046
85 9 11046
9 86 100
86 9 100
9 87 26424
87 9 26424
9 89 30625
89 9 30625
9 90 30882
90 9 30882
9 91 24151
91 9 24151
9 93 26399
93 9 26399
9 95 2363
95 9 2363
9 96 31635
96 9 31635
9 97 19865
97 9 19865
9 98 34363
98 9 34363
9 99 8636
99 9 8636
9 100 34433
100 9 34433
9 101 41429
101 9 41429
9 102 25638
102 9 25638
9 103 17880
103 9 17880
9 104 42321
104 9 42321
9 106 7124
106 9 7124
9 107 8658
107 9 8658
9 108 2040
108 9 2040
9 109 19451
109 9 19451
9 110 12671
110 9 12671
9 111 1789
111 9 1789
9 112 41708
112 9 41708
9 114 27494
114 9 27494
9 116 27100
116 9 27100
9 118 27719
118 9 27719
9 119 40021
119 9 40021
9 121 25911
121 9 25911
9 122 25850
122 9 25850
9 124 9943
124 9 9943
9 126 37427
126 9 37427
9 127 17544
127 9 17544
9 128 13071
128 9 13071
9 129 18550
129 9 18550
9 130 26026
130 9 26026
9 131 9790
131 9 9790
9 132 24432
132 9 24432
9 134 38716
134 9 38716
9 136 15370
136 9 15370
9 137 30321
137 9 30321
9 138 11199
138 9 11199
9 140 20781
140 9 20781
9 143 40734
143 9 40734
9 144 41720
144 9 41720
9 145 2287
145 9 2287
9 146 14571
146 9 14571
9 147 4729
147 9 4729
9 148 4639
148 9 4639
9 149 39286
149 9 39286
9 150 13578
150 9 13578
9 153 37672
153 9 37672
9 154 8217
154 9 8217
9 155 16967
155 9 16967
9 156 16979
156 9 16979
9 157 23903
157 9 23903
9 158 33232
158 9 33232
9 159 1187
159 9 1187
9 160 32334
160 9 32334
9 161 28455
161 9 28455
9 162 43665
162 9 43665
9 163 17446
163 9 17446
9 165 16223
165 9 16223
9 166 3346
166 9 3346
9 168 12304
168 9 12304
9 169 19616
169 9 19616
9 170 19510
170 9 19510
9 172 33476
172 9 33476
9 173 15265
173 9 15265
9 174 21484
174 9 21484
9 175 35795
175 9 35795
9 176 20857
176 9 20857
9 179 4417
179 9 4417
9 180 25160
180 9 25160
9 182 4329
182 9 4329
9 184 2734
184 9 2734
9 185 18414
185 9 18414
9 186 43341
186 9 43341
9 187 32650
187 9 32650
9 188 35184
188 9 35184
9 191 29623
191 9 29623
9 192 41933
192 9 41933
9 194 32967
194 9 32967
9 195 9775
195 9 9775
9 196 35579
196 9 35579
9 197 41868
197 9 41868
9 199 18327
199 9 18327
10 11 14292
11 10 14292
10 12 13144
12 10 13144
10 13 15107
13 10 15107
10 14 12154
14 10 12154
10 15 7980
15 10 7980
10 18 17049
18 10 17049
10 19 23121
19 10 23121
10 20 26965
20 10 26965
10 21 24066
21 10 24066
10 22 16017
22 10 16017
10 23 16703
23 10 16703
10 24 2756
24 10 2756
10 26 5525
26 10 5525
10 27 24639
27 10 24639
10 28 12848
28 10 12848
10 29 44658
29 10 44658
10 33 37862
33 10 37862
10 34 1220
34 10 1220
10 35 41292
35 10 41292
10 36 9311
36 10 9311
10 37 4463
37 10 4463
10 38 1479
38 10 1479
10 39 41737
39 10 41737
10 41 31219
41 10 31219
10 42 31771
42 10 31771
10 43 43822
43 10 43822
10 44 31256
44 10 31256
10 45 7791
45 10 7791
10 47 24608
47 10 24608
10 48 12895
48 10 12895
10 50 4314
50 10 4314
10 51 10453
51 10 10453
10 52 29095
52 10 29095
10 53 18652
53 10 18652
10 54 1781
54 10 1781
10 56 33911
56 10 33911
10 57 39719
57 10 39719
10 58 28447
58 10 28447
10 59 26456
59 10 26456
10 61 24624
61 10 24624
10 62 3779
62 10 3779
10 63 21392
63 10 21392
10 65 36988
65 10 36988
10 67 27850
67 10 27850
10 68 32490
68 10 32490
10 69 14127
69 10 14127
10 70 15524
70 10 15524
10 71 39025
71 10 39025
10 72 23160
72 10 23160
10 74 26360
74 10 26360
10 75 32431
75 10 32431
10 76 40449
76 10 40449
10 77 4132
77 10 4132
10 78 13056
78 10 13056
10 79 3936
79 10 3936
10 80 19622
80 10 19622
10 81 43474
81 10 43474
10 82 14776
82 10 14776
10 83 12278
83 10 12278
10 84 30662
84 10 30662
10 85 32225
85 10 32225
10 86 43952
86 10 43952
10 87 32410
87 10 32410
10 88 26406
88 10 26406
10 91 42611
91 10 42611
10 92 26185
92 10 26185
10 94 10351
94 10 10351
10 95 16129
95 10 16129
10 100 3131
100 10 3131
10 103 8614
103 10 8614
10 104 41385
104 10 41385
10 106 42198
106 10 42198
10 107 9601
107 10 9601
10 108 21748
108 10 21748
10 109 12863
109 10 12863
10 110 982
110 10 982
10 111 33383
111 10 33383
10 112 10340
112 10 10340
10 113 41197
113 10 41197
10 114 7997
114 10 7997
10 116 14730
116 10 14730
10 117 36971
117 10 36971
10 118 39248
118 10 39248
10 119 18064
119 10 18064
10 120 40205
120 10 40205
10 121 22231
121 10 22231
10 122 36288
122 10 36288
10 123 7137
123 10 7137
10 124 14687
124 10 14687
10 127 12582
127 10 12582
10 128 37449
128 10 37449
10 131 4031
131 10 4031
10 132 8500
132 10 8500
10 133 23651
133 10 23651
10 134 44657
134 10 44657
10 135 14589
135 10 14589
10 137 40958
137 10 40958
10 139 3776
139 10 3776
10 141 8132
141 10 8132
10 144 7632
144 10 7632
10 146 8415
146 10 8415
10 147 7754
147 10 7754
10 148 7229
148 10 7229
10 149 25340
149 10 25340
10 150 11573
150 10 11573
10 153 17320
153 10 17320
10 155 29988
155 10 29988
10 158 21639
158 10 21639
10 159 16957
159 10 16957
10 160 39727
160 10 39727
10 162 33194
162 10 33194
10 163 41762
163 10 41762
10 164 36264
164 10 36264
10 166 42719
166 10 42719
10 168 36039
168 10 36039
10 169 29969
169 10 29969
10 170 13193
170 10 13193
10 171 20578
171 10 20578
10 172 32797
172 10 32797
10 173 1757
173 10 1757
10 174 15146
174 10 15146
10 175 11764
175 10 11764
10 176 658
176 10 658
10 177 8034
177 10 8034
10 178 37258
178 10 37258
10 179 24942
179 10 24942
10 180 34899
180 10 34899
10 182 20277
182 10 20277
10 184 14522
184 10 14522
10 185 28012
185 10 28012
10 186 21010
186 10 21010
10 187 32394
187 10 32394
10 190 16482
190 10 16482
10 191 43643
191 10 43643
10 193 44548
193 10 44548
10 194 3878
194 10 3878
10 195 15465
195 10 15465
10 196 42694
196 10 42694
10 197 15618
197 10 15618
10 199 26340
199 10 26340
11 12 7248
12 11 7248
11 13 16451
13 11 16451
11 14 34669
14 11 34669
11 15 28046
15 11 28046
11 17 22972
17 11 22972
11 18 35916
18 11 35916
11 19 8633
19 11 8633
11 20 13087
20 11 13087
11 21 6013
21 11 6013
11 22 10469
22 11 10469
11 23 34459
23 11 34459
11 24 33536
24 11 33536
11 25 33958
25 11 33958
11 28 5171
28 11 5171
11 30 36591
30 11 36591
11 31 37578
31 11 37578
11 32 5240
32 11 5240
11 33 24204
33 11 24204
11 34 18829
34 11 18829
11 35 26496
35 11 26496
11 37 31580
37 11 31580
11 38 37134
38 11 37134
11 39 14839
39 11 14839
11 40 617
40 11 617
11 41 20597
41 11 20597
11 42 41420
42 11 41420
11 44 18022
44 11 18022
11 47 37859
47 11 37859
11 48 18155
48 11 18155
11 49 39446
49 11 39446
11 50 25144
50 11 25144
11 54 34823
54 11 34823
11 55 3431
55 11 3431
11 56 16805
56 11 16805
11 57 29314
57 11 29314
11 58 26116
58 11 26116
11 59 39466
59 11 39466
11 60 16244
60 11 16244
11 61 8763
61 11 8763
11 63 14155
63 11 14155
11 64 37632
64 11 37632
11 65 44332
65 11 44332
11 67 17117
67 11 17117
11 69 44693
69 11 44693
11 70 5795
70 11 5795
11 71 276
71 11 276
11 72 12360
72 11 12360
11 73 31724
73 11 31724
11 74 38325
74 11 38325
11 75 13547
75 11 13547
11 76 14093
76 11 14093
11 77 43155
77 11 43155
11 78 31465
78 11 31465
11 79 3575
79 11 3575
11 81 22625
81 11 22625
11 82 27336
82 11 27336
11 83 41699
83 11 41699
11 84 5105
84 11 5105
11 85 31169
85 11 31169
11 86 37311
86 11 37311
11 87 10469
87 11 10469
11 88 19116
88 11 19116
11 90 31070
90 11 31070
11 91 921
91 11 921
11 92 42434
92 11 42434
11 93 31801
93 11 31801
11 94 36389
94 11 36389
11 95 41984
95 11 41984
11 98 23882
98 11 23882
11 99 23415
99 11 23415
11 100 42453
100 11 42453
11 101 3517
101 11 3517
11 102 23686
102 11 23686
11 103 17766
103 11 17766
11 104 32391
104 11 32391
11 105 26696
105 11 26696
11 107 23792
107 11 23792
11 109 31821
109 11 31821
11 110 13996
110 11 13996
11 111 39799
111 11 39799
11 112 40094
112 11 40094
11 115 15993
115 11 15993
11 116 38369
116 11 38369
11 118 21073
118 11 21073
11 119 37253
119 11 37253
11 120 40624
120 11 40624
11 121 7520
121 11 7520
11 122 8555
122 11 8555
11 123 18003
123 11 18003
11 127 27250
127 11 27250
11 128 44686
128 11 44686
11 129 43230
129 11 43230
11 130 32306
130 11 32306
11 133 3202
133 11 3202
11 134 37419
134 11 37419
11 135 27909
135 11 27909
11 137 39948
137 11 39948
11 138 35731
138 11 35731
11 139 29459
139 11 29459
11 140 5441
140 11 5441
11 141 40865
141 11 40865
11 142 6402
142 11 6402
11 143 38018
143 11 38018
11 144 7899
144 11 7899
11 146 29136
146 11 29136
11 147 34251
147 11 34251
11 149 34685
149 11 34685
11 151 17322
151 11 17322
11 152 29376
152 11 29376
11 153 24157
153 11 24157
11 154 42548
154 11 42548
11 157 25895
157 11 25895
11 158 1913
158 11 1913
11 161 20655
161 11 20655
11 162 26278
162 11 26278
11 165 33448
165 11 33448
11 166 16137
166 11 16137
11 167 18897
167 11 18897
11 168 37216
168 11 37216
11 169 36560
169 11 36560
11 172 21852
172 11 21852
11 173 30463
173 11 30463
11 175 10959
175 11 10959
11 176 38815
176 11 38815
11 177 18806
177 11 18806
11 178 24589
178 11 24589
11 180 34642
180 11 34642
11 181 27022
181 11 27022
11 182 2527
182 11 2527
11 183 2003
183 11 2003
11 184 32016
184 11 32016
11 185 28367
185 11 28367
11 186 42115
186 11 42115
11 187 32760
187 11 32760
11 190 18983
190 11 18983
11 191 231
191 11 231
11 192 39876
192 11 39876
11 194 16626
194 11 16626
11 196 17913
196 11 17913
11 197 41411
197 11 41411
11 198 13700
198 11 13700
