100 7424 91
0 1 1396
1 0 1396
0 5 5751
5 0 5751
0 7 2329
7 0 2329
0 8 673
8 0 673
0 10 2667
10 0 2667
0 11 6576
11 0 6576
0 12 9511
12 0 9511
0 13 3163
13 0 3163
0 14 8296
14 0 8296
0 15 6358
15 0 6358
0 16 1290
16 0 1290
0 18 10373
18 0 10373
0 19 3467
19 0 3467
0 21 8955
21 0 8955
0 22 1049
22 0 1049
0 25 1696
25 0 1696
0 26 3904
26 0 3904
0 27 10852
27 0 10852
0 28 10210
28 0 10210
0 30 4907
30 0 4907
0 33 11077
33 0 11077
0 34 3642
34 0 3642
0 35 2144
35 0 2144
0 36 8350
36 0 8350
0 37 10974
37 0 10974
0 38 5242
38 0 5242
0 39 5761
39 0 5761
0 40 6849
40 0 6849
0 41 9402
41 0 9402
0 44 10511
44 0 10511
0 45 9349
45 0 9349
0 46 9934
46 0 9934
0 47 9098
47 0 9098
0 48 8962
48 0 8962
0 49 897
49 0 897
0 51 7178
51 0 7178
0 53 10636
53 0 10636
0 54 7218
54 0 7218
0 56 913
56 0 913
0 57 7622
57 0 7622
0 58 9668
58 0 9668
0 59 4079
59 0 4079
0 60 2750
60 0 2750
0 61 10641
61 0 10641
0 62 3750
62 0 3750
0 64 5836
64 0 5836
0 65 9607
65 0 9607
0 67 10847
67 0 10847
0 68 8374
68 0 8374
0 70 977
70 0 977
0 71 9212
71 0 9212
0 72 8761
72 0 8761
0 73 2503
73 0 2503
0 74 8911
74 0 8911
0 75 1561
75 0 1561
0 78 4470
78 0 4470
0 79 1354
79 0 1354
0 82 10050
82 0 10050
0 83 1855
83 0 1855
0 84 1951
84 0 1951
0 86 1975
86 0 1975
0 87 1457
87 0 1457
0 88 6564
88 0 6564
0 92 10010
92 0 10010
0 93 2289
93 0 2289
0 94 2574
94 0 2574
0 95 3732
95 0 3732
0 97 564
97 0 564
0 99 6152
99 0 6152
1 2 2303
2 1 2303
1 3 9263
3 1 9263
1 4 2640
4 1 2640
1 5 1187
5 1 1187
1 6 10768
6 1 10768
1 8 9417
8 1 9417
1 9 7432
9 1 7432
1 10 11066
10 1 11066
1 11 8518
11 1 8518
1 13 5990
13 1 5990
1 14 10863
14 1 10863
1 15 9067
15 1 9067
1 18 654
18 1 654
1 19 9576
19 1 9576
1 20 2796
20 1 2796
1 21 9109
21 1 9109
1 22 6927
22 1 6927
1 23 11005
23 1 11005
1 24 7203
24 1 7203
1 25 8395
25 1 8395
1 27 5502
27 1 5502
1 29 1981
29 1 1981
1 30 3736
30 1 3736
1 31 4787
31 1 4787
1 32 2475
32 1 2475
1 34 9989
34 1 9989
1 35 1850
35 1 1850
1 36 7146
36 1 7146
1 37 1334
37 1 1334
1 38 3340
38 1 3340
1 40 3931
40 1 3931
1 41 10049
41 1 10049
1 42 3198
42 1 3198
1 43 465
43 1 465
1 44 6369
44 1 6369
1 46 10709
46 1 10709
1 47 3399
47 1 3399
1 48 6803
48 1 6803
1 49 2235
49 1 2235
1 50 3897
50 1 3897
1 51 4293
51 1 4293
1 52 5051
52 1 5051
1 55 9568
55 1 9568
1 56 1224
56 1 1224
1 57 901
57 1 901
1 59 9615
59 1 9615
1 61 11062
61 1 11062
1 62 3424
62 1 3424
1 63 6117
63 1 6117
1 64 10989
64 1 10989
1 65 2467
65 1 2467
1 66 9442
66 1 9442
1 67 4890
67 1 4890
1 68 1238
68 1 1238
1 69 8008
69 1 8008
1 72 3165
72 1 3165
1 74 8253
74 1 8253
1 75 6413
75 1 6413
1 76 8987
76 1 8987
1 77 9650
77 1 9650
1 78 3419
78 1 3419
1 79 488
79 1 488
1 80 7751
80 1 7751
1 81 4240
81 1 4240
1 82 2917
82 1 2917
1 83 3120
83 1 3120
1 84 3844
84 1 3844
1 85 10925
85 1 10925
1 87 7480
87 1 7480
1 88 9686
88 1 9686
1 89 7186
89 1 7186
1 90 5605
90 1 5605
1 91 3698
91 1 3698
1 93 9759
93 1 9759
1 95 6452
95 1 6452
1 96 6496
96 1 6496
1 97 9655
97 1 9655
1 99 3851
99 1 3851
2 3 10274
3 2 10274
2 4 5356
4 2 5356
2 6 9370
6 2 9370
2 7 2255
7 2 2255
2 10 10342
10 2 10342
2 11 7006
11 2 7006
2 13 3514
13 2 3514
2 14 1618
14 2 1618
2 15 5535
15 2 5535
2 17 10985
17 2 10985
2 19 1103
19 2 1103
2 21 5148
21 2 5148
2 22 9623
22 2 9623
2 23 4333
23 2 4333
2 24 7783
24 2 7783
2 25 10944
25 2 10944
2 26 1158
26 2 1158
2 27 10887
27 2 10887
2 28 6660
28 2 6660
2 29 3037
29 2 3037
2 30 987
30 2 987
2 31 4260
31 2 4260
2 32 6245
32 2 6245
2 34 122
34 2 122
2 35 10364
35 2 10364
2 36 6696
36 2 6696
2 38 7873
38 2 7873
2 40 2778
40 2 2778
2 41 4998
41 2 4998
2 42 3442
42 2 3442
2 43 397
43 2 397
2 44 3040
44 2 3040
2 45 528
45 2 528
2 46 90
46 2 90
2 47 10227
47 2 10227
2 48 8502
48 2 8502
2 49 2488
49 2 2488
2 50 5685
50 2 5685
2 54 67
54 2 67
2 55 9533
55 2 9533
2 56 7120
56 2 7120
2 57 672
57 2 672
2 58 6995
58 2 6995
2 59 1351
59 2 1351
2 60 7385
60 2 7385
2 61 8893
61 2 8893
2 62 3031
62 2 3031
2 63 2574
63 2 2574
2 65 8537
65 2 8537
2 66 4954
66 2 4954
2 67 3362
67 2 3362
2 69 3071
69 2 3071
2 70 7626
70 2 7626
2 71 1097
71 2 1097
2 72 10621
72 2 10621
2 73 2304
73 2 2304
2 74 7632
74 2 7632
2 75 701
75 2 701
2 76 4572
76 2 4572
2 77 6399
77 2 6399
2 79 7778
79 2 7778
2 80 1355
80 2 1355
2 83 7839
83 2 7839
2 84 4437
84 2 4437
2 85 8567
85 2 8567
2 86 5797
86 2 5797
2 88 1764
88 2 1764
2 89 7641
89 2 7641
2 90 9840
90 2 9840
2 91 10843
91 2 10843
2 92 6741
92 2 6741
2 93 1609
93 2 1609
2 94 6638
94 2 6638
2 95 1567
95 2 1567
2 96 3532
96 2 3532
2 97 7435
97 2 7435
2 98 1305
98 2 1305
2 99 7624
99 2 7624
3 4 1073
4 3 1073
3 5 4152
5 3 4152
3 6 7924
6 3 7924
3 7 286
7 3 286
3 8 7707
8 3 7707
3 9 8328
9 3 8328
3 10 991
10 3 991
3 12 4812
12 3 4812
3 13 4997
13 3 4997
3 14 6971
14 3 6971
3 15 9442
15 3 9442
3 16 10493
16 3 10493
3 17 6470
17 3 6470
3 18 2011
18 3 2011
3 19 6496
19 3 6496
3 21 926
21 3 926
3 22 1261
22 3 1261
3 23 234
23 3 234
3 24 7132
24 3 7132
3 25 9529
25 3 9529
3 26 10619
26 3 10619
3 27 1661
27 3 1661
3 28 1626
28 3 1626
3 29 7996
29 3 7996
3 30 4059
30 3 4059
3 31 7264
31 3 7264
3 33 9074
33 3 9074
3 34 6317
34 3 6317
3 35 3479
35 3 3479
3 37 3477
37 3 3477
3 39 7054
39 3 7054
3 41 7625
41 3 7625
3 42 1372
42 3 1372
3 44 7224
44 3 7224
3 45 2898
45 3 2898
3 47 9743
47 3 9743
3 48 7604
48 3 7604
3 49 7339
49 3 7339
3 51 928
51 3 928
3 54 1514
54 3 1514
3 55 6994
55 3 6994
3 56 5374
56 3 5374
3 57 11059
57 3 11059
3 58 5983
58 3 5983
3 59 9383
59 3 9383
3 60 9333
60 3 9333
3 61 3618
61 3 3618
3 63 10787
63 3 10787
3 64 6202
64 3 6202
3 65 4202
65 3 4202
3 66 130
66 3 130
3 70 4039
70 3 4039
3 71 1942
71 3 1942
3 72 7828
72 3 7828
3 73 8866
73 3 8866
3 74 2989
74 3 2989
3 75 3414
75 3 3414
3 76 1843
76 3 1843
3 77 3384
77 3 3384
3 79 4075
79 3 4075
3 80 8367
80 3 8367
3 81 57
81 3 57
3 82 846
82 3 846
3 83 5839
83 3 5839
3 84 3461
84 3 3461
3 85 660
85 3 660
3 86 7354
86 3 7354
3 87 9864
87 3 9864
3 89 4568
89 3 4568
3 90 251
90 3 251
3 91 6176
91 3 6176
3 92 4229
92 3 4229
3 93 8992
93 3 8992
3 95 7428
95 3 7428
3 96 10176
96 3 10176
3 97 10070
97 3 10070
3 99 757
99 3 757
4 5 8688
5 4 8688
4 6 3625
6 4 3625
4 7 5242
7 4 5242
4 8 8260
8 4 8260
4 9 1159
9 4 1159
4 10 4242
10 4 4242
4 11 9777
11 4 9777
4 12 8536
12 4 8536
4 13 5161
13 4 5161
4 14 5128
14 4 5128
4 16 4536
16 4 4536
4 17 4551
17 4 4551
4 18 5918
18 4 5918
4 19 11041
19 4 11041
4 20 4325
20 4 4325
4 21 2560
21 4 2560
4 23 2779
23 4 2779
4 25 2545
25 4 2545
4 26 87
26 4 87
4 27 9133
27 4 9133
4 28 6854
28 4 6854
4 29 4301
29 4 4301
4 30 10777
30 4 10777
4 31 5297
31 4 5297
4 33 11056
33 4 11056
4 34 5934
34 4 5934
4 35 9439
35 4 9439
4 36 5261
36 4 5261
4 37 11062
37 4 11062
4 41 10154
41 4 10154
4 43 473
43 4 473
4 44 4752
44 4 4752
4 45 8211
45 4 8211
4 46 5443
46 4 5443
4 48 584
48 4 584
4 49 3254
49 4 3254
4 50 2497
50 4 2497
4 51 586
51 4 586
4 52 3214
52 4 3214
4 54 10886
54 4 10886
4 55 9987
55 4 9987
4 58 9814
58 4 9814
4 59 8107
59 4 8107
4 60 8601
60 4 8601
4 61 6925
61 4 6925
4 62 7152
62 4 7152
4 64 10382
64 4 10382
4 65 466
65 4 466
4 66 8191
66 4 8191
4 68 4098
68 4 4098
4 69 1900
69 4 1900
4 70 9803
70 4 9803
4 71 5105
71 4 5105
4 72 9329
72 4 9329
4 73 2597
73 4 2597
4 75 4101
75 4 4101
4 76 10614
76 4 10614
4 77 8625
77 4 8625
4 78 4306
78 4 4306
4 79 6453
79 4 6453
4 81 2119
81 4 2119
4 82 5356
82 4 5356
4 85 2032
85 4 2032
4 86 2626
86 4 2626
4 88 2614
88 4 2614
4 89 649
89 4 649
4 92 3483
92 4 3483
4 94 4674
94 4 4674
4 97 6030
97 4 6030
4 98 275
98 4 275
4 99 7455
99 4 7455
5 6 9452
6 5 9452
5 7 3806
7 5 3806
5 10 4090
10 5 4090
5 12 3690
12 5 3690
5 13 4454
13 5 4454
5 14 2805
14 5 2805
5 15 5520
15 5 5520
5 17 6526
17 5 6526
5 18 9582
18 5 9582
5 19 7981
19 5 7981
5 20 846
20 5 846
5 21 6266
21 5 6266
5 23 2964
23 5 2964
5 24 7819
24 5 7819
5 25 11021
25 5 11021
5 26 9741
26 5 9741
5 28 10820
28 5 10820
5 29 1931
29 5 1931
5 30 4323
30 5 4323
5 31 2381
31 5 2381
5 33 4400
33 5 4400
5 35 1598
35 5 1598
5 36 1409
36 5 1409
5 37 4480
37 5 4480
5 38 1728
38 5 1728
5 39 7152
39 5 7152
5 40 4817
40 5 4817
5 41 7238
41 5 7238
5 44 9944
44 5 9944
5 45 7285
45 5 7285
5 46 9593
46 5 9593
5 47 3815
47 5 3815
5 48 3545
48 5 3545
5 49 4497
49 5 4497
5 50 9663
50 5 9663
5 51 9419
51 5 9419
5 52 6559
52 5 6559
5 55 6241
55 5 6241
5 56 4321
56 5 4321
5 58 8659
58 5 8659
5 59 10472
59 5 10472
5 60 9221
60 5 9221
5 61 5070
61 5 5070
5 63 7845
63 5 7845
5 64 9134
64 5 9134
5 66 2151
66 5 2151
5 68 4373
68 5 4373
5 69 10089
69 5 10089
5 70 9712
70 5 9712
5 73 4765
73 5 4765
5 75 1081
75 5 1081
5 76 5642
76 5 5642
5 77 1266
77 5 1266
5 78 6365
78 5 6365
5 80 9215
80 5 9215
5 82 6598
82 5 6598
5 83 5275
83 5 5275
5 85 7578
85 5 7578
5 86 8685
86 5 8685
5 87 2348
87 5 2348
5 88 144
88 5 144
5 89 7695
89 5 7695
5 92 10439
92 5 10439
5 93 5205
93 5 5205
5 94 7454
94 5 7454
5 95 3587
95 5 3587
5 97 10684
97 5 10684
6 7 451
7 6 451
6 8 9440
8 6 9440
6 11 6477
11 6 6477
6 14 5590
14 6 5590
6 16 8772
16 6 8772
6 17 9738
17 6 9738
6 18 8656
18 6 8656
6 19 5403
19 6 5403
6 21 7326
21 6 7326
6 23 1737
23 6 1737
6 26 6254
26 6 6254
6 27 6045
27 6 6045
6 28 9929
28 6 9929
6 30 6758
30 6 6758
6 32 8987
32 6 8987
6 33 2506
33 6 2506
6 34 2687
34 6 2687
6 35 4200
35 6 4200
6 36 607
36 6 607
6 39 5526
39 6 5526
6 40 5297
40 6 5297
6 42 2199
42 6 2199
6 43 9703
43 6 9703
6 45 7193
45 6 7193
6 46 601
46 6 601
6 48 4577
48 6 4577
6 49 9301
49 6 9301
6 50 7513
50 6 7513
6 51 6374
51 6 6374
6 52 9460
52 6 9460
6 54 2735
54 6 2735
6 55 172
55 6 172
6 57 5250
57 6 5250
6 58 2348
58 6 2348
6 59 305
59 6 305
6 60 6335
60 6 6335
6 61 3413
61 6 3413
6 62 5840
62 6 5840
6 63 7012
63 6 7012
6 64 5075
64 6 5075
6 65 10722
65 6 10722
6 67 2610
67 6 2610
6 69 3972
69 6 3972
6 70 4137
70 6 4137
6 72 9276
72 6 9276
6 73 10397
73 6 10397
6 74 9982
74 6 9982
6 75 2237
75 6 2237
6 77 11075
77 6 11075
6 78 6363
78 6 6363
6 79 10294
79 6 10294
6 80 7972
80 6 7972
6 81 3429
81 6 3429
6 82 3321
82 6 3321
6 83 10119
83 6 10119
6 85 1126
85 6 1126
6 86 8343
86 6 8343
6 88 8848
88 6 8848
6 89 2631
89 6 2631
6 90 5911
90 6 5911
6 91 2691
91 6 2691
6 92 792
92 6 792
6 95 9231
95 6 9231
6 96 6297
96 6 6297
6 97 5097
97 6 5097
6 98 7086
98 6 7086
6 99 1275
99 6 1275
7 8 1310
8 7 1310
7 9 8360
9 7 8360
7 11 1847
11 7 1847
7 12 6224
12 7 6224
7 13 5918
13 7 5918
7 14 5066
14 7 5066
7 16 1264
16 7 1264
7 17 9446
17 7 9446
7 18 9045
18 7 9045
7 20 10556
20 7 10556
7 21 4628
21 7 4628
7 22 6392
22 7 6392
7 23 864
23 7 864
7 24 734
24 7 734
7 25 5706
25 7 5706
7 26 10261
26 7 10261
7 28 4300
28 7 4300
7 29 8891
29 7 8891
7 30 310
30 7 310
7 31 8339
31 7 8339
7 32 3964
32 7 3964
7 33 3361
33 7 3361
7 34 9824
34 7 9824
7 36 4067
36 7 4067
7 37 5791
37 7 5791
7 38 947
38 7 947
7 39 7450
39 7 7450
7 40 4519
40 7 4519
7 41 5664
41 7 5664
7 43 3570
43 7 3570
7 44 533
44 7 533
7 45 10281
45 7 10281
7 46 3866
46 7 3866
7 47 9213
47 7 9213
7 48 7459
48 7 7459
7 49 3799
49 7 3799
7 50 9610
50 7 9610
7 53 697
53 7 697
7 54 5620
54 7 5620
7 55 10817
55 7 10817
7 57 4334
57 7 4334
7 58 6416
58 7 6416
7 60 2855
60 7 2855
7 61 8638
61 7 8638
7 62 4633
62 7 4633
7 64 656
64 7 656
7 65 3905
65 7 3905
7 66 5223
66 7 5223
7 67 5166
67 7 5166
7 68 2047
68 7 2047
7 69 6104
69 7 6104
7 73 9337
73 7 9337
7 74 8545
74 7 8545
7 75 8262
75 7 8262
7 76 396
76 7 396
7 78 600
78 7 600
7 80 9007
80 7 9007
7 82 4589
82 7 4589
7 83 1670
83 7 1670
7 84 9429
84 7 9429
7 86 10826
86 7 10826
7 90 10367
90 7 10367
7 93 4990
93 7 4990
7 94 8611
94 7 8611
7 95 454
95 7 454
7 96 8343
96 7 8343
7 97 8254
97 7 8254
7 98 1384
98 7 1384
8 9 3397
9 8 3397
8 10 7988
10 8 7988
8 12 10517
12 8 10517
8 13 5868
13 8 5868
8 14 10456
14 8 10456
8 16 1716
16 8 1716
8 17 9314
17 8 9314
8 18 8946
18 8 8946
8 19 4593
19 8 4593
8 20 7323
20 8 7323
8 21 7854
21 8 7854
8 22 6687
22 8 6687
8 23 1440
23 8 1440
8 24 9458
24 8 9458
8 25 5464
25 8 5464
8 26 10365
26 8 10365
8 28 8671
28 8 8671
8 31 2692
31 8 2692
8 32 2886
32 8 2886
8 34 9775
34 8 9775
8 35 3677
35 8 3677
8 36 2864
36 8 2864
8 38 4274
38 8 4274
8 39 5977
39 8 5977
8 40 1491
40 8 1491
8 41 3337
41 8 3337
8 42 8077
42 8 8077
8 43 6388
43 8 6388
8 44 9852
44 8 9852
8 45 5911
45 8 5911
8 47 2520
47 8 2520
8 49 3358
49 8 3358
8 50 5668
50 8 5668
8 51 9264
51 8 9264
8 52 9033
52 8 9033
8 54 5571
54 8 5571
8 55 7586
55 8 7586
8 56 5450
56 8 5450
8 57 9385
57 8 9385
8 58 6687
58 8 6687
8 59 2296
59 8 2296
8 62 2240
62 8 2240
8 64 3731
64 8 3731
8 65 8236
65 8 8236
8 66 741
66 8 741
8 67 7710
67 8 7710
8 69 2273
69 8 2273
8 70 7034
70 8 7034
8 71 5880
71 8 5880
8 72 10706
72 8 10706
8 75 7890
75 8 7890
8 76 2998
76 8 2998
8 77 8297
77 8 8297
8 78 6015
78 8 6015
8 79 7096
79 8 7096
8 80 2158
80 8 2158
8 81 8288
81 8 8288
8 83 9007
83 8 9007
8 86 4021
86 8 4021
8 88 3777
88 8 3777
8 90 8098
90 8 8098
8 91 6118
91 8 6118
8 93 7071
93 8 7071
8 94 8295
94 8 8295
8 95 530
95 8 530
8 97 7223
97 8 7223
8 98 10504
98 8 10504
8 99 3134
99 8 3134
9 10 4777
10 9 4777
9 14 3925
14 9 3925
9 15 7319
15 9 7319
9 17 5226
17 9 5226
9 18 10978
18 9 10978
9 20 11031
20 9 11031
9 22 1964
22 9 1964
9 23 10922
23 9 10922
9 24 7361
24 9 7361
9 25 3278
25 9 3278
9 26 2270
26 9 2270
9 27 1790
27 9 1790
9 28 4771
28 9 4771
9 29 3667
29 9 3667
9 31 7055
31 9 7055
9 33 10279
33 9 10279
9 34 5361
34 9 5361
9 35 6589
35 9 6589
9 36 6611
36 9 6611
9 37 9265
37 9 9265
9 38 10737
38 9 10737
9 39 9123
39 9 9123
9 40 10555
40 9 10555
9 41 8779
41 9 8779
9 43 5021
43 9 5021
9 44 9259
44 9 9259
9 45 1525
45 9 1525
9 46 4978
46 9 4978
9 48 5568
48 9 5568
9 49 8177
49 9 8177
9 51 1788
51 9 1788
9 52 8966
52 9 8966
9 53 4886
53 9 4886
9 54 2024
54 9 2024
9 55 7478
55 9 7478
9 56 1384
56 9 1384
9 57 2607
57 9 2607
9 58 8965
58 9 8965
9 59 10373
59 9 10373
9 60 8131
60 9 8131
9 61 8590
61 9 8590
9 62 6042
62 9 6042
9 63 2563
63 9 2563
9 64 10008
64 9 10008
9 65 4946
65 9 4946
9 66 908
66 9 908
9 67 7608
67 9 7608
9 68 942
68 9 942
9 69 7124
69 9 7124
9 70 4577
70 9 4577
9 71 6728
71 9 6728
9 72 921
72 9 921
9 73 4778
73 9 4778
9 76 8203
76 9 8203
9 77 8895
77 9 8895
9 78 1554
78 9 1554
9 79 4840
79 9 4840
9 80 4697
80 9 4697
9 81 2094
81 9 2094
9 82 10263
82 9 10263
9 83 1780
83 9 1780
9 84 10807
84 9 10807
9 85 8394
85 9 8394
9 87 7160
87 9 7160
9 88 9389
88 9 9389
9 89 5054
89 9 5054
9 91 5743
91 9 5743
9 92 9015
92 9 9015
9 93 355
93 9 355
9 94 5593
94 9 5593
9 95 7087
95 9 7087
9 96 3654
96 9 3654
9 99 8197
99 9 8197
10 12 2734
12 10 2734
10 13 5928
13 10 5928
10 15 4294
15 10 4294
10 17 76
17 10 76
10 20 1452
20 10 1452
10 22 5243
22 10 5243
10 23 8255
23 10 8255
10 25 9631
25 10 9631
10 27 8821
27 10 8821
10 29 1657
29 10 1657
10 30 3015
30 10 3015
10 31 132
31 10 132
10 32 6038
32 10 6038
10 33 816
33 10 816
10 34 11068
34 10 11068
10 35 517
35 10 517
10 36 4216
36 10 4216
10 37 2204
37 10 2204
10 39 895
39 10 895
10 42 7379
42 10 7379
10 44 2080
44 10 2080
10 46 9817
46 10 9817
10 48 3043
48 10 3043
10 49 2599
49 10 2599
10 50 9922
50 10 9922
10 51 10952
51 10 10952
10 53 2425
53 10 2425
10 54 7005
54 10 7005
10 55 2369
55 10 2369
10 56 10130
56 10 10130
10 60 1095
60 10 1095
10 62 10538
62 10 10538
10 63 630
63 10 630
10 64 6747
64 10 6747
10 65 4546
65 10 4546
10 66 6751
66 10 6751
10 67 8167
67 10 8167
10 68 1532
68 10 1532
10 70 8563
70 10 8563
10 71 1885
71 10 1885
10 73 6122
73 10 6122
10 74 7471
74 10 7471
10 75 7713
75 10 7713
10 76 1907
76 10 1907
10 77 6048
77 10 6048
10 78 4417
78 10 4417
10 79 9437
79 10 9437
10 80 10986
80 10 10986
10 81 9948
81 10 9948
10 83 7989
83 10 7989
10 85 8003
85 10 8003
10 86 1545
86 10 1545
10 87 9017
87 10 9017
10 89 8567
89 10 8567
10 91 6606
91 10 6606
10 93 5376
93 10 5376
10 94 2444
94 10 2444
10 95 4613
95 10 4613
10 96 6671
96 10 6671
11 12 10531
12 11 10531
11 13 5227
13 11 5227
11 14 7785
14 11 7785
11 15 10132
15 11 10132
11 16 6300
16 11 6300
11 17 645
17 11 645
11 18 9044
18 11 9044
11 19 10951
19 11 10951
11 20 9136
20 11 9136
11 21 1257
21 11 1257
11 22 3582
22 11 3582
11 23 7113
23 11 7113
11 24 8156
24 11 8156
11 25 10280
25 11 10280
11 26 1398
26 11 1398
11 27 1050
27 11 1050
11 29 10761
29 11 10761
11 30 745
30 11 745
11 31 7
31 11 7
11 32 7854
32 11 7854
11 34 3578
34 11 3578
11 36 8927
36 11 8927
11 37 2051
37 11 2051
11 40 7637
40 11 7637
11 42 7274
42 11 7274
11 43 8225
43 11 8225
11 44 6370
44 11 6370
11 45 6504
45 11 6504
11 46 7555
46 11 7555
11 47 9810
47 11 9810
11 48 3073
48 11 3073
11 49 2489
49 11 2489
11 50 5589
50 11 5589
11 51 10983
51 11 10983
11 54 1556
54 11 1556
11 55 6186
55 11 6186
11 57 5197
57 11 5197
11 59 6680
59 11 6680
11 60 10684
60 11 10684
11 62 6910
62 11 6910
11 63 754
63 11 754
11 64 5035
64 11 5035
11 66 5591
66 11 5591
11 67 8151
67 11 8151
11 68 11023
68 11 11023
11 70 4307
70 11 4307
11 71 7835
71 11 7835
11 72 11043
72 11 11043
11 73 6725
73 11 6725
11 74 7444
74 11 7444
11 75 5813
75 11 5813
11 76 1063
76 11 1063
11 77 1321
77 11 1321
11 78 10108
78 11 10108
11 79 2061
79 11 2061
11 80 3444
80 11 3444
11 81 1793
81 11 1793
11 83 6965
83 11 6965
11 84 2288
84 11 2288
11 86 332
86 11 332
11 88 2180
88 11 2180
11 89 5418
89 11 5418
11 90 6968
90 11 6968
11 92 7556
92 11 7556
11 93 6326
93 11 6326
11 95 9088
95 11 9088
11 96 10698
96 11 10698
11 97 8224
97 11 8224
11 98 5182
98 11 5182
11 99 6925
99 11 6925
12 15 4927
15 12 4927
12 16 2759
16 12 2759
12 17 9111
17 12 9111
12 19 4339
19 12 4339
12 20 8735
20 12 8735
12 21 10700
21 12 10700
12 22 1921
22 12 1921
12 23 3519
23 12 3519
12 24 814
24 12 814
12 26 7863
26 12 7863
12 29 7848
29 12 7848
12 31 9424
31 12 9424
12 34 7171
34 12 7171
12 35 7810
35 12 7810
12 36 3805
36 12 3805
12 38 3271
38 12 3271
12 39 6522
39 12 6522
12 40 241
40 12 241
12 41 7627
41 12 7627
12 42 2251
42 12 2251
12 43 6550
43 12 6550
12 44 5593
44 12 5593
12 45 6431
45 12 6431
12 46 8906
46 12 8906
12 47 5803
47 12 5803
12 48 4295
48 12 4295
12 49 2863
49 12 2863
12 50 1699
50 12 1699
12 51 10448
51 12 10448
12 52 9848
52 12 9848
12 53 8040
53 12 8040
12 54 10603
54 12 10603
12 56 619
56 12 619
12 57 8290
57 12 8290
12 58 6617
58 12 6617
12 59 5966
59 12 5966
12 60 845
60 12 845
12 61 9729
61 12 9729
12 62 961
62 12 961
12 63 6478
63 12 6478
12 64 8359
64 12 8359
12 67 675
67 12 675
12 69 10359
69 12 10359
12 72 5215
72 12 5215
12 73 8825
73 12 8825
12 76 2302
76 12 2302
12 78 10419
78 12 10419
12 80 4321
80 12 4321
12 82 1313
82 12 1313
12 83 4297
83 12 4297
12 85 3982
85 12 3982
12 86 9425
86 12 9425
12 88 2337
88 12 2337
12 89 8251
89 12 8251
12 91 3003
91 12 3003
12 93 911
93 12 911
12 94 4571
94 12 4571
12 95 7147
95 12 7147
12 96 2786
96 12 2786
12 97 10667
97 12 10667
12 98 2772
98 12 2772
12 99 4635
99 12 4635
13 16 10798
16 13 10798
13 17 9757
17 13 9757
13 18 7158
18 13 7158
13 19 420
19 13 420
13 20 2925
20 13 2925
13 21 9129
21 13 9129
13 23 2744
23 13 2744
13 24 2272
24 13 2272
13 25 8529
25 13 8529
13 26 5991
26 13 5991
13 27 3837
27 13 3837
13 28 8201
28 13 8201
13 29 9344
29 13 9344
13 30 3936
30 13 3936
13 31 8775
31 13 8775
13 32 10019
32 13 10019
13 33 8543
33 13 8543
13 34 3778
34 13 3778
13 36 7603
36 13 7603
13 37 6562
37 13 6562
13 38 2183
38 13 2183
13 42 7960
42 13 7960
13 43 9011
43 13 9011
13 46 2059
46 13 2059
13 47 2037
47 13 2037
13 48 8842
48 13 8842
13 49 3443
49 13 3443
13 50 9619
50 13 9619
13 51 10781
51 13 10781
13 52 7896
52 13 7896
13 53 9176
53 13 9176
13 54 6302
54 13 6302
13 55 3524
55 13 3524
13 57 5996
57 13 5996
13 58 3667
58 13 3667
13 59 6283
59 13 6283
13 60 10213
60 13 10213
13 61 1054
61 13 1054
13 62 7482
62 13 7482
13 64 3578
64 13 3578
13 66 7968
66 13 7968
13 67 10411
67 13 10411
13 69 10539
69 13 10539
13 70 8889
70 13 8889
13 72 8794
72 13 8794
13 76 2621
76 13 2621
13 77 8425
77 13 8425
13 79 9848
79 13 9848
13 81 7541
81 13 7541
13 82 7861
82 13 7861
13 83 8555
83 13 8555
13 84 7580
84 13 7580
13 86 6320
86 13 6320
13 87 368
87 13 368
13 88 10819
88 13 10819
13 90 4940
90 13 4940
13 91 777
91 13 777
13 92 4783
92 13 4783
13 93 930
93 13 930
13 94 1264
94 13 1264
13 95 10465
95 13 10465
13 96 7905
96 13 7905
13 97 10502
97 13 10502
13 98 6853
98 13 6853
13 99 3839
99 13 3839
14 17 9880
17 14 9880
14 18 9994
18 14 9994
14 19 11065
19 14 11065
14 20 3889
20 14 3889
14 21 10660
21 14 10660
14 22 7049
22 14 7049
14 24 9000
24 14 9000
14 25 7541
25 14 7541
14 26 4842
26 14 4842
14 27 563
27 14 563
14 28 4161
28 14 4161
14 29 6099
29 14 6099
14 30 10421
30 14 10421
14 31 223
31 14 223
14 32 5467
32 14 5467
14 33 10735
33 14 10735
14 34 8721
34 14 8721
14 35 8428
35 14 8428
14 36 655
36 14 655
14 37 3005
37 14 3005
14 38 5753
38 14 5753
14 39 7985
39 14 7985
14 40 2535
40 14 2535
14 41 7824
41 14 7824
14 43 3094
43 14 3094
14 44 8985
44 14 8985
14 46 5286
46 14 5286
14 47 8369
47 14 8369
14 50 11041
50 14 11041
14 51 3538
51 14 3538
14 53 5582
53 14 5582
14 54 3819
54 14 3819
14 56 7554
56 14 7554
14 57 9827
57 14 9827
14 58 4804
58 14 4804
14 59 5689
59 14 5689
14 60 6412
60 14 6412
14 61 10554
61 14 10554
14 62 10839
62 14 10839
14 63 9042
63 14 9042
14 65 5709
65 14 5709
14 67 10277
67 14 10277
14 68 6628
68 14 6628
14 69 3469
69 14 3469
14 70 9345
70 14 9345
14 71 8208
71 14 8208
14 72 9174
72 14 9174
14 74 11029
74 14 11029
14 75 8439
75 14 8439
14 76 5573
76 14 5573
14 77 2995
77 14 2995
14 78 7611
78 14 7611
14 79 3647
79 14 3647
14 80 1844
80 14 1844
14 81 2592
81 14 2592
14 82 2292
82 14 2292
14 84 8350
84 14 8350
14 85 5272
85 14 5272
14 87 10017
87 14 10017
14 88 3048
88 14 3048
14 89 3073
89 14 3073
14 90 173
90 14 173
14 91 5613
91 14 5613
14 93 1914
93 14 1914
14 94 10244
94 14 10244
14 96 5989
96 14 5989
14 97 5763
97 14 5763
14 98 1718
98 14 1718
15 16 4957
16 15 4957
15 18 6870
18 15 6870
15 19 2140
19 15 2140
15 20 10423
20 15 10423
15 21 2129
21 15 2129
15 22 4771
22 15 4771
15 24 6764
24 15 6764
15 25 4708
25 15 4708
15 26 7666
26 15 7666
15 27 7782
27 15 7782
15 28 466
28 15 466
15 29 4144
29 15 4144
15 30 1440
30 15 1440
15 31 7581
31 15 7581
15 32 7599
32 15 7599
15 34 5554
34 15 5554
15 36 2901
36 15 2901
15 37 894
37 15 894
15 38 4638
38 15 4638
15 41 8653
41 15 8653
15 42 4215
42 15 4215
15 44 3192
44 15 3192
15 45 1864
45 15 1864
15 46 8314
46 15 8314
15 48 2965
48 15 2965
15 49 7870
49 15 7870
15 50 4992
50 15 4992
15 51 10013
51 15 10013
15 53 4474
53 15 4474
15 56 5139
56 15 5139
15 57 2282
57 15 2282
15 59 7394
59 15 7394
15 61 10106
61 15 10106
15 62 3751
62 15 3751
15 63 74
63 15 74
15 64 872
64 15 872
15 65 10462
65 15 10462
15 67 10192
67 15 10192
15 69 9930
69 15 9930
15 70 6880
70 15 6880
15 71 4841
71 15 4841
15 72 4897
72 15 4897
15 73 7152
73 15 7152
15 75 10329
75 15 10329
15 76 7920
76 15 7920
15 77 4024
77 15 4024
15 78 1468
78 15 1468
15 80 3866
80 15 3866
15 81 6862
81 15 6862
15 82 5259
82 15 5259
15 83 6539
83 15 6539
15 84 6420
84 15 6420
15 86 8244
86 15 8244
15 87 4970
87 15 4970
15 88 4546
88 15 4546
15 90 1074
90 15 1074
15 92 5341
92 15 5341
15 93 308
93 15 308
15 94 10346
94 15 10346
15 96 5748
96 15 5748
15 97 3165
97 15 3165
15 98 5570
98 15 5570
16 17 4141
17 16 4141
16 18 7413
18 16 7413
16 19 684
19 16 684
16 20 3350
20 16 3350
16 21 6644
21 16 6644
16 22 9742
22 16 9742
16 23 8882
23 16 8882
16 24 7940
24 16 7940
16 27 5898
27 16 5898
16 28 334
28 16 334
16 29 8308
29 16 8308
16 30 4831
30 16 4831
16 31 10183
31 16 10183
16 32 10017
32 16 10017
16 33 9459
33 16 9459
16 34 4586
34 16 4586
16 35 302
35 16 302
16 38 6457
38 16 6457
16 40 8840
40 16 8840
16 41 10585
41 16 10585
16 42 3469
42 16 3469
16 43 55
43 16 55
16 44 2405
44 16 2405
16 46 9118
46 16 9118
16 47 9382
47 16 9382
16 48 759
48 16 759
16 49 2429
49 16 2429
16 51 7725
51 16 7725
16 53 8774
53 16 8774
16 54 7215
54 16 7215
16 55 4429
55 16 4429
16 56 6985
56 16 6985
16 59 6208
59 16 6208
16 62 9440
62 16 9440
16 63 5449
63 16 5449
16 64 7315
64 16 7315
16 66 9787
66 16 9787
16 67 9094
67 16 9094
16 68 3493
68 16 3493
16 69 853
69 16 853
16 70 3929
70 16 3929
16 71 4447
71 16 4447
16 73 6706
73 16 6706
16 76 9932
76 16 9932
16 77 4287
77 16 4287
16 78 8380
78 16 8380
16 81 6850
81 16 6850
16 82 1957
82 16 1957
16 84 4823
84 16 4823
16 85 2394
85 16 2394
16 86 5313
86 16 5313
16 88 4841
88 16 4841
16 89 1917
89 16 1917
16 90 9120
90 16 9120
16 91 6589
91 16 6589
16 92 5194
92 16 5194
16 93 5102
93 16 5102
16 94 10095
94 16 10095
16 96 10801
96 16 10801
17 18 8042
18 17 8042
17 19 2055
19 17 2055
17 21 7623
21 17 7623
17 22 6057
22 17 6057
17 23 10128
23 17 10128
17 24 7219
24 17 7219
17 26 9374
26 17 9374
17 27 887
27 17 887
17 28 2409
28 17 2409
17 29 10494
29 17 10494
17 30 729
30 17 729
17 32 10672
32 17 10672
17 33 8680
33 17 8680
17 34 4061
34 17 4061
17 36 9446
36 17 9446
17 37 2244
37 17 2244
17 39 4632
39 17 4632
17 40 5310
40 17 5310
17 41 5598
41 17 5598
17 42 9772
42 17 9772
17 43 1606
43 17 1606
17 44 10620
44 17 10620
17 45 1363
45 17 1363
17 48 3852
48 17 3852
17 49 110
49 17 110
17 51 194
51 17 194
17 52 2071
52 17 2071
17 55 5508
55 17 5508
17 57 8840
57 17 8840
17 58 6944
58 17 6944
17 59 5436
59 17 5436
17 60 1108
60 17 1108
17 61 11027
61 17 11027
17 62 7554
62 17 7554
17 63 8819
63 17 8819
17 64 7788
64 17 7788
17 65 9441
65 17 9441
17 66 505
66 17 505
17 67 10383
67 17 10383
17 68 10036
68 17 10036
17 69 1156
69 17 1156
17 70 1268
70 17 1268
17 71 10685
71 17 10685
17 72 3228
72 17 3228
17 73 2052
73 17 2052
17 79 5111
79 17 5111
17 80 2646
80 17 2646
17 81 5914
81 17 5914
17 82 1868
82 17 1868
17 83 8560
83 17 8560
17 84 10615
84 17 10615
17 86 4308
86 17 4308
17 88 11058
88 17 11058
17 89 5175
89 17 5175
17 90 5632
90 17 5632
17 91 1982
91 17 1982
17 92 60
92 17 60
17 93 10468
93 17 10468
17 94 2194
94 17 2194
17 95 9321
95 17 9321
17 96 1199
96 17 1199
17 98 710
98 17 710
17 99 3116
99 17 3116
18 19 1986
19 18 1986
18 20 661
20 18 661
18 21 2539
21 18 2539
18 23 5456
23 18 5456
18 24 9555
24 18 9555
18 25 9037
25 18 9037
18 26 6189
26 18 6189
18 27 10076
27 18 10076
18 28 5954
28 18 5954
18 29 2494
29 18 2494
18 30 8512
30 18 8512
18 31 1178
31 18 1178
18 32 7183
32 18 7183
18 34 4175
34 18 4175
18 36 7066
36 18 7066
18 38 5431
38 18 5431
18 39 10810
39 18 10810
18 42 10975
42 18 10975
18 43 7331
43 18 7331
18 44 11023
44 18 11023
18 45 8542
45 18 8542
18 46 6531
46 18 6531
18 47 7269
47 18 7269
18 50 9414
50 18 9414
18 51 3835
51 18 3835
18 52 553
52 18 553
18 54 1047
54 18 1047
18 55 6278
55 18 6278
18 56 5662
56 18 5662
18 57 6815
57 18 6815
18 59 4016
59 18 4016
18 60 1490
60 18 1490
18 61 9475
61 18 9475
18 62 9552
62 18 9552
18 63 9818
63 18 9818
18 64 10618
64 18 10618
18 65 10950
65 18 10950
18 66 92
66 18 92
18 67 4930
67 18 4930
18 68 1230
68 18 1230
18 69 3258
69 18 3258
18 70 4638
70 18 4638
18 74 9226
74 18 9226
18 75 3864
75 18 3864
18 77 2516
77 18 2516
18 79 8044
79 18 8044
18 80 1909
80 18 1909
18 81 3109
81 18 3109
18 83 3025
83 18 3025
18 84 780
84 18 780
18 85 8423
85 18 8423
18 86 6575
86 18 6575
18 87 9086
87 18 9086
18 89 344
89 18 344
18 91 9207
91 18 9207
18 94 3195
94 18 3195
18 95 9546
95 18 9546
18 96 2017
96 18 2017
18 97 1455
97 18 1455
18 98 3369
98 18 3369
18 99 819
99 18 819
19 20 3736
20 19 3736
19 22 4953
22 19 4953
19 23 6351
23 19 6351
19 24 10210
24 19 10210
19 25 6803
25 19 6803
19 26 7907
26 19 7907
19 29 5351
29 19 5351
19 30 9957
30 19 9957
19 31 8390
31 19 8390
19 32 3840
32 19 3840
19 33 4221
33 19 4221
19 34 3685
34 19 3685
19 35 5106
35 19 5106
19 36 5168
36 19 5168
19 40 2320
40 19 2320
19 41 11054
41 19 11054
19 42 8388
42 19 8388
19 43 9650
43 19 9650
19 44 9899
44 19 9899
19 46 1044
46 19 1044
19 47 1485
47 19 1485
19 48 6646
48 19 6646
19 50 3417
50 19 3417
19 51 10706
51 19 10706
19 52 8927
52 19 8927
19 53 9492
53 19 9492
19 54 10723
54 19 10723
19 55 5676
55 19 5676
19 56 7946
56 19 7946
19 57 2676
57 19 2676
19 59 6447
59 19 6447
19 60 7792
60 19 7792
19 61 4174
61 19 4174
19 63 695
63 19 695
19 64 8489
64 19 8489
19 66 4298
66 19 4298
19 67 4912
67 19 4912
19 69 1777
69 19 1777
19 70 605
70 19 605
19 71 10152
71 19 10152
19 73 2235
73 19 2235
19 74 10106
74 19 10106
19 75 10034
75 19 10034
19 76 5382
76 19 5382
19 77 2509
77 19 2509
19 78 4858
78 19 4858
19 79 8995
79 19 8995
19 82 4847
82 19 4847
19 83 6573
83 19 6573
19 84 9239
84 19 9239
19 87 4757
87 19 4757
19 88 4338
88 19 4338
19 89 4124
89 19 4124
19 90 6364
90 19 6364
19 91 2202
91 19 2202
19 92 8381
92 19 8381
19 95 1168
95 19 1168
19 97 6585
97 19 6585
19 98 2315
98 19 2315
19 99 2831
99 19 2831
20 21 9370
21 20 9370
20 22 10828
22 20 10828
20 24 8275
24 20 8275
20 28 3894
28 20 3894
20 29 8103
29 20 8103
20 30 8900
30 20 8900
20 31 809
31 20 809
20 33 1767
33 20 1767
20 34 982
34 20 982
20 35 8222
35 20 8222
20 36 10711
36 20 10711
20 37 10995
37 20 10995
20 38 3300
38 20 3300
20 40 6580
40 20 6580
20 41 8992
41 20 8992
20 42 2960
42 20 2960
20 43 10134
43 20 10134
20 44 10608
44 20 10608
20 45 7778
45 20 7778
20 46 6893
46 20 6893
20 48 10063
48 20 10063
20 49 10476
49 20 10476
20 52 7294
52 20 7294
20 53 5222
53 20 5222
20 56 1269
56 20 1269
20 57 4592
57 20 4592
20 58 465
58 20 465
20 59 1102
59 20 1102
20 60 3928
60 20 3928
20 61 6293
61 20 6293
20 62 2985
62 20 2985
20 63 2619
63 20 2619
20 65 2037
65 20 2037
20 66 179
66 20 179
20 67 10180
67 20 10180
20 68 4642
68 20 4642
20 70 9324
70 20 9324
20 74 2933
74 20 2933
20 75 9287
75 20 9287
20 76 2974
76 20 2974
20 77 1725
77 20 1725
20 78 1718
78 20 1718
20 79 9367
79 20 9367
20 81 3653
81 20 3653
20 82 9667
82 20 9667
20 84 9487
84 20 9487
20 85 6018
85 20 6018
20 87 10819
87 20 10819
20 88 2956
88 20 2956
20 90 7654
90 20 7654
20 91 363
91 20 363
20 92 7782
92 20 7782
20 94 3102
94 20 3102
20 95 2528
95 20 2528
20 96 9428
96 20 9428
20 98 1306
98 20 1306
20 99 674
99 20 674
21 22 9311
22 21 9311
21 23 8183
23 21 8183
21 24 7055
24 21 7055
21 26 3614
26 21 3614
21 27 4636
27 21 4636
21 28 5992
28 21 5992
21 30 7664
30 21 7664
21 32 980
32 21 980
21 34 7837
34 21 7837
21 38 121
38 21 121
21 39 7132
39 21 7132
21 40 7130
40 21 7130
21 41 5297
41 21 5297
21 42 5542
42 21 5542
21 43 7513
43 21 7513
21 45 641
45 21 641
21 47 9071
47 21 9071
21 49 1169
49 21 1169
21 50 857
50 21 857
21 51 6398
51 21 6398
21 55 9258
55 21 9258
21 56 9459
56 21 9459
21 57 10116
57 21 10116
21 58 9464
58 21 9464
21 59 4699
59 21 4699
21 60 10014
60 21 10014
21 61 9050
61 21 9050
21 62 6661
62 21 6661
21 63 9794
63 21 9794
21 64 5447
64 21 5447
21 65 7979
65 21 7979
21 66 4728
66 21 4728
21 68 9788
68 21 9788
21 69 2522
69 21 2522
21 70 10184
70 21 10184
21 71 8786
71 21 8786
21 72 5954
72 21 5954
21 73 1721
73 21 1721
21 74 2051
74 21 2051
21 75 946
75 21 946
21 76 9728
76 21 9728
21 77 2834
77 21 2834
21 78 7446
78 21 7446
21 80 505
80 21 505
21 81 8425
81 21 8425
21 83 1876
83 21 1876
21 85 10804
85 21 10804
21 86 5506
86 21 5506
21 87 5691
87 21 5691
21 88 11135
88 21 11135
21 89 5660
89 21 5660
21 90 1336
90 21 1336
21 91 3479
91 21 3479
21 92 453
92 21 453
21 93 4950
93 21 4950
21 94 5775
94 21 5775
21 95 7854
95 21 7854
21 96 2730
96 21 2730
21 98 6394
98 21 6394
22 24 5566
24 22 5566
22 25 6434
25 22 6434
22 28 7787
28 22 7787
22 29 199
29 22 199
22 31 634
31 22 634
22 33 5012
33 22 5012
22 34 1086
34 22 1086
22 35 9511
35 22 9511
22 37 8533
37 22 8533
22 38 4507
38 22 4507
22 39 7689
39 22 7689
22 40 1444
40 22 1444
22 41 11045
41 22 11045
22 42 4114
42 22 4114
22 44 9351
44 22 9351
22 45 3245
45 22 3245
22 46 1316
46 22 1316
22 48 9811
48 22 9811
22 49 6521
49 22 6521
22 50 7984
50 22 7984
22 52 2184
52 22 2184
22 54 2201
54 22 2201
22 55 8201
55 22 8201
22 59 6198
59 22 6198
22 60 8125
60 22 8125
22 61 10115
61 22 10115
22 62 9032
62 22 9032
22 63 478
63 22 478
22 64 851
64 22 851
22 65 6100
65 22 6100
22 67 1289
67 22 1289
22 68 3021
68 22 3021
22 69 8221
69 22 8221
22 70 7942
70 22 7942
22 72 899
72 22 899
22 73 8301
73 22 8301
22 74 8562
74 22 8562
22 76 9311
76 22 9311
22 77 10071
77 22 10071
22 78 1495
78 22 1495
22 79 3482
79 22 3482
22 81 4439
81 22 4439
22 84 4768
84 22 4768
22 85 7292
85 22 7292
22 88 5865
88 22 5865
22 89 8810
89 22 8810
22 90 7046
90 22 7046
22 91 458
91 22 458
22 93 9763
93 22 9763
22 94 9712
94 22 9712
22 95 5988
95 22 5988
22 97 10359
97 22 10359
22 98 5871
98 22 5871
22 99 6372
99 22 6372
23 25 8186
25 23 8186
23 27 7280
27 23 7280
23 28 11097
28 23 11097
23 29 6449
29 23 6449
23 30 4922
30 23 4922
23 31 6295
31 23 6295
23 32 8832
32 23 8832
23 33 3976
33 23 3976
23 34 10816
34 23 10816
23 36 1990
36 23 1990
23 37 4602
37 23 4602
23 38 7485
38 23 7485
23 40 186
40 23 186
23 41 10766
41 23 10766
23 43 9844
43 23 9844
23 44 1343
44 23 1343
23 45 5630
45 23 5630
23 46 5387
46 23 5387
23 47 3289
47 23 3289
23 49 4854
49 23 4854
23 50 1185
50 23 1185
23 52 9434
52 23 9434
23 53 9428
53 23 9428
23 54 7565
54 23 7565
23 57 719
57 23 719
23 58 1245
58 23 1245
23 60 7413
60 23 7413
23 61 4893
61 23 4893
23 62 6815
62 23 6815
23 63 9849
63 23 9849
23 64 5466
64 23 5466
23 65 7582
65 23 7582
23 68 9076
68 23 9076
23 71 314
71 23 314
23 72 6875
72 23 6875
23 74 3458
74 23 3458
23 75 10492
75 23 10492
23 76 8396
76 23 8396
23 77 7126
77 23 7126
23 78 7091
78 23 7091
23 79 6972
79 23 6972
23 80 5632
80 23 5632
23 81 1934
81 23 1934
23 82 2784
82 23 2784
23 83 2804
83 23 2804
23 84 3832
84 23 3832
23 86 4764
86 23 4764
23 89 7973
89 23 7973
23 94 8327
94 23 8327
23 95 5934
95 23 5934
23 96 10032
96 23 10032
23 97 8655
97 23 8655
24 25 6405
25 24 6405
24 26 1995
26 24 1995
24 28 8681
28 24 8681
24 29 1960
29 24 1960
24 33 5552
33 24 5552
24 35 1366
35 24 1366
24 36 10848
36 24 10848
24 37 3799
37 24 3799
24 39 2381
39 24 2381
24 40 2874
40 24 2874
24 42 10128
42 24 10128
24 43 6923
43 24 6923
24 44 10297
44 24 10297
24 45 4142
45 24 4142
24 46 6410
46 24 6410
24 47 9648
47 24 9648
24 48 3956
48 24 3956
24 49 4012
49 24 4012
24 51 5209
51 24 5209
24 52 4505
52 24 4505
24 53 3078
53 24 3078
24 54 612
54 24 612
24 56 2457
56 24 2457
24 57 3446
57 24 3446
24 58 2256
58 24 2256
24 60 7710
60 24 7710
24 61 7996
61 24 7996
24 62 6011
62 24 6011
24 63 5132
63 24 5132
24 64 3510
64 24 3510
24 65 6402
65 24 6402
24 66 9713
66 24 9713
24 67 7750
67 24 7750
24 68 10253
68 24 10253
24 69 10811
69 24 10811
24 70 6101
70 24 6101
24 72 3319
72 24 3319
24 73 10892
73 24 10892
24 74 571
74 24 571
24 77 952
77 24 952
24 78 7092
78 24 7092
24 79 8204
79 24 8204
24 80 6513
80 24 6513
24 81 2203
81 24 2203
24 82 3592
82 24 3592
24 83 11132
83 24 11132
24 85 246
85 24 246
24 87 3044
87 24 3044
24 88 6652
88 24 6652
24 89 10635
89 24 10635
24 91 10379
91 24 10379
24 92 10374
92 24 10374
24 93 8092
93 24 8092
24 94 9419
94 24 9419
25 26 9766
26 25 9766
25 27 5256
27 25 5256
25 28 10788
28 25 10788
25 32 8895
32 25 8895
25 34 6091
34 25 6091
25 36 5406
36 25 5406
25 37 4999
37 25 4999
25 38 850
38 25 850
25 39 5268
39 25 5268
25 40 131
40 25 131
25 41 1118
41 25 1118
25 42 1201
42 25 1201
25 43 7119
43 25 7119
25 48 10129
48 25 10129
25 49 6185
49 25 6185
25 50 1653
50 25 1653
25 51 6213
51 25 6213
25 52 5697
52 25 5697
25 54 5813
54 25 5813
25 55 3626
55 25 3626
25 56 2890
56 25 2890
25 57 7059
57 25 7059
25 59 3467
59 25 3467
25 60 6395
60 25 6395
25 62 3933
62 25 3933
25 63 7895
63 25 7895
25 64 10841
64 25 10841
25 66 4802
66 25 4802
25 67 6259
67 25 6259
25 68 3314
68 25 3314
25 70 923
70 25 923
25 71 10196
71 25 10196
25 72 8894
72 25 8894
25 73 2213
73 25 2213
25 74 6527
74 25 6527
25 75 6438
75 25 6438
25 76 3180
76 25 3180
25 77 8139
77 25 8139
25 78 1644
78 25 1644
25 79 2045
79 25 2045
25 80 2535
80 25 2535
25 81 9188
81 25 9188
25 85 3107
85 25 3107
25 86 2671
86 25 2671
25 87 9663
87 25 9663
25 89 9952
89 25 9952
25 90 7629
90 25 7629
25 91 8985
91 25 8985
25 92 2071
92 25 2071
25 94 2296
94 25 2296
25 95 9332
95 25 9332
25 97 1818
97 25 1818
25 99 6930
99 25 6930
26 29 3726
29 26 3726
26 30 1961
30 26 1961
26 32 10997
32 26 10997
26 34 5640
34 26 5640
26 35 10076
35 26 10076
26 36 4087
36 26 4087
26 37 10864
37 26 10864
26 38 153
38 26 153
26 39 8462
39 26 8462
26 40 6758
40 26 6758
26 41 9520
41 26 9520
26 42 6541
42 26 6541
26 43 391
43 26 391
26 44 4821
44 26 4821
26 45 4881
45 26 4881
26 46 7523
46 26 7523
26 47 5654
47 26 5654
26 48 9850
48 26 9850
26 49 8292
49 26 8292
26 50 9647
50 26 9647
26 51 8374
51 26 8374
26 53 2929
53 26 2929
26 54 1257
54 26 1257
26 56 3718
56 26 3718
26 60 9417
60 26 9417
26 62 2015
62 26 2015
26 63 4682
63 26 4682
26 67 5168
67 26 5168
26 68 8608
68 26 8608
26 70 4312
70 26 4312
26 71 3365
71 26 3365
26 72 8287
72 26 8287
26 74 8587
74 26 8587
26 75 6542
75 26 6542
26 79 11010
79 26 11010
26 81 5982
81 26 5982
26 82 2973
82 26 2973
26 83 2236
83 26 2236
26 84 1575
84 26 1575
26 85 5758
85 26 5758
26 87 224
87 26 224
26 88 4652
88 26 4652
26 89 183
89 26 183
26 90 10443
90 26 10443
26 91 8569
91 26 8569
26 92 8329
92 26 8329
26 93 226
93 26 226
26 95 8193
95 26 8193
26 97 3740
97 26 3740
26 99 8655
99 26 8655
27 30 11117
30 27 11117
27 31 1750
31 27 1750
27 32 10472
32 27 10472
27 34 2398
34 27 2398
27 35 5836
35 27 5836
27 36 6184
36 27 6184
27 37 7762
37 27 7762
27 38 8328
38 27 8328
27 39 5049
39 27 5049
27 41 8629
41 27 8629
27 42 285
42 27 285
27 43 6032
43 27 6032
27 44 10551
44 27 10551
27 45 2162
45 27 2162
27 46 2278
46 27 2278
27 47 6687
47 27 6687
27 48 6811
48 27 6811
27 49 6767
49 27 6767
27 50 6583
50 27 6583
27 51 2229
51 27 2229
27 52 3232
52 27 3232
27 53 9877
53 27 9877
27 55 9500
55 27 9500
27 58 6254
58 27 6254
27 59 6566
59 27 6566
27 60 9831
60 27 9831
27 61 38
61 27 38
27 63 9013
63 27 9013
27 64 4872
64 27 4872
27 66 2932
66 27 2932
27 67 5573
67 27 5573
27 69 6951
69 27 6951
27 70 3062
70 27 3062
27 71 7386
71 27 7386
27 73 8665
73 27 8665
27 74 10400
74 27 10400
27 76 10679
76 27 10679
27 77 3013
77 27 3013
27 78 7610
78 27 7610
27 81 4791
81 27 4791
27 82 9278
82 27 9278
27 84 1869
84 27 1869
27 86 3654
86 27 3654
27 87 1717
87 27 1717
27 88 4906
88 27 4906
27 91 5233
91 27 5233
27 92 7879
92 27 7879
27 93 1923
93 27 1923
27 94 7301
94 27 7301
27 95 3057
95 27 3057
27 96 4900
96 27 4900
27 97 3122
97 27 3122
27 98 1992
98 27 1992
27 99 9686
99 27 9686
28 29 10400
29 28 10400
28 30 1362
30 28 1362
28 32 3939
32 28 3939
28 34 6219
34 28 6219
28 35 3710
35 28 3710
28 36 6335
36 28 6335
28 37 7262
37 28 7262
28 38 2581
38 28 2581
28 39 3923
39 28 3923
28 40 8531
40 28 8531
28 41 107
41 28 107
28 42 8251
42 28 8251
28 43 5689
43 28 5689
28 44 4003
44 28 4003
28 46 1230
46 28 1230
28 47 2859
47 28 2859
28 48 9540
48 28 9540
28 49 758
49 28 758
28 50 7681
50 28 7681
28 51 3195
51 28 3195
28 52 7242
52 28 7242
28 53 4137
53 28 4137
28 54 4975
54 28 4975
28 55 10287
55 28 10287
28 56 6506
56 28 6506
28 57 2137
57 28 2137
28 58 7144
58 28 7144
28 59 6281
59 28 6281
28 60 2373
60 28 2373
28 62 9408
62 28 9408
28 63 2464
63 28 2464
28 64 5503
64 28 5503
28 65 1936
65 28 1936
28 66 1167
66 28 1167
28 67 9664
67 28 9664
28 68 8391
68 28 8391
28 69 6233
69 28 6233
28 71 5032
71 28 5032
28 72 5500
72 28 5500
28 73 9530
73 28 9530
28 74 4729
74 28 4729
28 75 10358
75 28 10358
28 76 8294
76 28 8294
28 78 2136
78 28 2136
28 79 6527
79 28 6527
28 80 1625
80 28 1625
28 82 8783
82 28 8783
28 83 6779
83 28 6779
28 87 4833
87 28 4833
28 88 456
88 28 456
28 89 8405
89 28 8405
28 92 6228
92 28 6228
28 93 5390
93 28 5390
28 95 9525
95 28 9525
28 96 10709
96 28 10709
28 97 1819
97 28 1819
28 98 5970
98 28 5970
29 32 7409
32 29 7409
29 36 9488
36 29 9488
29 37 2503
37 29 2503
29 39 2637
39 29 2637
29 40 7921
40 29 7921
29 41 5218
41 29 5218
29 43 10310
43 29 10310
29 45 8521
45 29 8521
29 46 8387
46 29 8387
29 47 2845
47 29 2845
29 48 4212
48 29 4212
29 49 8962
49 29 8962
29 50 9084
50 29 9084
29 52 8383
52 29 8383
29 53 2775
53 29 2775
29 55 1245
55 29 1245
29 56 8420
56 29 8420
29 58 10016
58 29 10016
29 59 4507
59 29 4507
29 62 8462
62 29 8462
29 63 1534
63 29 1534
29 65 7026
65 29 7026
29 66 4450
66 29 4450
29 67 1977
67 29 1977
29 68 2764
68 29 2764
29 69 10218
69 29 10218
29 70 1941
70 29 1941
29 71 8733
71 29 8733
29 72 4619
72 29 4619
29 73 489
73 29 489
29 74 6200
74 29 6200
29 75 534
75 29 534
29 76 1863
76 29 1863
29 77 6037
77 29 6037
29 78 7391
78 29 7391
29 79 2748
79 29 2748
29 84 10879
84 29 10879
29 85 2439
85 29 2439
29 86 9305
86 29 9305
29 87 11016
87 29 11016
29 90 2403
90 29 2403
29 91 2945
91 29 2945
29 92 9074
92 29 9074
29 93 9318
93 29 9318
29 94 7723
94 29 7723
29 97 11131
97 29 11131
29 98 9306
