30 870 5
0 1 280
1 0 280
0 2 932
2 0 932
0 3 1023
3 0 1023
0 4 1000
4 0 1000
0 5 291
5 0 291
0 6 207
6 0 207
0 7 68
7 0 68
0 8 980
8 0 980
0 9 118
9 0 118
0 10 254
10 0 254
0 11 798
11 0 798
0 12 1105
12 0 1105
0 13 325
13 0 325
0 14 559
14 0 559
0 15 1119
15 0 1119
0 16 566
16 0 566
0 17 896
17 0 896
0 18 1020
18 0 1020
0 19 542
19 0 542
0 20 353
20 0 353
0 21 426
21 0 426
0 22 1083
22 0 1083
0 23 821
23 0 821
0 24 1274
24 0 1274
0 25 220
25 0 220
0 26 1107
26 0 1107
0 27 508
27 0 508
0 28 1199
28 0 1199
0 29 299
29 0 299
1 2 506
2 1 506
1 3 237
3 1 237
1 4 434
4 1 434
1 5 838
5 1 838
1 6 212
6 1 212
1 7 1070
7 1 1070
1 8 1080
8 1 1080
1 9 83
9 1 83
1 10 1115
10 1 1115
1 11 242
11 1 242
1 12 445
12 1 445
1 13 26
13 1 26
1 14 576
14 1 576
1 15 76
15 1 76
1 16 717
16 1 717
1 17 946
17 1 946
1 18 18
18 1 18
1 19 552
19 1 552
1 20 1190
20 1 1190
1 21 481
21 1 481
1 22 1178
22 1 1178
1 23 588
23 1 588
1 24 15
24 1 15
1 25 985
25 1 985
1 26 1241
26 1 1241
1 27 1017
27 1 1017
1 28 952
28 1 952
1 29 787
29 1 787
2 3 481
3 2 481
2 4 762
4 2 762
2 5 948
5 2 948
2 6 381
6 2 381
2 7 718
7 2 718
2 8 419
8 2 419
2 9 1203
9 2 1203
2 10 715
10 2 715
2 11 321
11 2 321
2 12 1251
12 2 1251
2 13 1063
13 2 1063
2 14 637
14 2 637
2 15 304
15 2 304
2 16 867
16 2 867
2 17 539
17 2 539
2 18 193
18 2 193
2 19 616
19 2 616
2 20 260
20 2 260
2 21 1131
21 2 1131
2 22 5
22 2 5
2 23 545
23 2 545
2 24 1225
24 2 1225
2 25 1105
25 2 1105
2 26 487
26 2 487
2 27 442
27 2 442
2 28 1230
28 2 1230
2 29 438
29 2 438
3 4 1260
4 3 1260
3 5 809
5 3 809
3 6 414
6 3 414
3 7 850
7 3 850
3 8 518
8 3 518
3 9 426
9 3 426
3 10 614
10 3 614
3 11 1092
11 3 1092
3 12 138
12 3 138
3 13 697
13 3 697
3 14 77
14 3 77
3 15 315
15 3 315
3 16 70
16 3 70
3 17 760
17 3 760
3 18 783
18 3 783
3 19 22
19 3 22
3 20 649
20 3 649
3 21 819
21 3 819
3 22 1045
22 3 1045
3 23 134
23 3 134
3 24 1132
24 3 1132
3 25 801
25 3 801
3 26 589
26 3 589
3 27 909
27 3 909
3 28 1084
28 3 1084
3 29 378
29 3 378
4 5 895
5 4 895
4 6 1028
6 4 1028
4 7 1043
7 4 1043
4 8 85
8 4 85
4 9 720
9 4 720
4 10 1289
10 4 1289
4 11 251
11 4 251
4 12 1288
12 4 1288
4 13 298
13 4 298
4 14 704
14 4 704
4 15 1139
15 4 1139
4 16 872
16 4 872
4 17 248
17 4 248
4 18 709
18 4 709
4 19 871
19 4 871
4 20 1046
20 4 1046
4 21 223
21 4 223
4 22 1269
22 4 1269
4 23 670
23 4 670
4 24 1107
24 4 1107
4 25 499
25 4 499
4 26 230
26 4 230
4 27 778
27 4 778
4 28 1234
28 4 1234
4 29 107
29 4 107
5 6 685
6 5 685
5 7 1205
7 5 1205
5 8 893
8 5 893
5 9 863
9 5 863
5 10 606
10 5 606
5 11 351
11 5 351
5 12 338
12 5 338
5 13 127
13 5 127
5 14 825
14 5 825
5 15 582
15 5 582
5 16 868
16 5 868
5 17 822
17 5 822
5 18 1270
18 5 1270
5 19 794
19 5 794
5 20 687
20 5 687
5 21 892
21 5 892
5 22 552
22 5 552
5 23 1106
23 5 1106
5 24 878
24 5 878
5 25 347
25 5 347
5 26 902
26 5 902
5 27 1192
27 5 1192
5 28 1047
28 5 1047
5 29 171
29 5 171
6 7 645
7 6 645
6 8 325
8 6 325
6 9 55
9 6 55
6 10 317
10 6 317
6 11 429
11 6 429
6 12 1171
12 6 1171
6 13 1177
13 6 1177
6 14 1285
14 6 1285
6 15 163
15 6 163
6 16 1108
16 6 1108
6 17 824
17 6 824
6 18 405
18 6 405
6 19 193
19 6 193
6 20 893
20 6 893
6 21 1042
21 6 1042
6 22 862
22 6 862
6 23 675
23 6 675
6 24 392
24 6 392
6 25 806
25 6 806
6 26 101
26 6 101
6 27 258
27 6 258
6 28 346
28 6 346
6 29 1304
29 6 1304
7 8 1232
8 7 1232
7 9 235
9 7 235
7 10 1263
10 7 1263
7 11 319
11 7 319
7 12 818
12 7 818
7 13 714
13 7 714
7 14 1254
14 7 1254
7 15 632
15 7 632
7 16 506
16 7 506
7 17 799
17 7 799
7 18 1192
18 7 1192
7 19 209
19 7 209
7 20 1280
20 7 1280
7 21 854
21 7 854
7 22 686
22 7 686
7 23 1094
23 7 1094
7 24 419
24 7 419
7 25 587
25 7 587
7 26 111
26 7 111
7 27 595
27 7 595
7 28 1213
28 7 1213
7 29 611
29 7 611
8 9 522
9 8 522
8 10 524
10 8 524
8 11 333
11 8 333
8 12 989
12 8 989
8 13 347
13 8 347
8 14 1183
14 8 1183
8 15 261
15 8 261
8 16 107
16 8 107
8 17 965
17 8 965
8 18 642
18 8 642
8 19 771
19 8 771
8 20 423
20 8 423
8 21 428
21 8 428
8 22 1285
22 8 1285
8 23 839
23 8 839
8 24 1228
24 8 1228
8 25 718
25 8 718
8 26 115
26 8 115
8 27 139
27 8 139
8 28 857
28 8 857
8 29 13
29 8 13
9 10 1182
10 9 1182
9 11 247
11 9 247
9 12 1205
12 9 1205
9 13 494
13 9 494
9 14 62
14 9 62
9 15 63
15 9 63
9 16 1155
16 9 1155
9 17 623
17 9 623
9 18 570
18 9 570
9 19 74
19 9 74
9 20 569
20 9 569
9 21 591
21 9 591
9 22 536
22 9 536
9 23 100
23 9 100
9 24 300
24 9 300
9 25 118
25 9 118
9 26 327
26 9 327
9 27 872
27 9 872
9 28 998
28 9 998
9 29 24
29 9 24
10 11 764
11 10 764
10 12 275
12 10 275
10 13 1065
13 10 1065
10 14 1042
14 10 1042
10 15 1267
15 10 1267
10 16 566
16 10 566
10 17 613
17 10 613
10 18 430
18 10 430
10 19 973
19 10 973
10 20 517
20 10 517
10 21 930
21 10 930
10 22 81
22 10 81
10 23 924
23 10 924
10 24 1162
24 10 1162
10 25 70
25 10 70
10 26 996
26 10 996
10 27 369
27 10 369
10 28 407
28 10 407
10 29 329
29 10 329
11 12 474
12 11 474
11 13 898
13 11 898
11 14 468
14 11 468
11 15 355
15 11 355
11 16 786
16 11 786
11 17 602
17 11 602
11 18 1033
18 11 1033
11 19 231
19 11 231
11 20 516
20 11 516
11 21 91
21 11 91
11 22 830
22 11 830
11 23 353
23 11 353
11 24 259
24 11 259
11 25 512
25 11 512
11 26 287
26 11 287
11 27 389
27 11 389
11 28 721
28 11 721
11 29 1188
29 11 1188
12 13 115
13 12 115
12 14 373
14 12 373
12 15 1055
15 12 1055
12 16 1039
16 12 1039
12 17 557
17 12 557
12 18 998
18 12 998
12 19 1126
19 12 1126
12 20 1091
20 12 1091
12 21 1239
21 12 1239
12 22 285
22 12 285
12 23 386
23 12 386
12 24 1140
24 12 1140
12 25 794
25 12 794
12 26 688
26 12 688
12 27 98
27 12 98
12 28 638
28 12 638
12 29 964
29 12 964
13 14 311
14 13 311
13 15 1023
15 13 1023
13 16 1172
16 13 1172
13 17 78
17 13 78
13 18 805
18 13 805
13 19 220
19 13 220
13 20 419
20 13 419
13 21 988
21 13 988
13 22 427
22 13 427
13 23 702
23 13 702
13 24 994
24 13 994
13 25 13
25 13 13
13 26 557
26 13 557
13 27 727
27 13 727
13 28 1083
28 13 1083
13 29 48
29 13 48
14 15 76
15 14 76
14 16 882
16 14 882
14 17 378
17 14 378
14 18 702
18 14 702
14 19 725
19 14 725
14 20 671
20 14 671
14 21 1033
21 14 1033
14 22 353
22 14 353
14 23 164
23 14 164
14 24 495
24 14 495
14 25 1118
25 14 1118
14 26 1276
26 14 1276
14 27 857
27 14 857
14 28 824
28 14 824
14 29 138
29 14 138
15 16 11
16 15 11
15 17 844
17 15 844
15 18 463
18 15 463
15 19 744
19 15 744
15 20 698
20 15 698
15 21 1281
21 15 1281
15 22 501
22 15 501
15 23 1282
23 15 1282
15 24 541
24 15 541
15 25 626
25 15 626
15 26 50
26 15 50
15 27 915
27 15 915
15 28 750
28 15 750
15 29 366
29 15 366
16 17 1089
17 16 1089
16 18 218
18 16 218
16 19 1121
19 16 1121
16 20 960
20 16 960
16 21 758
21 16 758
16 22 895
22 16 895
16 23 702
23 16 702
16 24 847
24 16 847
16 25 696
25 16 696
16 26 662
26 16 662
16 27 333
27 16 333
16 28 714
28 16 714
16 29 464
29 16 464
17 18 249
18 17 249
17 19 767
19 17 767
17 20 1163
20 17 1163
17 21 980
21 17 980
17 22 264
22 17 264
17 23 514
23 17 514
17 24 459
24 17 459
17 25 831
25 17 831
17 26 866
26 17 866
17 27 151
27 17 151
17 28 493
28 17 493
17 29 630
29 17 630
18 19 396
19 18 396
18 20 1176
20 18 1176
18 21 973
21 18 973
18 22 920
22 18 920
18 23 1107
23 18 1107
18 24 508
24 18 508
18 25 411
25 18 411
18 26 515
26 18 515
18 27 697
27 18 697
18 28 598
28 18 598
18 29 21
29 18 21
19 20 418
20 19 418
19 21 180
21 19 180
19 22 1061
22 19 1061
19 23 967
23 19 967
19 24 1111
24 19 1111
19 25 66
25 19 66
19 26 921
26 19 921
19 27 774
27 19 774
19 28 1138
28 19 1138
19 29 1245
29 19 1245
20 21 1273
21 20 1273
20 22 211
22 20 211
20 23 1034
23 20 1034
20 24 684
24 20 684
20 25 338
25 20 338
20 26 187
26 20 187
20 27 195
27 20 195
20 28 887
28 20 887
20 29 872
29 20 872
21 22 468
22 21 468
21 23 380
23 21 380
21 24 580
24 21 580
21 25 146
25 21 146
21 26 848
26 21 848
21 27 1199
27 21 1199
21 28 335
28 21 335
21 29 367
29 21 367
22 23 73
23 22 73
22 24 37
24 22 37
22 25 431
25 22 431
22 26 1262
26 22 1262
22 27 1155
27 22 1155
22 28 486
28 22 486
22 29 355
29 22 355
23 24 813
24 23 813
23 25 657
25 23 657
23 26 824
26 23 824
23 27 1077
27 23 1077
23 28 81
28 23 81
23 29 168
29 23 168
24 25 231
25 24 231
24 26 1264
26 24 1264
24 27 1180
27 24 1180
24 28 467
28 24 467
24 29 1176
29 24 1176
25 26 710
26 25 710
25 27 866
27 25 866
25 28 518
28 25 518
25 29 708
29 25 708
26 27 1289
27 26 1289
26 28 122
28 26 122
26 29 275
29 26 275
27 28 87
28 27 87
27 29 187
29 27 187
28 29 480
29 28 480
