200 9950 6
0 64 4371
64 0 4371
0 132 2170
132 0 2170
0 8 6473
8 0 6473
0 10 814
10 0 814
0 142 6304
142 0 6304
0 16 7566
16 0 7566
0 18 11275
18 0 11275
0 19 2364
19 0 2364
0 20 12284
20 0 12284
0 178 4773
178 0 4773
0 22 9431
22 0 9431
0 151 1748
151 0 1748
0 24 13046
24 0 13046
0 26 3712
26 0 3712
0 155 6141
155 0 6141
0 157 7156
157 0 7156
0 31 14370
31 0 14370
0 197 5535
197 0 5535
0 35 1474
35 0 1474
0 165 9660
165 0 9660
0 43 13112
43 0 13112
0 45 12283
45 0 12283
0 29 14541
29 0 14541
0 48 2984
48 0 2984
0 49 5970
49 0 5970
0 50 9233
50 0 9233
0 52 1826
52 0 1826
0 182 12424
182 0 12424
0 57 11367
57 0 11367
0 59 4555
59 0 4555
0 60 10393
60 0 10393
0 62 1425
62 0 1425
0 192 4172
192 0 4172
0 65 3037
65 0 3037
0 67 3995
67 0 3995
0 69 4545
69 0 4545
0 199 14400
199 0 14400
0 162 7852
162 0 7852
0 78 117
78 0 117
0 79 1864
79 0 1864
0 81 2096
81 0 2096
0 83 8335
83 0 8335
0 84 8374
84 0 8374
0 54 1981
54 0 1981
0 95 10297
95 0 10297
0 99 9296
99 0 9296
0 100 3787
100 0 3787
0 101 5478
101 0 5478
0 103 959
103 0 959
0 104 8464
104 0 8464
0 109 2362
109 0 2362
0 110 5421
110 0 5421
0 114 11574
114 0 11574
0 187 12634
187 0 12634
0 121 5735
121 0 5735
1 128 1010
128 1 1010
1 4 14328
4 1 14328
1 5 12874
5 1 12874
1 136 12169
136 1 12169
1 11 12445
11 1 12445
1 14 12859
14 1 12859
1 17 11106
17 1 11106
1 147 9865
147 1 9865
1 149 6736
149 1 6736
1 23 6737
23 1 6737
1 24 9122
24 1 9122
1 153 8787
153 1 8787
1 175 11500
175 1 11500
1 33 8599
33 1 8599
1 164 12425
164 1 12425
1 166 13991
166 1 13991
1 42 3823
42 1 3823
1 43 10726
43 1 10726
1 47 14877
47 1 14877
1 50 10990
50 1 10990
1 179 927
179 1 927
1 52 10380
52 1 10380
1 53 5777
53 1 5777
1 182 12051
182 1 12051
1 183 5785
183 1 5785
1 56 13616
56 1 13616
1 193 8747
193 1 8747
1 54 1423
54 1 1423
1 198 10627
198 1 10627
1 73 3709
73 1 3709
1 74 747
74 1 747
1 81 7390
81 1 7390
1 84 7641
84 1 7641
1 87 4627
87 1 4627
1 88 5290
88 1 5290
1 89 14802
89 1 14802
1 92 13922
92 1 13922
1 94 12023
94 1 12023
1 106 5333
106 1 5333
1 112 12523
112 1 12523
1 117 10940
117 1 10940
1 120 9491
120 1 9491
1 122 2429
122 1 2429
1 127 11398
127 1 11398
2 3 8287
3 2 8287
2 132 13598
132 2 13598
2 8 10566
8 2 10566
2 10 3509
10 2 3509
2 11 13790
11 2 13790
2 144 5572
144 2 5572
2 18 8049
18 2 8049
2 131 3300
131 2 3300
2 150 8884
150 2 8884
2 4 3772
4 2 3772
2 154 14902
154 2 14902
2 27 10028
27 2 10028
2 157 1880
157 2 1880
2 160 11724
160 2 11724
2 165 9555
165 2 9555
2 166 1541
166 2 1541
2 175 8042
175 2 8042
2 176 13510
176 2 13510
2 136 719
136 2 719
2 52 8177
52 2 8177
2 57 3354
57 2 3354
2 188 13098
188 2 13098
2 61 5148
61 2 5148
2 146 10925
146 2 10925
2 193 12067
193 2 12067
2 66 8095
66 2 8095
2 139 12987
139 2 12987
2 69 2737
69 2 2737
2 78 3525
78 2 3525
2 80 10670
80 2 10670
2 83 2871
83 2 2871
2 89 1801
89 2 1801
2 90 8794
90 2 8794
2 92 3921
92 2 3921
2 95 13085
95 2 13085
2 98 2476
98 2 2476
2 99 8437
99 2 8437
2 100 7941
100 2 7941
2 102 11232
102 2 11232
2 106 10316
106 2 10316
2 108 14356
108 2 14356
2 109 1840
109 2 1840
2 189 13489
189 2 13489
2 113 11371
113 2 11371
2 121 5871
121 2 5871
2 122 123
122 2 123
2 125 11103
125 2 11103
3 136 1000
136 3 1000
3 11 6522
11 3 6522
3 142 9009
142 3 9009
3 15 236
15 3 236
3 17 13028
17 3 13028
3 19 10157
19 3 10157
3 150 9205
150 3 9205
3 24 9621
24 3 9621
3 153 4132
153 3 4132
3 157 12679
157 3 12679
3 159 12540
159 3 12540
3 37 12415
37 3 12415
3 169 4510
169 3 4510
3 170 4628
170 3 4628
3 47 12920
47 3 12920
3 8 14723
8 3 14723
3 179 11489
179 3 11489
3 53 5968
53 3 5968
3 184 3405
184 3 3405
3 57 703
57 3 703
3 187 1140
187 3 1140
3 70 3742
70 3 3742
3 65 13230
65 3 13230
3 66 7874
66 3 7874
3 198 4851
198 3 4851
3 72 14444
72 3 14444
3 75 4734
75 3 4734
3 76 10825
76 3 10825
3 77 2611
77 3 2611
3 83 8906
83 3 8906
3 85 13322
85 3 13322
3 152 6770
152 3 6770
3 91 779
91 3 779
3 95 7499
95 3 7499
3 165 3051
165 3 3051
3 98 14765
98 3 14765
3 59 14597
59 3 14597
3 107 1360
107 3 1360
3 108 8412
108 3 8412
3 115 14075
115 3 14075
3 117 10047
117 3 10047
3 121 6831
121 3 6831
3 125 399
125 3 399
3 126 9207
126 3 9207
4 43 8380
43 4 8380
4 136 10688
136 4 10688
4 9 10440
9 4 10440
4 10 9229
10 4 9229
4 140 13510
140 4 13510
4 130 13060
130 4 13060
4 18 9732
18 4 9732
4 147 13649
147 4 13649
4 149 10667
149 4 10667
4 22 5496
22 4 5496
4 151 8836
151 4 8836
4 137 6900
137 4 6900
4 25 5917
25 4 5917
4 157 4556
157 4 4556
4 158 2696
158 4 2696
4 161 6364
161 4 6364
4 166 2479
166 4 2479
4 40 833
40 4 833
4 41 12736
41 4 12736
4 176 6031
176 4 6031
4 44 9368
44 4 9368
4 173 9913
173 4 9913
4 46 11586
46 4 11586
4 48 3610
48 4 3610
4 177 14651
177 4 14651
4 178 9510
178 4 9510
4 180 10640
180 4 10640
4 181 8428
181 4 8428
4 182 13653
182 4 13653
4 183 7923
183 4 7923
4 56 13665
56 4 13665
4 185 7893
185 4 7893
4 187 6414
187 4 6414
4 188 12510
188 4 12510
4 190 1157
190 4 1157
4 53 12297
53 4 12297
4 192 12646
192 4 12646
4 194 10424
194 4 10424
4 195 10036
195 4 10036
4 69 5418
69 4 5418
4 199 7517
199 4 7517
4 72 10077
72 4 10077
4 76 2989
76 4 2989
4 80 5726
80 4 5726
4 184 7723
184 4 7723
4 82 2481
82 4 2481
4 84 7305
84 4 7305
4 85 11567
85 4 11567
4 98 4520
98 4 4520
4 101 4780
101 4 4780
4 103 10282
103 4 10282
4 104 11326
104 4 11326
4 107 10258
107 4 10258
4 146 6033
146 4 6033
4 112 14774
112 4 14774
4 117 3721
117 4 3721
4 21 9106
21 4 9106
5 43 693
43 5 693
5 132 10681
132 5 10681
5 7 7754
7 5 7754
5 136 13339
136 5 13339
5 138 10932
138 5 10932
5 142 8530
142 5 8530
5 145 2634
145 5 2634
5 196 4815
196 5 4815
5 22 7648
22 5 7648
5 152 11004
152 5 11004
5 25 3620
25 5 3620
5 155 4068
155 5 4068
5 29 9292
29 5 9292
5 158 8837
158 5 8837
5 31 7004
31 5 7004
5 32 13197
32 5 13197
5 33 2783
33 5 2783
5 162 13649
162 5 13649
5 163 13727
163 5 13727
5 164 2577
164 5 2577
5 167 2172
167 5 2172
5 170 12897
170 5 12897
5 135 8935
135 5 8935
5 44 1522
44 5 1522
5 46 11317
46 5 11317
5 175 11070
175 5 11070
5 50 4035
50 5 4035
5 185 2682
185 5 2682
5 187 13347
187 5 13347
5 10 10296
10 5 10296
5 190 10585
190 5 10585
5 194 13262
194 5 13262
5 67 1149
67 5 1149
5 68 4369
68 5 4369
5 74 2646
74 5 2646
5 77 9817
77 5 9817
5 82 14226
82 5 14226
5 57 2668
57 5 2668
5 36 8318
36 5 8318
5 95 3788
95 5 3788
5 102 9195
102 5 9195
5 108 8211
108 5 8211
5 116 1328
116 5 1328
5 62 6145
62 5 6145
5 124 10479
124 5 10479
6 129 3339
129 6 3339
6 10 9073
10 6 9073
6 142 2035
142 6 2035
6 17 1265
17 6 1265
6 19 1227
19 6 1227
6 149 3273
149 6 3273
6 151 12786
151 6 12786
6 152 10627
152 6 10627
6 155 3050
155 6 3050
6 28 3304
28 6 3304
6 32 1193
32 6 1193
6 33 4798
33 6 4798
6 162 2192
162 6 2192
6 35 13703
35 6 13703
6 165 14544
165 6 14544
6 38 12242
38 6 12242
6 167 8117
167 6 8117
6 168 13939
168 6 13939
6 169 7545
169 6 7545
6 170 4828
170 6 4828
6 176 5949
176 6 5949
6 70 14190
70 6 14190
6 175 9011
175 6 9011
6 48 6122
48 6 6122
6 177 2401
177 6 2401
6 50 10736
50 6 10736
6 180 11810
180 6 11810
6 181 5509
181 6 5509
6 182 9595
182 6 9595
6 55 11046
55 6 11046
6 56 2178
56 6 2178
6 186 7880
186 6 7880
6 188 3374
188 6 3374
6 53 14052
53 6 14052
6 190 12290
190 6 12290
6 63 296
63 6 296
6 193 3840
193 6 3840
6 67 2258
67 6 2258
6 196 13297
196 6 13297
6 69 940
69 6 940
6 198 807
198 6 807
6 199 8832
199 6 8832
6 73 11906
73 6 11906
6 78 3308
78 6 3308
6 81 5494
81 6 5494
6 156 12622
156 6 12622
6 84 9589
84 6 9589
6 24 7034
24 6 7034
6 87 207
87 6 207
6 94 13871
94 6 13871
6 95 9142
95 6 9142
6 97 3395
97 6 3395
6 98 9522
98 6 9522
6 101 6089
101 6 6089
6 103 11869
103 6 11869
6 104 1292
104 6 1292
6 105 4034
105 6 4034
6 108 4105
108 6 4105
6 109 13499
109 6 13499
6 111 1426
111 6 1426
6 118 301
118 6 301
6 119 12529
119 6 12529
6 122 9528
122 6 9528
6 123 104
123 6 104
6 126 8897
126 6 8897
7 129 1069
129 7 1069
7 130 2819
130 7 2819
7 131 13139
131 7 13139
7 134 14369
134 7 14369
7 138 11786
138 7 11786
7 13 58
13 7 58
7 14 7129
14 7 7129
7 141 6502
141 7 6502
7 145 8572
145 7 8572
7 146 8153
146 7 8153
7 19 7331
19 7 7331
7 158 7117
158 7 7117
7 31 7147
31 7 7147
7 32 8473
32 7 8473
7 163 3476
163 7 3476
7 70 12390
70 7 12390
7 166 6591
166 7 6591
7 39 13323
39 7 13323
7 168 7495
168 7 7495
7 171 6552
171 7 6552
7 172 14523
172 7 14523
7 45 13757
45 7 13757
7 175 11288
175 7 11288
7 176 1606
176 7 1606
7 177 7696
177 7 7696
7 50 14470
50 7 14470
7 52 14657
52 7 14657
7 30 7937
30 7 7937
7 54 11806
54 7 11806
7 53 3978
53 7 3978
7 123 12297
123 7 12297
7 181 14709
181 7 14709
7 67 2669
67 7 2669
7 147 20
147 7 20
7 69 7092
69 7 7092
7 198 1770
198 7 1770
7 79 14664
79 7 14664
7 142 2410
142 7 2410
7 86 10156
86 7 10156
7 49 6594
49 7 6594
7 93 11392
93 7 11392
7 165 12210
165 7 12210
7 96 2897
96 7 2897
7 98 13135
98 7 13135
7 99 5957
99 7 5957
7 38 10895
38 7 10895
7 103 10685
103 7 10685
7 105 9849
105 7 9849
7 107 3122
107 7 3122
7 114 32
114 7 32
7 115 12494
115 7 12494
7 191 2926
191 7 2926
7 124 11996
124 7 11996
8 129 14539
129 8 14539
8 132 7728
132 8 7728
8 151 10597
151 8 10597
8 14 2128
14 8 2128
8 24 13178
24 8 13178
8 147 12945
147 8 12945
8 21 14917
21 8 14917
8 150 10244
150 8 10244
8 23 14634
23 8 14634
8 152 1675
152 8 1675
8 25 3949
25 8 3949
8 154 14077
154 8 14077
8 156 5666
156 8 5666
8 29 1684
29 8 1684
8 158 7671
158 8 7671
8 31 3979
31 8 3979
8 32 6937
32 8 6937
8 39 6158
39 8 6158
8 40 9562
40 8 9562
8 176 7257
176 8 7257
8 179 5662
179 8 5662
8 186 6005
186 8 6005
8 59 5338
59 8 5338
8 61 9266
61 8 9266
8 63 12051
63 8 12051
8 192 4328
192 8 4328
8 65 607
65 8 607
8 195 13125
195 8 13125
8 69 6086
69 8 6086
8 71 14770
71 8 14770
8 86 10866
86 8 10866
8 87 2199
87 8 2199
8 89 13294
89 8 13294
8 91 6853
91 8 6853
8 92 2422
92 8 2422
8 94 6495
94 8 6495
8 96 6361
96 8 6361
8 97 106
97 8 106
8 100 9790
100 8 9790
8 101 1160
101 8 1160
8 106 259
106 8 259
8 110 9958
110 8 9958
8 112 6486
112 8 6486
8 115 4774
115 8 4774
8 117 723
117 8 723
8 121 6898
121 8 6898
8 122 2217
122 8 2217
8 123 13758
123 8 13758
8 125 3783
125 8 3783
8 127 382
127 8 382
9 193 2551
193 9 2551
9 66 11779
66 9 11779
9 196 12821
196 9 12821
9 69 8487
69 9 8487
9 51 9493
51 9 9493
9 199 4842
199 9 4842
9 136 951
136 9 951
9 138 9282
138 9 9282
9 151 4747
151 9 4747
9 141 11124
141 9 11124
9 78 9009
78 9 9009
9 79 8998
79 9 8998
9 81 5836
81 9 5836
9 147 12554
147 9 12554
9 89 3315
89 9 3315
9 24 5112
24 9 5112
9 155 10695
155 9 10695
9 101 13719
101 9 13719
9 159 13683
159 9 13683
9 91 706
91 9 706
9 166 6091
166 9 6091
9 38 631
38 9 631
9 168 8458
168 9 8458
9 106 12340
106 9 12340
9 171 8483
171 9 8483
9 173 2940
173 9 2940
9 175 10902
175 9 10902
9 112 7301
112 9 7301
9 104 8407
104 9 8407
9 178 1452
178 9 1452
9 83 14845
83 9 14845
9 52 4302
52 9 4302
9 53 8482
53 9 8482
9 182 10713
182 9 10713
9 183 7456
183 9 7456
9 120 10100
120 9 10100
9 57 8129
57 9 8129
9 127 11178
127 9 11178
9 191 13668
191 9 13668
10 11 4465
11 10 4465
10 15 4365
15 10 4365
10 145 907
145 10 907
10 19 11938
19 10 11938
10 21 3358
21 10 3358
10 24 8178
24 10 8178
10 154 9743
154 10 9743
10 27 2602
27 10 2602
10 31 4311
31 10 4311
10 160 11728
160 10 11728
10 33 1994
33 10 1994
10 34 12357
34 10 12357
10 35 9658
35 10 9658
10 37 1842
37 10 1842
10 38 942
38 10 942
10 43 11709
43 10 11709
10 46 1768
46 10 1768
10 177 13836
177 10 13836
10 58 8139
58 10 8139
10 187 13892
187 10 13892
10 189 14590
189 10 14590
10 193 9452
193 10 9452
10 69 10462
69 10 10462
10 70 758
70 10 758
10 71 12236
71 10 12236
10 76 11154
76 10 11154
10 78 5567
78 10 5567
10 81 4590
81 10 4590
10 163 1547
163 10 1547
10 84 10774
84 10 10774
10 186 1774
186 10 1774
10 94 8788
94 10 8788
10 98 13820
98 10 13820
10 101 1684
101 10 1684
10 17 1925
17 10 1925
10 106 4702
106 10 4702
10 109 10565
109 10 10565
10 174 9996
174 10 9996
10 116 8428
116 10 8428
10 120 13329
120 10 13329
10 121 11310
121 10 11310
10 122 13268
122 10 13268
10 124 9179
124 10 9179
10 126 6720
126 10 6720
10 149 3488
149 10 3488
11 130 1011
130 11 1011
11 133 5616
133 11 5616
11 44 9056
44 11 9056
11 139 3621
139 11 3621
11 12 9697
12 11 9697
11 142 13496
142 11 13496
11 18 10046
18 11 10046
11 20 909
20 11 909
11 171 13114
171 11 13114
11 154 3636
154 11 3636
11 29 1784
29 11 1784
11 31 6214
31 11 6214
11 160 409
160 11 409
11 37 5652
37 11 5652
11 166 4558
166 11 4558
11 167 9059
167 11 9059
11 169 8749
169 11 8749
11 42 3391
42 11 3391
11 199 3855
199 11 3855
11 172 13796
172 11 13796
11 173 8564
173 11 8564
11 174 12565
174 11 12565
11 48 2393
48 11 2393
11 49 7783
49 11 7783
11 51 8145
51 11 8145
11 54 7344
54 11 7344
11 137 11663
137 11 11663
11 185 8089
185 11 8089
11 59 1384
59 11 1384
11 188 8369
188 11 8369
11 189 1950
189 11 1950
11 191 10977
191 11 10977
11 194 13663
194 11 13663
11 66 1387
66 11 1387
11 69 3524
69 11 3524
11 71 4143
71 11 4143
11 177 11000
177 11 11000
11 83 13701
83 11 13701
11 14 7855
14 11 7855
11 88 4089
88 11 4089
11 90 6046
90 11 6046
11 91 11981
91 11 11981
11 97 4279
97 11 4279
11 99 1449
99 11 1449
11 100 2351
100 11 2351
11 102 9898
102 11 9898
11 103 234
103 11 234
11 105 13205
105 11 13205
11 39 10515
39 11 10515
11 110 5720
110 11 5720
11 125 2377
125 11 2377
11 114 4072
114 11 4072
11 118 5439
118 11 5439
11 120 11378
120 11 11378
11 124 5455
124 11 5455
11 170 2001
170 11 2001
11 126 3651
126 11 3651
12 133 3570
133 12 3570
12 184 7733
184 12 7733
12 140 753
140 12 753
12 141 11035
141 12 11035
12 14 11863
14 12 11863
12 16 4602
16 12 4602
12 145 11605
145 12 11605
12 148 1511
148 12 1511
12 149 13406
149 12 13406
12 24 9232
24 12 9232
12 153 1149
153 12 1149
12 155 3148
155 12 3148
12 156 12593
156 12 12593
12 29 11034
29 12 11034
12 32 4754
32 12 4754
12 161 7734
161 12 7734
12 164 11018
164 12 11018
12 166 7201
166 12 7201
12 40 5850
40 12 5850
12 43 9090
43 12 9090
12 172 11935
172 12 11935
12 46 9792
46 12 9792
12 48 7095
48 12 7095
12 182 9694
182 12 9694
12 56 11996
56 12 11996
12 188 11241
188 12 11241
12 190 12740
190 12 12740
12 63 5520
63 12 5520
12 66 5739
66 12 5739
12 139 11489
139 12 11489
12 71 9792
71 12 9792
12 72 5537
72 12 5537
12 78 5045
78 12 5045
12 79 8980
79 12 8980
12 81 211
81 12 211
12 83 3454
83 12 3454
12 85 11213
85 12 11213
12 86 8989
86 12 8989
12 92 8662
92 12 8662
12 108 12428
108 12 12428
12 111 9442
111 12 9442
12 112 6144
112 12 6144
12 119 3649
119 12 3649
12 121 6956
121 12 6956
12 123 10448
123 12 10448
12 124 8411
124 12 8411
13 131 11087
131 13 11087
13 136 5883
136 13 5883
13 137 850
137 13 850
13 138 11981
138 13 11981
13 140 4259
140 13 4259
13 144 10012
144 13 10012
13 18 5417
18 13 5417
13 147 10251
147 13 10251
13 148 4619
148 13 4619
13 149 11277
149 13 11277
13 151 638
151 13 638
13 155 7528
155 13 7528
13 28 3441
28 13 3441
13 30 12835
30 13 12835
13 161 5944
161 13 5944
13 42 10744
42 13 10744
13 61 2875
61 13 2875
13 174 9239
174 13 9239
13 175 1147
175 13 1147
13 49 11425
49 13 11425
13 50 824
50 13 824
13 180 4646
180 13 4646
13 184 7857
184 13 7857
13 185 4719
185 13 4719
13 189 3778
189 13 3778
13 62 13767
62 13 13767
13 191 1226
191 13 1226
13 193 11448
193 13 11448
13 69 6905
69 13 6905
13 199 8496
199 13 8496
13 72 7040
72 13 7040
13 78 5325
78 13 5325
13 81 9977
81 13 9977
13 82 14701
82 13 14701
13 83 14893
83 13 14893
13 84 333
84 13 333
13 96 7707
96 13 7707
13 16 9492
16 13 9492
13 99 6440
99 13 6440
13 101 5913
101 13 5913
13 106 13089
106 13 13089
13 109 6332
109 13 6332
13 111 14035
111 13 14035
13 19 11289
19 13 11289
13 117 5555
117 13 5555
13 119 2746
119 13 2746
13 120 13566
120 13 13566
13 123 1413
123 13 1413
13 127 1380
127 13 1380
14 130 7813
130 14 7813
14 140 9233
140 14 9233
14 141 4625
141 14 4625
14 144 8975
144 14 8975
14 21 8817
21 14 8817
14 23 4773
23 14 4773
14 28 3292
28 14 3292
14 29 6913
29 14 6913
14 158 14451
158 14 14451
14 197 260
197 14 260
14 32 13883
32 14 13883
14 34 9772
34 14 9772
14 36 5664
36 14 5664
14 37 9114
37 14 9114
14 156 5533
156 14 5533
14 170 1159
170 14 1159
14 46 4090
46 14 4090
14 48 9421
48 14 9421
14 53 10233
53 14 10233
14 54 1999
54 14 1999
14 55 7002
55 14 7002
14 186 3249
186 14 3249
14 187 12939
187 14 12939
14 188 8680
188 14 8680
14 62 7370
62 14 7370
14 64 6385
64 14 6385
14 194 2219
194 14 2219
14 66 13885
66 14 13885
14 69 12228
69 14 12228
14 70 11755
70 14 11755
14 199 4386
199 14 4386
14 72 6506
72 14 6506
14 183 9397
183 14 9397
14 77 13199
77 14 13199
14 95 9473
95 14 9473
14 165 9584
165 14 9584
14 98 4848
98 14 4848
14 99 1542
99 14 1542
14 100 9941
100 14 9941
14 102 2857
102 14 2857
14 103 13522
103 14 13522
14 105 3763
105 14 3763
14 109 8362
109 14 8362
14 118 12303
118 14 12303
14 120 3368
120 14 3368
14 123 6662
123 14 6662
14 42 13006
42 14 13006
15 64 8969
64 15 8969
15 131 13842
131 15 13842
15 69 12374
69 15 12374
15 113 10220
113 15 10220
15 137 10800
137 15 10800
15 55 11751
55 15 11751
15 76 10421
76 15 10421
15 77 14403
77 15 14403
15 16 3644
16 15 3644
15 18 10867
18 15 10867
15 19 1492
19 15 1492
15 84 14200
84 15 14200
15 85 6691
85 15 6691
15 22 9351
22 15 9351
15 39 10132
39 15 10132
15 157 3721
157 15 3721
15 133 5546
133 15 5546
15 33 13733
33 15 13733
15 163 4620
163 15 4620
15 101 5554
101 15 5554
15 38 14181
38 15 14181
15 103 13080
103 15 13080
15 168 10729
168 15 10729
15 43 10009
43 15 10009
15 166 7534
166 15 7534
15 102 1738
102 15 1738
15 47 7249
47 15 7249
15 49 6518
49 15 6518
15 178 7002
178 15 7002
15 123 13734
123 15 13734
15 116 9944
116 15 9944
15 117 3460
117 15 3460
15 182 10953
182 15 10953
15 119 11099
119 15 11099
15 185 10022
185 15 10022
15 59 1889
59 15 1889
15 60 4552
60 15 4552
15 183 4693
183 15 4693
15 127 6685
127 15 6685
16 129 4970
129 16 4970
16 193 13984
193 16 13984
16 138 12181
138 16 12181
16 146 3091
146 16 3091
16 148 11597
148 16 11597
16 21 4490
21 16 4490
16 22 617
22 16 617
16 23 2257
23 16 2257
16 152 5771
152 16 5771
16 156 8857
156 16 8857
16 158 1714
158 16 1714
16 160 9217
160 16 9217
16 161 5872
161 16 5872
16 34 4893
34 16 4893
16 35 1676
35 16 1676
16 36 5943
36 16 5943
16 39 10140
39 16 10140
16 168 5884
168 16 5884
16 41 13685
41 16 13685
16 42 9139
42 16 9139
16 173 10984
173 16 10984
16 46 13787
46 16 13787
16 176 321
176 16 321
16 49 2886
49 16 2886
16 180 1201
180 16 1201
16 182 393
182 16 393
16 56 14903
56 16 14903
16 190 13016
190 16 13016
16 65 11489
65 16 11489
16 66 6111
66 16 6111
16 69 4778
69 16 4778
16 73 4014
73 16 4014
16 80 10889
80 16 10889
16 184 5049
184 16 5049
16 84 3842
84 16 3842
16 87 4312
87 16 4312
16 88 6288
88 16 6288
16 100 12418
100 16 12418
16 103 2477
103 16 2477
16 107 7951
107 16 7951
16 109 12998
109 16 12998
16 174 8739
174 16 8739
16 112 7296
112 16 7296
16 115 2442
115 16 2442
16 116 11507
116 16 11507
16 118 7677
118 16 7677
16 120 4077
120 16 4077
16 121 623
121 16 623
16 124 11885
124 16 11885
17 129 13114
129 17 13114
17 133 9807
133 17 9807
17 44 14912
44 17 14912
17 145 5675
145 17 5675
17 21 13533
21 17 13533
17 22 3996
22 17 3996
17 23 9459
23 17 9459
17 159 5670
159 17 5670
17 160 3809
160 17 3809
17 161 4396
161 17 4396
17 163 11525
163 17 11525
17 134 14285
134 17 14285
17 166 7407
166 17 7407
17 40 12873
40 17 12873
17 41 762
41 17 762
17 172 1254
172 17 1254
17 173 1349
173 17 1349
17 49 2915
49 17 2915
17 50 14743
50 17 14743
17 182 11591
182 17 11591
17 183 6252
183 17 6252
17 59 5516
59 17 5516
17 60 14011
60 17 14011
17 62 6085
62 17 6085
17 191 4054
191 17 4054
17 68 14652
68 17 14652
17 69 2541
69 17 2541
17 31 8575
31 17 8575
17 75 3844
75 17 3844
17 85 12039
85 17 12039
17 99 11500
99 17 11500
17 38 10487
38 17 10487
17 104 13290
104 17 13290
17 108 13528
108 17 13528
17 168 1611
168 17 1611
17 115 14638
115 17 14638
17 116 3468
116 17 3468
17 190 10286
190 17 10286
17 120 10740
120 17 10740
17 121 11050
121 17 11050
17 122 7255
122 17 7255
17 123 8396
123 17 8396
17 126 3677
126 17 3677
18 130 13780
130 18 13780
18 134 3351
134 18 3351
18 135 13509
135 18 13509
18 144 11704
144 18 11704
18 146 5262
146 18 5262
18 149 14513
149 18 14513
18 151 11646
151 18 11646
18 24 12449
24 18 12449
18 155 13957
155 18 13957
18 28 8412
28 18 8412
18 33 959
33 18 959
18 34 8390
34 18 8390
18 165 2958
165 18 2958
18 166 1870
166 18 1870
18 167 11883
167 18 11883
18 170 11920
170 18 11920
18 50 8854
50 18 8854
18 51 7649
51 18 7649
18 180 4200
180 18 4200
18 59 4078
59 18 4078
18 188 5126
188 18 5126
18 190 8719
190 18 8719
18 195 2
195 18 2
18 70 11234
70 18 11234
18 199 8265
199 18 8265
18 76 7007
76 18 7007
18 77 11828
77 18 11828
18 78 11799
78 18 11799
18 79 1647
79 18 1647
18 80 10107
80 18 10107
18 81 10439
81 18 10439
18 82 6750
82 18 6750
18 83 365
83 18 365
18 89 14461
89 18 14461
18 96 6353
96 18 6353
18 103 5768
103 18 5768
18 108 10483
108 18 10483
18 109 768
109 18 768
18 110 8131
110 18 8131
18 112 2238
112 18 2238
18 116 7878
116 18 7878
18 119 2024
119 18 2024
18 122 663
122 18 663
18 123 3392
123 18 3392
18 125 2583
125 18 2583
19 192 13688
192 19 13688
19 130 10107
130 19 10107
19 132 7430
132 19 7430
19 133 2873
133 19 2873
19 136 14596
136 19 14596
19 137 13988
137 19 13988
19 144 6555
144 19 6555
19 152 7911
152 19 7911
19 146 1694
146 19 1694
19 20 6483
20 19 6483
19 149 10987
149 19 10987
19 151 14081
151 19 14081
19 24 14905
24 19 14905
19 25 2116
25 19 2116
19 154 2533
154 19 2533
19 155 10840
155 19 10840
19 156 9070
156 19 9070
19 30 14414
30 19 14414
19 34 7377
34 19 7377
19 35 11525
35 19 11525
19 162 14067
162 19 14067
19 165 12150
165 19 12150
19 168 10175
168 19 10175
19 169 2877
169 19 2877
19 172 7298
172 19 7298
19 45 12227
45 19 12227
19 46 4743
46 19 4743
19 176 9298
176 19 9298
19 51 1852
51 19 1852
19 180 8575
180 19 8575
19 181 1382
181 19 1382
19 138 2308
138 19 2308
19 70 8549
70 19 8549
19 189 11353
189 19 11353
19 190 1045
190 19 1045
19 64 4586
64 19 4586
19 197 1925
197 19 1925
19 198 2259
198 19 2259
19 77 8394
77 19 8394
19 82 5355
82 19 5355
19 163 13725
163 19 13725
19 88 906
88 19 906
19 92 1318
92 19 1318
19 37 366
37 19 366
19 99 9131
99 19 9131
19 103 4133
103 19 4133
19 107 5842
107 19 5842
19 108 12394
108 19 12394
19 27 4540
27 19 4540
19 116 553
116 19 553
19 119 1962
119 19 1962
19 123 4178
123 19 4178
19 125 7060
125 19 7060
20 130 6915
130 20 6915
20 135 258
135 20 258
20 45 4627
45 20 4627
20 144 8551
144 20 8551
20 22 3446
22 20 3446
20 23 4877
23 20 4877
20 25 9488
25 20 9488
20 154 11596
154 20 11596
20 28 7705
28 20 7705
20 29 969
29 20 969
20 30 8531
30 20 8531
20 31 13714
31 20 13714
20 35 3178
35 20 3178
20 36 501
36 20 501
20 167 9308
167 20 9308
20 41 10317
41 20 10317
20 43 5280
43 20 5280
20 172 8161
172 20 8161
20 173 1131
173 20 1131
20 48 4740
48 20 4740
20 177 12900
177 20 12900
20 178 666
178 20 666
20 179 2153
179 20 2153
20 54 8712
54 20 8712
20 189 2205
189 20 2205
20 191 14783
191 20 14783
20 64 6102
64 20 6102
20 67 2999
67 20 2999
20 182 9197
182 20 9197
20 73 4731
73 20 4731
20 77 4803
77 20 4803
20 78 11886
78 20 11886
20 83 12140
83 20 12140
20 84 5964
84 20 5964
20 86 3847
86 20 3847
20 88 7468
88 20 7468
20 96 5226
96 20 5226
20 103 1179
103 20 1179
20 104 4042
104 20 4042
20 106 8366
106 20 8366
20 39 10105
39 20 10105
20 110 1837
110 20 1837
20 61 14510
61 20 14510
20 169 10041
169 20 10041
20 123 6025
123 20 6025
20 126 6979
126 20 6979
21 128 12411
128 21 12411
21 129 14539
129 21 14539
21 135 8281
135 21 8281
21 137 5233
137 21 5233
21 141 2758
141 21 2758
21 146 3814
146 21 3814
21 150 479
150 21 479
21 24 86
24 21 86
21 153 13045
153 21 13045
21 27 7720
27 21 7720
21 156 5485
156 21 5485
21 158 8264
158 21 8264
21 161 5384
161 21 5384
21 162 6155
162 21 6155
21 35 14636
35 21 14636
21 36 3080
36 21 3080
21 70 2332
70 21 2332
21 39 8459
39 21 8459
21 41 13279
41 21 13279
21 42 5143
42 21 5143
21 171 224
171 21 224
21 172 11628
172 21 11628
21 46 4370
46 21 4370
21 47 12238
47 21 12238
21 177 7373
177 21 7373
21 179 2640
179 21 2640
21 180 486
180 21 486
21 30 3839
30 21 3839
21 138 4074
138 21 4074
21 183 8081
183 21 8081
21 184 12310
184 21 12310
21 188 6429
188 21 6429
21 189 4925
189 21 4925
21 62 14816
62 21 14816
21 53 4605
53 21 4605
21 198 2957
198 21 2957
21 65 2779
65 21 2779
21 194 5201
194 21 5201
21 67 13517
67 21 13517
21 181 11255
181 21 11255
21 72 6023
72 21 6023
21 73 6253
73 21 6253
21 78 802
78 21 802
21 80 576
80 21 576
21 86 5424
86 21 5424
21 89 8892
89 21 8892
21 91 8719
91 21 8719
21 105 12551
105 21 12551
21 113 10752
113 21 10752
21 118 1926
118 21 1926
21 121 7313
121 21 7313
21 125 12382
125 21 12382
22 129 14506
129 22 14506
22 136 5827
136 22 5827
22 141 7894
141 22 7894
22 143 8273
143 22 8273
22 145 5717
145 22 5717
22 151 7573
151 22 7573
22 153 5855
153 22 5855
22 26 12199
26 22 12199
22 156 6608
156 22 6608
22 30 8798
30 22 8798
22 165 4107
165 22 4107
22 166 9510
166 22 9510
22 167 1148
167 22 1148
22 169 3822
169 22 3822
22 50 7563
50 22 7563
22 174 5280
174 22 5280
22 47 9314
47 22 9314
22 49 9603
49 22 9603
22 178 12354
178 22 12354
22 179 10470
179 22 10470
22 158 4329
158 22 4329
22 55 1850
55 22 1850
22 56 5542
56 22 5542
22 57 3417
57 22 3417
22 186 13214
186 22 13214
22 187 4574
187 22 4574
22 61 3795
61 22 3795
22 190 956
190 22 956
22 63 7884
63 22 7884
22 66 10977
66 22 10977
22 198 8991
198 22 8991
22 74 9072
74 22 9072
22 75 2056
75 22 2056
22 87 1821
87 22 1821
22 90 13954
90 22 13954
22 92 7525
92 22 7525
22 96 11221
96 22 11221
22 97 2355
97 22 2355
22 99 4671
99 22 4671
22 102 5573
102 22 5573
22 106 10334
106 22 10334
22 107 3480
107 22 3480
22 111 9960
111 22 9960
22 113 14726
113 22 14726
22 116 1100
116 22 1100
22 118 464
118 22 464
22 183 10907
183 22 10907
22 39 4570
39 22 4570
23 193 7066
193 23 7066
23 131 2101
131 23 2101
23 70 7735
70 23 7735
23 129 9318
129 23 9318
23 73 1868
73 23 1868
23 138 12437
138 23 12437
23 139 8204
139 23 8204
23 80 7767
80 23 7767
23 167 11444
167 23 11444
23 195 1715
195 23 1715
23 171 1779
171 23 1779
23 57 9684
57 23 9684
23 71 14423
71 23 14423
23 27 14775
27 23 14775
23 93 3400
93 23 3400
23 94 9882
94 23 9882
23 159 1156
159 23 1156
23 160 11777
160 23 11777
23 36 4381
36 23 4381
23 38 5129
38 23 5129
23 103 10241
103 23 10241
23 168 553
168 23 553
23 43 8509
43 23 8509
23 45 14116
45 23 14116
23 174 5598
174 23 5598
23 47 8242
47 23 8242
23 136 3538
136 23 3538
23 74 8490
74 23 8490
23 40 14732
40 23 14732
23 56 6253
56 23 6253
23 55 7160
55 23 7160
23 58 13440
58 23 13440
23 119 7017
119 23 7017
23 151 11004
151 23 11004
23 125 4956
125 23 4956
23 127 455
127 23 455
24 179 2806
179 24 2806
24 135 5755
135 24 5755
24 140 2783
140 24 2783
24 142 3963
142 24 3963
24 150 6816
150 24 6816
24 153 13203
153 24 13203
24 156 11895
156 24 11895
24 128 2301
128 24 2301
24 161 153
161 24 153
24 197 6
197 24 6
24 37 8422
37 24 8422
24 38 11297
38 24 11297
24 39 11263
39 24 11263
24 170 14015
170 24 14015
24 171 3282
171 24 3282
24 173 13473
173 24 13473
24 46 9161
46 24 9161
24 47 2165
47 24 2165
24 176 7736
176 24 7736
24 177 14822
177 24 14822
24 51 7776
51 24 7776
24 180 7903
180 24 7903
24 138 11637
138 24 11637
24 184 7479
184 24 7479
24 52 10126
52 24 10126
24 58 12972
58 24 12972
24 59 5950
59 24 5950
24 189 5459
189 24 5459
24 190 1018
190 24 1018
24 193 8960
193 24 8960
24 194 5039
194 24 5039
24 69 9040
69 24 9040
24 70 1329
70 24 1329
24 199 13509
199 24 13509
24 72 12105
72 24 12105
24 76 12152
76 24 12152
24 80 9682
80 24 9682
24 85 9179
85 24 9179
24 91 7579
91 24 7579
24 186 3191
186 24 3191
24 94 6279
94 24 6279
24 166 9625
166 24 9625
24 104 7818
104 24 7818
24 105 14368
105 24 14368
24 106 2605
106 24 2605
24 108 7071
108 24 7071
24 93 8789
93 24 8789
24 147 2771
147 24 2771
24 116 4264
116 24 4264
24 117 6593
117 24 6593
24 119 6149
119 24 6149
24 42 3747
42 24 3747
25 128 4282
128 25 4282
25 194 6737
194 25 6737
25 67 9743
67 25 9743
25 72 13067
72 25 13067
25 139 5602
139 25 5602
25 140 1681
140 25 1681
25 173 11335
173 25 11335
25 145 10713
145 25 10713
25 146 5686
146 25 5686
25 149 4205
149 25 4205
25 176 8391
176 25 8391
25 36 7868
36 25 7868
25 155 1300
155 25 1300
25 93 1883
93 25 1883
25 30 14309
30 25 14309
25 159 14374
159 25 14374
25 97 4666
97 25 4666
25 34 9472
34 25 9472
25 35 4207
35 25 4207
25 164 13422
164 25 13422
25 37 564
37 25 564
25 113 8342
113 25 8342
25 171 3396
171 25 3396
25 44 10835
44 25 10835
25 109 10905
109 25 10905
25 112 8054
112 25 8054
25 177 6817
177 25 6817
25 115 606
115 25 606
25 131 9274
131 25 9274
25 84 8918
84 25 8918
25 186 12063
186 25 12063
25 123 6383
123 25 6383
25 188 14855
188 25 14855
25 61 13250
61 25 13250
25 126 9980
126 25 9980
26 130 2379
130 26 2379
26 132 10426
132 26 10426
26 136 12833
136 26 12833
26 138 8901
138 26 8901
26 141 5477
141 26 5477
26 142 14108
142 26 14108
26 151 2371
151 26 2371
26 175 12632
175 26 12632
26 156 3781
156 26 3781
26 157 10848
157 26 10848
26 159 13245
159 26 13245
26 160 6369
160 26 6369
26 36 12214
36 26 12214
26 167 14106
167 26 14106
26 199 823
199 26 823
26 47 9646
47 26 9646
26 48 8676
48 26 8676
26 49 9102
49 26 9102
26 178 13976
178 26 13976
26 52 10317
52 26 10317
26 183 2087
183 26 2087
26 56 6092
56 26 6092
26 187 1978
187 26 1978
26 65 10902
65 26 10902
26 68 5195
68 26 5195
26 69 375
69 26 375
26 71 335
71 26 335
26 72 3549
72 26 3549
26 74 1963
74 26 1963
26 76 13399
76 26 13399
26 80 7864
80 26 7864
26 81 10736
81 26 10736
26 84 10936
84 26 10936
26 92 4539
92 26 4539
26 98 9205
98 26 9205
26 101 8588
101 26 8588
26 103 2247
103 26 2247
26 105 13949
105 26 13949
26 112 12679
112 26 12679
26 121 8167
121 26 8167
26 125 7701
125 26 7701
26 126 9308
126 26 9308
27 128 9412
128 27 9412
27 137 9081
137 27 9081
27 87 12569
87 27 12569
27 146 6976
146 27 6976
27 148 338
148 27 338
27 149 8776
149 27 8776
27 150 11360
150 27 11360
27 157 5676
157 27 5676
27 30 7279
30 27 7279
27 160 8548
160 27 8548
27 33 2793
33 27 2793
27 34 4715
34 27 4715
27 35 4886
35 27 4886
27 167 7334
167 27 7334
27 168 49
168 27 49
27 170 7312
170 27 7312
27 171 4632
171 27 4632
27 172 4323
172 27 4323
27 151 13755
151 27 13755
27 44 14540
44 27 14540
27 179 5612
179 27 5612
27 53 8705
53 27 8705
27 59 14681
59 27 14681
27 183 1335
183 27 1335
27 56 1043
56 27 1043
27 57 12644
57 27 12644
27 187 10727
187 27 10727
27 60 3245
60 27 3245
27 191 6563
191 27 6563
27 32 7801
32 27 7801
27 66 10500
66 27 10500
27 196 10186
196 27 10186
27 197 7878
197 27 7878
27 70 12998
70 27 12998
27 76 5338
76 27 5338
27 77 14482
77 27 14482
27 78 10147
78 27 10147
27 79 6301
79 27 6301
27 80 6256
80 27 6256
27 86 14009
86 27 14009
27 185 4076
185 27 4076
27 89 4597
89 27 4597
27 95 729
95 27 729
27 99 12454
99 27 12454
27 103 12225
103 27 12225
27 110 1523
110 27 1523
27 111 10031
111 27 10031
27 40 9729
40 27 9729
27 114 8714
114 27 8714
27 115 9646
115 27 9646
27 119 9806
119 27 9806
27 123 1906
123 27 1906
28 130 14143
130 28 14143
28 131 13012
131 28 13012
28 135 7333
135 28 7333
28 138 9696
138 28 9696
28 146 13246
146 28 13246
28 195 123
195 28 123
28 46 3615
46 28 3615
28 156 10164
156 28 10164
28 29 14859
29 28 14859
28 32 7111
32 28 7111
28 161 10297
161 28 10297
28 37 1293
37 28 1293
28 166 4470
166 28 4470
28 167 4418
167 28 4418
28 174 1431
174 28 1431
28 47 2003
47 28 2003
28 176 10700
176 28 10700
28 180 14785
180 28 14785
28 53 14258
53 28 14258
28 58 12013
58 28 12013
28 188 10511
188 28 10511
28 63 12617
63 28 12617
28 194 14389
194 28 14389
28 67 12678
67 28 12678
28 197 8100
197 28 8100
28 198 8578
198 28 8578
28 199 6231
199 28 6231
28 74 557
74 28 557
28 76 3363
76 28 3363
28 80 13002
80 28 13002
28 81 4399
81 28 4399
28 82 7363
82 28 7363
28 86 4285
86 28 4285
28 88 14877
88 28 14877
28 94 14898
94 28 14898
28 60 12859
60 28 12859
28 107 7045
107 28 7045
28 108 3971
108 28 3971
28 110 5812
110 28 5812
28 111 8919
111 28 8919
28 125 14233
125 28 14233
28 126 13865
126 28 13865
29 132 7658
132 29 7658
29 134 1882
134 29 1882
29 141 5811
141 29 5811
29 151 8166
151 29 8166
29 153 10959
153 29 10959
29 156 10221
156 29 10221
29 160 6940
160 29 6940
29 164 3572
164 29 3572
29 167 6682
167 29 6682
29 169 11445
169 29 11445
29 171 4995
171 29 4995
29 45 13042
45 29 13042
29 174 5348
174 29 5348
29 47 10723
47 29 10723
29 177 2473
177 29 2473
29 178 10117
178 29 10117
29 51 4170
51 29 4170
29 56 8038
56 29 8038
29 187 5804
187 29 5804
29 62 415
62 29 415
29 68 10643
68 29 10643
29 71 4704
71 29 4704
29 74 2740
74 29 2740
29 76 13995
76 29 13995
29 80 2460
80 29 2460
29 184 1288
184 29 1288
29 83 281
83 29 281
29 88 1255
88 29 1255
29 89 12271
89 29 12271
29 95 8135
95 29 8135
29 101 5231
101 29 5231
29 104 4185
104 29 4185
29 106 6923
106 29 6923
29 107 3112
107 29 3112
29 109 4720
109 29 4720
29 190 8846
190 29 8846
29 124 14036
124 29 14036
29 125 13548
125 29 13548
29 39 6897
39 29 6897
30 130 12730
130 30 12730
30 179 10433
179 30 10433
30 137 12903
137 30 12903
30 139 14834
139 30 14834
30 143 10945
143 30 10945
30 147 5651
147 30 5651
30 154 9418
154 30 9418
30 158 7589
158 30 7589
30 32 1696
32 30 1696
30 35 7713
35 30 7713
30 166 9608
166 30 9608
30 199 2630
199 30 2630
30 173 4775
173 30 4775
30 174 9574
174 30 9574
30 51 1258
51 30 1258
30 52 6995
52 30 6995
30 54 9504
54 30 9504
30 183 9024
183 30 9024
30 59 435
59 30 435
30 191 14417
191 30 14417
30 193 7089
193 30 7089
30 67 10462
67 30 10462
30 197 1155
197 30 1155
30 71 9358
71 30 9358
30 75 844
75 30 844
30 76 1935
76 30 1935
30 78 7989
78 30 7989
30 85 6744
85 30 6744
30 86 13986
86 30 13986
30 38 5570
38 30 5570
30 105 1261
105 30 1261
30 106 2963
106 30 2963
30 108 5539
108 30 5539
30 110 10551
110 30 10551
30 111 13487
111 30 13487
30 120 4135
120 30 4135
31 128 5566
128 31 5566
31 43 4922
43 31 4922
31 134 10148
134 31 10148
31 194 13175
194 31 13175
31 142 947
142 31 947
31 143 4692
143 31 4692
31 147 417
147 31 417
31 149 1321
149 31 1321
31 151 6598
151 31 6598
31 39 1220
39 31 1220
31 155 7296
155 31 7296
31 159 10790
159 31 10790
31 32 2948
32 31 2948
31 162 14674
162 31 14674
31 35 10285
35 31 10285
31 166 4320
166 31 4320
31 167 12489
167 31 12489
31 168 12574
168 31 12574
31 170 13521
170 31 13521
31 171 1903
171 31 1903
31 172 5790
172 31 5790
31 45 6022
45 31 6022
31 46 7207
46 31 7207
31 175 2645
175 31 2645
31 176 1817
176 31 1817
31 55 8583
55 31 8583
31 63 14803
63 31 14803
31 192 10125
192 31 10125
31 66 2524
66 31 2524
31 195 3032
195 31 3032
31 197 6168
197 31 6168
31 71 7421
71 31 7421
31 81 7195
81 31 7195
31 84 9021
84 31 9021
31 85 4351
85 31 4351
31 88 10670
88 31 10670
31 89 12080
89 31 12080
31 94 9717
94 31 9717
31 99 1270
99 31 1270
31 102 8102
102 31 8102
31 145 12267
145 31 12267
31 107 2658
107 31 2658
31 111 1569
111 31 1569
31 40 11332
40 31 11332
31 115 12849
115 31 12849
31 117 8530
117 31 8530
31 120 5837
120 31 5837
31 122 71
122 31 71
31 126 3040
126 31 3040
32 135 1436
135 32 1436
32 136 10891
136 32 10891
32 139 4173
139 32 4173
32 142 7402
142 32 7402
32 147 9115
147 32 9115
32 69 822
69 32 822
32 152 5805
152 32 5805
32 153 14547
153 32 14547
32 154 2568
154 32 2568
32 161 5833
161 32 5833
32 163 3331
163 32 3331
32 36 10814
36 32 10814
32 37 11119
37 32 11119
32 166 3960
166 32 3960
32 39 3964
39 32 3964
32 41 10514
41 32 10514
32 170 3687
170 32 3687
32 178 4033
178 32 4033
32 47 4365
47 32 4365
32 48 10207
48 32 10207
32 177 9081
177 32 9081
32 50 1986
50 32 1986
32 180 829
180 32 829
32 182 2037
182 32 2037
32 55 6855
55 32 6855
32 56 3127
56 32 3127
32 185 3950
185 32 3950
32 188 2853
188 32 2853
32 189 6173
189 32 6173
32 195 2723
195 32 2723
32 196 6632
196 32 6632
32 49 5587
49 32 5587
32 72 8201
72 32 8201
32 80 1666
80 32 1666
32 184 12382
184 32 12382
32 82 13461
82 32 13461
32 86 8446
86 32 8446
32 164 8940
164 32 8940
32 118 13152
118 32 13152
32 95 14276
95 32 14276
32 99 8141
99 32 8141
32 102 3647
102 32 3647
32 81 6848
81 32 6848
32 106 7285
106 32 7285
32 107 10435
107 32 10435
32 110 786
110 32 786
32 116 9974
116 32 9974
32 123 14300
123 32 14300
32 125 4190
125 32 4190
32 126 14279
126 32 14279
32 127 3737
127 32 3737
33 129 10
129 33 10
33 136 6590
136 33 6590
33 47 2898
47 33 2898
33 139 9512
139 33 9512
33 141 1339
141 33 1339
33 195 7602
195 33 7602
33 149 1739
149 33 1739
33 153 10876
153 33 10876
33 154 7149
154 33 7149
33 159 4780
159 33 4780
33 161 2033
161 33 2033
33 164 14369
164 33 14369
33 134 9400
134 33 9400
33 39 9248
39 33 9248
33 41 8962
41 33 8962
33 175 14298
175 33 14298
33 181 4031
181 33 4031
33 54 12238
54 33 12238
33 184 14240
184 33 14240
33 57 6596
57 33 6596
33 186 3365
186 33 3365
33 59 12087
59 33 12087
33 62 14047
62 33 14047
33 63 14894
63 33 14894
33 64 13511
64 33 13511
33 67 10864
67 33 10864
33 76 2354
76 33 2354
33 56 2895
56 33 2895
33 84 8404
84 33 8404
33 185 8954
185 33 8954
33 92 12583
92 33 12583
33 93 14906
93 33 14906
33 98 4782
98 33 4782
33 105 13378
105 33 13378
33 107 5122
107 33 5122
33 108 1357
108 33 1357
33 109 1760
109 33 1760
33 113 7102
113 33 7102
33 121 13456
121 33 13456
33 122 11188
122 33 11188
33 126 2168
126 33 2168
34 192 7515
192 34 7515
34 133 11015
133 34 11015
34 134 3070
134 34 3070
34 135 1901
135 34 1901
34 136 5453
136 34 5453
34 44 4121
44 34 4121
34 138 12205
138 34 12205
34 139 6102
139 34 6102
34 143 457
143 34 457
34 148 1860
148 34 1860
34 152 9210
152 34 9210
34 161 2640
161 34 2640
34 162 9696
162 34 9696
34 35 10518
35 34 10518
34 36 13796
36 34 13796
34 165 6356
165 34 6356
34 40 3165
40 34 3165
34 170 1093
170 34 1093
34 172 1973
172 34 1973
34 173 5448
173 34 5448
34 47 12234
47 34 12234
34 49 6706
49 34 6706
34 54 5698
54 34 5698
34 183 587
183 34 587
34 59 2541
59 34 2541
34 60 11029
60 34 11029
34 191 9560
191 34 9560
34 64 13596
64 34 13596
34 65 12844
65 34 12844
34 195 9767
195 34 9767
34 182 9466
182 34 9466
34 71 12842
71 34 12842
34 72 8473
72 34 8473
34 74 10053
74 34 10053
34 79 5859
79 34 5859
34 80 3117
80 34 3117
34 82 14739
82 34 14739
34 83 5183
83 34 5183
34 97 12768
97 34 12768
34 98 3878
98 34 3878
34 100 8407
100 34 8407
34 188 10372
188 34 10372
34 110 7659
110 34 7659
34 112 13994
112 34 13994
34 168 576
168 34 576
34 147 248
147 34 248
34 116 10455
116 34 10455
34 63 12020
63 34 12020
34 42 2558
42 34 2558
34 127 788
127 34 788
35 146 4110
146 35 4110
35 149 1390
149 35 1390
35 158 7048
158 35 7048
35 160 1662
160 35 1662
35 166 8791
166 35 8791
35 168 8909
168 35 8909
35 169 7833
169 35 7833
35 171 11671
171 35 11671
35 159 8191
159 35 8191
35 180 6498
180 35 6498
35 181 1182
181 35 1182
35 56 3577
56 35 3577
35 185 8697
185 35 8697
35 59 13696
59 35 13696
35 190 6620
190 35 6620
35 191 1629
191 35 1629
35 195 1385
195 35 1385
35 197 11602
197 35 11602
35 74 2408
74 35 2408
35 80 8762
80 35 8762
35 84 1031
84 35 1031
35 86 14764
86 35 14764
35 88 7660
88 35 7660
35 92 5310
92 35 5310
35 96 8027
96 35 8027
35 144 11564
144 35 11564
35 102 12297
102 35 12297
35 107 14281
107 35 14281
35 108 14808
108 35 14808
35 109 10084
109 35 10084
35 110 7349
110 35 7349
35 115 2500
115 35 2500
35 125 3737
125 35 3737
35 126 7063
126 35 7063
35 127 5268
127 35 5268
36 134 7954
134 36 7954
36 136 3683
136 36 3683
36 172 406
172 36 406
36 140 4743
140 36 4743
36 155 6677
155 36 6677
36 158 4831
158 36 4831
36 39 8494
39 36 8494
36 40 6400
40 36 6400
36 170 12862
170 36 12862
36 44 10542
44 36 10542
36 46 13594
46 36 13594
36 175 12638
175 36 12638
36 51 13674
51 36 13674
36 181 4465
181 36 4465
36 184 10666
184 36 10666
36 189 11124
189 36 11124
36 63 5634
63 36 5634
36 192 3933
192 36 3933
36 69 11993
69 36 11993
36 199 8763
199 36 8763
36 77 291
77 36 291
36 78 10192
78 36 10192
36 79 7577
79 36 7577
36 80 9142
80 36 9142
36 82 6104
82 36 6104
36 88 2590
88 36 2590
36 95 14791
95 36 14791
36 101 9458
101 36 9458
36 104 11147
104 36 11147
36 106 14746
106 36 14746
36 61 10530
61 36 10530
36 113 11462
113 36 11462
36 116 12128
116 36 12128
36 153 5972
153 36 5972
36 122 7575
122 36 7575
37 133 4330
133 37 4330
37 140 7288
140 37 7288
37 154 2901
154 37 2901
37 163 6988
163 37 6988
37 38 3859
38 37 3859
37 39 10532
39 37 10532
37 41 11987
41 37 11987
37 170 8383
170 37 8383
37 171 9902
171 37 9902
37 44 2597
44 37 2597
37 174 8292
174 37 8292
37 47 5305
47 37 5305
37 48 3655
48 37 3655
37 182 1507
182 37 1507
37 184 5233
184 37 5233
37 185 2736
185 37 2736
37 190 3321
190 37 3321
37 191 69
191 37 69
37 67 3472
67 37 3472
37 198 4648
198 37 4648
37 199 584
