150 5586 138
0 135 912
135 0 912
0 9 744
9 0 744
0 138 2265
138 0 2265
0 140 5773
140 0 5773
0 13 7129
13 0 7129
0 144 3648
144 0 3648
0 17 1062
17 0 1062
0 21 7500
21 0 7500
0 27 267
27 0 267
0 33 1164
33 0 1164
0 40 5703
40 0 5703
0 43 2333
43 0 2333
0 45 8344
45 0 8344
0 137 5226
137 0 5226
0 57 3351
57 0 3351
0 59 6113
59 0 6113
0 60 926
60 0 926
0 65 4114
65 0 4114
0 66 1125
66 0 1125
0 67 363
67 0 363
0 68 1774
68 0 1774
0 71 7641
71 0 7641
0 72 7014
72 0 7014
0 12 6208
12 0 6208
0 75 8069
75 0 8069
0 76 5183
76 0 5183
0 79 2525
79 0 2525
0 80 3724
80 0 3724
0 82 2585
82 0 2585
0 85 3066
85 0 3066
0 88 2859
88 0 2859
0 91 905
91 0 905
0 93 6969
93 0 6969
0 96 8065
96 0 8065
0 104 1161
104 0 1161
0 106 71
106 0 71
0 107 326
107 0 326
0 108 2219
108 0 2219
0 112 8202
112 0 8202
0 114 1708
114 0 1708
0 116 464
116 0 464
0 117 8254
117 0 8254
0 120 6976
120 0 6976
0 125 6492
125 0 6492
0 126 5160
126 0 5160
1 128 1482
128 1 1482
1 130 5714
130 1 5714
1 11 6812
11 1 6812
1 68 4835
68 1 4835
1 71 4102
71 1 4102
1 137 5442
137 1 5442
1 55 1743
55 1 1743
1 141 2859
141 1 2859
1 79 8302
79 1 8302
1 81 4698
81 1 4698
1 18 7911
18 1 7911
1 147 995
147 1 995
1 57 3826
57 1 3826
1 88 2373
88 1 2373
1 25 7467
25 1 7467
1 92 5308
92 1 5308
1 29 114
29 1 114
1 94 765
94 1 765
1 31 5911
31 1 5911
1 32 6142
32 1 6142
1 97 7418
97 1 7418
1 99 7069
99 1 7069
1 104 99
104 1 99
1 41 6017
41 1 6017
1 43 2425
43 1 2425
1 109 2992
109 1 2992
1 111 6552
111 1 6552
1 112 2173
112 1 2173
1 19 6897
19 1 6897
1 116 4763
116 1 4763
1 9 465
9 1 465
1 52 2959
52 1 2959
1 59 564
59 1 564
1 60 5944
60 1 5944
2 3 837
3 2 837
2 68 4983
68 2 4983
2 5 1525
5 2 1525
2 71 3274
71 2 3274
2 136 2258
136 2 2258
2 73 7325
73 2 7325
2 79 4915
79 2 4915
2 23 1403
23 2 1403
2 142 4694
142 2 4694
2 143 6232
143 2 6232
2 16 343
16 2 343
2 81 8299
81 2 8299
2 146 2060
146 2 2060
2 83 4719
83 2 4719
2 85 5492
85 2 5492
2 87 1024
87 2 1024
2 100 7749
100 2 7749
2 27 721
27 2 721
2 28 6111
28 2 6111
2 31 7278
31 2 7278
2 96 5289
96 2 5289
2 33 2147
33 2 2147
2 35 1014
35 2 1014
2 36 2053
36 2 2053
2 102 2703
102 2 2703
2 80 78
80 2 78
2 43 3544
43 2 3544
2 114 8120
114 2 8120
2 46 7516
46 2 7516
2 91 2897
91 2 2897
2 51 1820
51 2 1820
2 54 2308
54 2 2308
2 137 378
137 2 378
2 60 2745
60 2 2745
2 126 7081
126 2 7081
3 128 2009
128 3 2009
3 65 2235
65 3 2235
3 71 4576
71 3 4576
3 97 2627
97 3 2627
3 6 6798
6 3 6798
3 135 5433
135 3 5433
3 64 1484
64 3 1484
3 143 3198
143 3 3198
3 16 5052
16 3 5052
3 145 1305
145 3 1305
3 85 2497
85 3 2497
3 89 4245
89 3 4245
3 24 3500
24 3 3500
3 25 1461
25 3 1461
3 26 2538
26 3 2538
3 27 6735
27 3 6735
3 94 2244
94 3 2244
3 31 5937
31 3 5937
3 33 3821
33 3 3821
3 98 7473
98 3 7473
3 35 2482
35 3 2482
3 100 4859
100 3 4859
3 101 3879
101 3 3879
3 48 2864
48 3 2864
3 103 4342
103 3 4342
3 44 6650
44 3 6650
3 110 4810
110 3 4810
3 112 6910
112 3 6910
3 50 7955
50 3 7955
3 53 3906
53 3 3906
3 120 3765
120 3 3765
3 58 6826
58 3 6826
3 63 7844
63 3 7844
3 61 960
61 3 960
3 117 2647
117 3 2647
4 64 5884
64 4 5884
4 67 4086
67 4 4086
4 132 4562
132 4 4562
4 6 5974
6 4 5974
4 73 6900
73 4 6900
4 139 6062
139 4 6062
4 14 3153
14 4 3153
4 18 2212
18 4 2212
4 83 1523
83 4 1523
4 20 5077
20 4 5077
4 149 861
149 4 861
4 23 423
23 4 423
4 90 3243
90 4 3243
4 75 4065
75 4 4065
4 29 8187
29 4 8187
4 30 8367
30 4 8367
4 97 308
97 4 308
4 148 6736
148 4 6736
4 36 6984
36 4 6984
4 101 827
101 4 827
4 38 4779
38 4 4779
4 40 7183
40 4 7183
4 63 8357
63 4 8357
4 106 7045
106 4 7045
4 109 2041
109 4 2041
4 49 2992
49 4 2992
4 19 196
19 4 196
4 118 6163
118 4 6163
4 137 451
137 4 451
4 57 2482
57 4 2482
4 127 2590
127 4 2590
4 124 4408
124 4 4408
4 42 6683
42 4 6683
4 85 1985
85 4 1985
5 67 3274
67 5 3274
5 133 1367
133 5 1367
5 134 1958
134 5 1958
5 140 1716
140 5 1716
5 139 682
139 5 682
5 76 1392
76 5 1392
5 142 7984
142 5 7984
5 16 6374
16 5 6374
5 11 1454
11 5 1454
5 82 4954
82 5 4954
5 23 7726
23 5 7726
5 24 4451
24 5 4451
5 89 3342
89 5 3342
5 111 1206
111 5 1206
5 92 41
92 5 41
5 94 3444
94 5 3444
5 31 4697
31 5 4697
5 32 8174
32 5 8174
5 98 3971
98 5 3971
5 102 6239
102 5 6239
5 40 4636
40 5 4636
5 42 704
42 5 704
5 44 6121
44 5 6121
5 50 1709
50 5 1709
5 47 3927
47 5 3927
5 113 2083
113 5 2083
5 114 8250
114 5 8250
5 117 5773
117 5 5773
5 118 3717
118 5 3717
5 119 5332
119 5 5332
5 56 1664
56 5 1664
5 88 1717
88 5 1717
5 60 8305
60 5 8305
5 106 4350
106 5 4350
5 62 6740
62 5 6740
5 53 5667
53 5 5667
6 128 289
128 6 289
6 129 8040
129 6 8040
6 66 5672
66 6 5672
6 67 4550
67 6 4550
6 133 8275
133 6 8275
6 71 7787
71 6 7787
6 76 3587
76 6 3587
6 13 344
13 6 344
6 77 6076
77 6 6076
6 79 4321
79 6 4321
6 145 2978
145 6 2978
6 18 3963
18 6 3963
6 84 6645
84 6 6645
6 85 1060
85 6 1060
6 24 3837
24 6 3837
6 88 5414
88 6 5414
6 27 8110
27 6 8110
6 94 4303
94 6 4303
6 32 6447
32 6 6447
6 98 7910
98 6 7910
6 100 4649
100 6 4649
6 38 3677
38 6 3677
6 65 819
65 6 819
6 142 6058
142 6 6058
6 104 5560
104 6 5560
6 105 3798
105 6 3798
6 7 2050
7 6 2050
6 44 78
44 6 78
6 45 1876
45 6 1876
6 46 2383
46 6 2383
6 112 6490
112 6 6490
6 50 5084
50 6 5084
6 52 1103
52 6 1103
6 117 7999
117 6 7999
6 55 2573
55 6 2573
6 120 6068
120 6 6068
6 116 2546
116 6 2546
6 58 4734
58 6 4734
6 59 6221
59 6 6221
6 62 1899
62 6 1899
6 127 1497
127 6 1497
7 128 199
128 7 199
7 66 4150
66 7 4150
7 67 6919
67 7 6919
7 118 8368
118 7 8368
7 130 1221
130 7 1221
7 145 3228
145 7 3228
7 9 3376
9 7 3376
7 11 1920
11 7 1920
7 76 3421
76 7 3421
7 13 3871
13 7 3871
7 144 1158
144 7 1158
7 17 3616
17 7 3616
7 139 73
139 7 73
7 149 7734
149 7 7734
7 22 2395
22 7 2395
7 25 7247
25 7 7247
7 90 6480
90 7 6480
7 27 2392
27 7 2392
7 26 3640
26 7 3640
7 94 1533
94 7 1533
7 70 6369
70 7 6369
7 102 1362
102 7 1362
7 49 2718
49 7 2718
7 103 885
103 7 885
7 44 1239
44 7 1239
7 61 6252
61 7 6252
7 113 1596
113 7 1596
7 50 1921
50 7 1921
7 52 3637
52 7 3637
7 117 6584
117 7 6584
7 54 7121
54 7 7121
7 58 5818
58 7 5818
7 59 1852
59 7 1852
7 60 2607
60 7 2607
7 125 737
125 7 737
8 67 2068
67 8 2068
8 68 5440
68 8 5440
8 70 580
70 8 580
8 34 591
34 8 591
8 16 476
16 8 476
8 82 5085
82 8 5085
8 147 534
147 8 534
8 84 215
84 8 215
8 87 5679
87 8 5679
8 25 2223
25 8 2223
8 90 1025
90 8 1025
8 111 5241
111 8 5241
8 93 4422
93 8 4422
8 96 240
96 8 240
8 112 1295
112 8 1295
8 98 75
98 8 75
8 99 5574
99 8 5574
8 100 8224
100 8 8224
8 101 4743
101 8 4743
8 35 4894
35 8 4894
8 104 3510
104 8 3510
8 43 1032
43 8 1032
8 29 6376
29 8 6376
8 45 5397
45 8 5397
8 47 1721
47 8 1721
8 48 2137
48 8 2137
8 50 4466
50 8 4466
8 19 3773
19 8 3773
8 116 1240
116 8 1240
8 118 126
118 8 126
8 119 675
119 8 675
8 52 8339
52 8 8339
8 59 6215
59 8 6215
8 61 8081
61 8 8081
8 134 252
134 8 252
9 134 7186
134 9 7186
9 72 205
72 9 205
9 10 3051
10 9 3051
9 11 6815
11 9 6815
9 12 2276
12 9 2276
9 78 1493
78 9 1493
9 16 6035
16 9 6035
9 17 7898
17 9 7898
9 20 1839
20 9 1839
9 87 3910
87 9 3910
9 92 7534
92 9 7534
9 93 7785
93 9 7785
9 95 2279
95 9 2279
9 32 4287
32 9 4287
9 33 5432
33 9 5432
9 102 5728
102 9 5728
9 41 2096
41 9 2096
9 106 2858
106 9 2858
9 45 2175
45 9 2175
9 110 2383
110 9 2383
9 111 3524
111 9 3524
9 136 2411
136 9 2411
9 128 6769
128 9 6769
9 52 5826
52 9 5826
9 59 1567
59 9 1567
9 126 7864
126 9 7864
9 63 5199
63 9 5199
10 67 1421
67 10 1421
10 68 3185
68 10 3185
10 71 2496
71 10 2496
10 75 4770
75 10 4770
10 76 5153
76 10 5153
10 15 3712
15 10 3712
10 81 8208
81 10 8208
10 148 5445
148 10 5445
10 24 5808
24 10 5808
10 103 868
103 10 868
10 28 5892
28 10 5892
10 122 2203
122 10 2203
10 30 8080
30 10 8080
10 33 7538
33 10 7538
10 34 7354
34 10 7354
10 35 3789
35 10 3789
10 36 6220
36 10 6220
10 38 550
38 10 550
10 17 202
17 10 202
10 124 3038
124 10 3038
10 135 3240
135 10 3240
10 45 4490
45 10 4490
10 27 4195
27 10 4195
10 91 5259
91 10 5259
10 51 4199
51 10 4199
10 54 1690
54 10 1690
10 121 5652
121 10 5652
10 58 7689
58 10 7689
10 60 465
60 10 465
10 109 2444
109 10 2444
10 127 4964
127 10 4964
11 65 8339
65 11 8339
11 131 2746
131 11 2746
11 136 4780
136 11 4780
11 137 5
137 11 5
11 138 3493
138 11 3493
11 139 956
139 11 956
11 13 84
13 11 84
11 143 1226
143 11 1226
11 16 6627
16 11 6627
11 146 598
146 11 598
11 147 7030
147 11 7030
11 86 1353
86 11 1353
11 121 2441
121 11 2441
11 49 401
49 11 401
11 30 2297
30 11 2297
11 96 6745
96 11 6745
11 33 478
33 11 478
11 98 6529
98 11 6529
11 39 7579
39 11 7579
11 144 7835
144 11 7835
11 108 5725
108 11 5725
11 45 2318
45 11 2318
11 72 6706
72 11 6706
11 114 1651
114 11 1651
11 51 8334
51 11 8334
11 116 2286
116 11 2286
11 106 765
106 11 765
11 57 6127
57 11 6127
11 123 4544
123 11 4544
11 60 1279
60 11 1279
11 61 8002
61 11 8002
11 117 5538
117 11 5538
12 129 3629
129 12 3629
12 67 2987
67 12 2987
12 68 5139
68 12 5139
12 133 3605
133 12 3605
12 123 3248
123 12 3248
12 71 6434
71 12 6434
12 139 7322
139 12 7322
12 141 150
141 12 150
12 115 2795
115 12 2795
12 34 6110
34 12 6110
12 18 2129
18 12 2129
12 19 5694
19 12 5694
12 87 1609
87 12 1609
12 25 4497
25 12 4497
12 91 7399
91 12 7399
12 30 462
30 12 462
12 69 3564
69 12 3564
12 96 3196
96 12 3196
12 97 3623
97 12 3623
12 98 4081
98 12 4081
12 59 5428
59 12 5428
12 100 7167
100 12 7167
12 101 1276
101 12 1276
12 102 7755
102 12 7755
12 104 3393
104 12 3393
12 63 422
63 12 422
12 106 5414
106 12 5414
12 44 5532
44 12 5532
12 112 7868
112 12 7868
12 113 3243
113 12 3243
12 50 7985
50 12 7985
12 83 2840
83 12 2840
12 52 729
52 12 729
12 117 2621
117 12 2621
12 27 6674
27 12 6674
12 119 6433
119 12 6433
12 31 5358
31 12 5358
12 53 8270
53 12 8270
13 130 4277
130 13 4277
13 133 3554
133 13 3554
13 139 4136
139 13 4136
13 143 4315
143 13 4315
13 16 2270
16 13 2270
13 17 2911
17 13 2911
13 18 1813
18 13 1813
13 22 2168
22 13 2168
13 26 2929
26 13 2929
13 29 4982
29 13 4982
13 30 7831
30 13 7831
13 32 52
32 13 52
13 33 277
33 13 277
13 35 6237
35 13 6237
13 37 1880
37 13 1880
13 40 978
40 13 978
13 42 2118
42 13 2118
13 43 8215
43 13 8215
13 47 419
47 13 419
13 48 7269
48 13 7269
13 49 6865
49 13 6865
13 52 5854
52 13 5854
13 58 2931
58 13 2931
13 63 4023
63 13 4023
13 64 6408
64 13 6408
13 65 7097
65 13 7097
13 68 7853
68 13 7853
13 78 1807
78 13 1807
13 79 578
79 13 578
13 81 3475
81 13 3475
13 86 6123
86 13 6123
13 87 2305
87 13 2305
13 88 4949
88 13 4949
13 91 3998
91 13 3998
13 92 2729
92 13 2729
13 98 6299
98 13 6299
13 100 313
100 13 313
13 101 393
101 13 393
13 105 6171
105 13 6171
13 106 5345
106 13 5345
13 107 6441
107 13 6441
13 117 7654
117 13 7654
13 119 7901
119 13 7901
13 120 7272
120 13 7272
13 123 7739
123 13 7739
13 125 2413
125 13 2413
13 126 4820
126 13 4820
13 127 8024
127 13 8024
14 96 1319
96 14 1319
14 130 212
130 14 212
14 132 2584
132 14 2584
14 135 8344
135 14 8344
14 75 577
75 14 577
14 142 3816
142 14 3816
14 144 1058
144 14 1058
14 81 2252
81 14 2252
14 82 933
82 14 933
14 21 1999
21 14 1999
14 86 2094
86 14 2094
14 89 1296
89 14 1296
14 90 7305
90 14 7305
14 94 839
94 14 839
14 32 2893
32 14 2893
14 100 5501
100 14 5501
14 49 1299
49 14 1299
14 104 8309
104 14 8309
14 103 3244
103 14 3244
14 108 1342
108 14 1342
14 110 7673
110 14 7673
14 113 7523
113 14 7523
14 115 2065
115 14 2065
14 52 1844
52 14 1844
14 122 7470
122 14 7470
14 59 3481
59 14 3481
14 60 3335
60 14 3335
14 125 2110
125 14 2110
14 36 4599
36 14 4599
15 128 2215
128 15 2215
15 32 8280
32 15 8280
15 130 4720
130 15 4720
15 68 2732
68 15 2732
15 69 2351
69 15 2351
15 134 3368
134 15 3368
15 72 2651
72 15 2651
15 74 3098
74 15 3098
15 80 5323
80 15 5323
15 81 1379
81 15 1379
15 18 3407
18 15 3407
15 147 5203
147 15 5203
15 23 5764
23 15 5764
15 25 3235
25 15 3235
15 27 1311
27 15 1311
15 29 7023
29 15 7023
15 30 2901
30 15 2901
15 31 6903
31 15 6903
15 96 408
96 15 408
15 95 6242
95 15 6242
15 100 1604
100 15 1604
15 70 7969
70 15 7969
15 102 1521
102 15 1521
15 103 4739
103 15 4739
15 104 3078
104 15 3078
15 41 6530
41 15 6530
15 106 3541
106 15 3541
15 43 8093
43 15 8093
15 108 7185
108 15 7185
15 82 5219
82 15 5219
15 50 5670
50 15 5670
15 117 965
117 15 965
15 54 7428
54 15 7428
15 56 6771
56 15 6771
15 121 6007
121 15 6007
15 59 6530
59 15 6530
15 126 5976
126 15 5976
15 63 7272
63 15 7272
16 128 2766
128 16 2766
16 51 8061
51 16 8061
16 131 7973
131 16 7973
16 130 358
130 16 358
16 78 5026
78 16 5026
16 145 1976
145 16 1976
16 83 7034
83 16 7034
16 22 3206
22 16 3206
16 69 4754
69 16 4754
16 25 3657
25 16 3657
16 90 8010
90 16 8010
16 27 6671
27 16 6671
16 28 6018
28 16 6018
16 30 6428
30 16 6428
16 95 4939
95 16 4939
16 104 6606
104 16 6606
16 42 5178
42 16 5178
16 44 3911
44 16 3911
16 109 6827
109 16 6827
16 112 7522
112 16 7522
16 50 4405
50 16 4405
16 115 3992
115 16 3992
16 53 7458
53 16 7458
16 118 8308
118 16 8308
16 57 3120
57 16 3120
16 58 1809
58 16 1809
16 123 5241
123 16 5241
16 60 8135
60 16 8135
16 125 2243
125 16 2243
16 62 2830
62 16 2830
17 43 6928
43 17 6928
17 68 2244
68 17 2244
17 72 1427
72 17 1427
17 78 5299
78 17 5299
17 143 2598
143 17 2598
17 144 3496
144 17 3496
17 24 223
24 17 223
17 19 3675
19 17 3675
17 84 3884
84 17 3884
17 88 3167
88 17 3167
17 89 4790
89 17 4790
17 103 1485
103 17 1485
17 94 1749
94 17 1749
17 27 609
27 17 609
17 77 6949
77 17 6949
17 102 7521
102 17 7521
17 113 1346
113 17 1346
17 107 809
107 17 809
17 47 3841
47 17 3841
17 48 7743
48 17 7743
17 49 289
49 17 289
17 115 4809
115 17 4809
17 52 6491
52 17 6491
17 53 6407
53 17 6407
17 119 3800
119 17 3800
17 20 2806
20 17 2806
17 127 133
127 17 133
17 63 6081
63 17 6081
18 149 827
149 18 827
18 66 4291
66 18 4291
18 133 4022
133 18 4022
18 65 6412
65 18 6412
18 74 6783
74 18 6783
18 143 1352
143 18 1352
18 80 8009
80 18 8009
18 141 8247
141 18 8247
18 83 1077
83 18 1077
18 148 7761
148 18 7761
18 85 278
85 18 278
18 87 1163
87 18 1163
18 26 3061
26 18 3061
18 92 7195
92 18 7195
18 29 7215
29 18 7215
18 81 6763
81 18 6763
18 34 2796
34 18 2796
18 27 6261
27 18 6261
18 101 454
101 18 454
18 39 5152
39 18 5152
18 41 7407
41 18 7407
18 125 5658
125 18 5658
18 49 966
49 18 966
18 50 5750
50 18 5750
18 51 7867
51 18 7867
18 126 4566
126 18 4566
18 120 5270
120 18 5270
18 58 1119
58 18 1119
18 31 916
31 18 916
18 61 7474
61 18 7474
18 62 2497
62 18 2497
18 127 3063
127 18 3063
19 130 4374
130 19 4374
19 69 2958
69 19 2958
19 134 992
134 19 992
19 135 476
135 19 476
19 73 1336
73 19 1336
19 77 654
77 19 654
19 144 2639
144 19 2639
19 145 6757
145 19 6757
19 35 5012
35 19 5012
19 84 2227
84 19 2227
19 23 478
23 19 478
19 24 3565
24 19 3565
19 89 6102
89 19 6102
19 91 2599
91 19 2599
19 29 1665
29 19 1665
19 30 1279
30 19 1279
19 133 3611
133 19 3611
19 33 194
33 19 194
19 99 4407
99 19 4407
19 113 985
113 19 985
19 70 5448
70 19 5448
19 39 1196
39 19 1196
19 44 6527
44 19 6527
19 45 6636
45 19 6636
19 136 4713
136 19 4713
19 50 6636
50 19 6636
19 94 5600
94 19 5600
19 55 5133
55 19 5133
19 148 5174
148 19 5174
19 122 5378
122 19 5378
19 126 8354
126 19 8354
19 149 7427
149 19 7427
20 64 6516
64 20 6516
20 65 5187
65 20 5187
20 132 266
132 20 266
20 67 6488
67 20 6488
20 133 4768
133 20 4768
20 71 5172
71 20 5172
20 74 6841
74 20 6841
20 75 1509
75 20 1509
20 79 8322
79 20 8322
20 144 7693
144 20 7693
20 82 5730
82 20 5730
20 85 608
85 20 608
20 22 3686
22 20 3686
20 87 7016
87 20 7016
20 88 3670
88 20 3670
20 68 7042
68 20 7042
20 122 8266
122 20 8266
20 34 1735
34 20 1735
20 35 3644
35 20 3644
20 103 7172
103 20 7172
20 104 3046
104 20 3046
20 107 5298
107 20 5298
20 108 8133
108 20 8133
20 45 7369
45 20 7369
20 111 6689
111 20 6689
20 114 7823
114 20 7823
20 52 6281
52 20 6281
20 117 5998
117 20 5998
20 118 4781
118 20 4781
20 120 4926
120 20 4926
20 57 231
57 20 231
20 58 3870
58 20 3870
20 59 4973
59 20 4973
20 125 1770
125 20 1770
20 53 4665
53 20 4665
21 128 3273
128 21 3273
21 130 7006
130 21 7006
21 131 5381
131 21 5381
21 132 5642
132 21 5642
21 54 2919
54 21 2919
21 70 7396
70 21 7396
21 71 8298
71 21 8298
21 64 6487
64 21 6487
21 140 7025
140 21 7025
21 77 4732
77 21 4732
21 78 1656
78 21 1656
21 79 8325
79 21 8325
21 80 504
80 21 504
21 145 4405
145 21 4405
21 146 6159
146 21 6159
21 83 5189
83 21 5189
21 25 4815
25 21 4815
21 24 2086
24 21 2086
21 89 4564
89 21 4564
21 90 4196
90 21 4196
21 47 6958
47 21 6958
21 93 4475
93 21 4475
21 94 5733
94 21 5733
21 33 6012
33 21 6012
21 38 1815
38 21 1815
21 39 2666
39 21 2666
21 104 5922
104 21 5922
21 41 1261
41 21 1261
21 42 5795
42 21 5795
21 107 4787
107 21 4787
21 109 3110
109 21 3110
21 111 6235
111 21 6235
21 112 6388
112 21 6388
21 49 6054
49 21 6054
21 143 3430
143 21 3430
21 118 1726
118 21 1726
21 55 6455
55 21 6455
21 88 7329
88 21 7329
21 124 8189
124 21 8189
21 125 5566
125 21 5566
21 126 4789
126 21 4789
22 128 5342
128 22 5342
22 65 1900
65 22 1900
22 130 7370
130 22 7370
22 132 1573
132 22 1573
22 69 2730
69 22 2730
22 134 3120
134 22 3120
22 72 4718
72 22 4718
22 73 197
73 22 197
22 74 1861
74 22 1861
22 76 2436
76 22 2436
22 142 4715
142 22 4715
22 81 2231
81 22 2231
22 82 4512
82 22 4512
22 83 6510
83 22 6510
22 89 5758
89 22 5758
22 26 2303
26 22 2303
22 93 8041
93 22 8041
22 94 7370
94 22 7370
22 32 4405
32 22 4405
22 97 25
97 22 25
22 35 1744
35 22 1744
22 36 2240
36 22 2240
22 101 952
101 22 952
22 145 3033
145 22 3033
22 40 3470
40 22 3470
22 42 8222
42 22 8222
22 107 3071
107 22 3071
22 46 7817
46 22 7817
22 47 3601
47 22 3601
22 113 6394
113 22 6394
22 116 6178
116 22 6178
22 54 577
54 22 577
22 119 3661
119 22 3661
22 57 2539
57 22 2539
22 33 7513
33 22 7513
22 62 6083
62 22 6083
22 63 7001
63 22 7001
23 130 7900
130 23 7900
23 70 4238
70 23 4238
23 135 6207
135 23 6207
23 137 4758
137 23 4758
23 75 4672
75 23 4672
23 78 2230
78 23 2230
23 81 6360
81 23 6360
23 118 4075
118 23 4075
23 66 4341
66 23 4341
23 87 3971
87 23 3971
23 132 6103
132 23 6103
23 91 7707
91 23 7707
23 28 1385
28 23 1385
23 29 4833
29 23 4833
23 95 5312
95 23 5312
23 35 3616
35 23 3616
23 36 3713
36 23 3713
23 37 1398
37 23 1398
23 145 7806
145 23 7806
23 40 4621
40 23 4621
23 43 1481
43 23 1481
23 109 6338
109 23 6338
23 110 6939
110 23 6939
23 61 7885
61 23 7885
23 112 6470
112 23 6470
23 113 5959
113 23 5959
23 53 7801
53 23 7801
23 54 1853
54 23 1853
23 57 3863
57 23 3863
23 58 2580
58 23 2580
23 125 2895
125 23 2895
24 130 7308
130 24 7308
24 75 6533
75 24 6533
24 77 4847
77 24 4847
24 141 6067
141 24 6067
24 81 736
81 24 736
24 25 4731
25 24 4731
24 26 4209
26 24 4209
24 91 7617
91 24 7617
24 69 6296
69 24 6296
24 95 8059
95 24 8059
24 96 5757
96 24 5757
24 97 3571
97 24 3571
24 99 6634
99 24 6634
24 45 202
45 24 202
24 27 1599
27 24 1599
24 147 4810
147 24 4810
24 52 3091
52 24 3091
24 53 5112
53 24 5112
24 54 3241
54 24 3241
24 62 8169
62 24 8169
24 59 4121
59 24 4121
24 124 4828
124 24 4828
24 125 5387
125 24 5387
24 126 1997
126 24 1997
25 130 7499
130 25 7499
25 139 3845
139 25 3845
25 140 5092
140 25 5092
25 142 3702
142 25 3702
25 145 788
145 25 788
25 149 7421
149 25 7421
25 26 3838
26 25 3838
25 31 5276
31 25 5276
25 34 3286
34 25 3286
25 35 3550
35 25 3550
25 46 183
46 25 183
25 50 8342
50 25 8342
25 54 7079
54 25 7079
25 55 5173
55 25 5173
25 60 2172
60 25 2172
25 69 2983
69 25 2983
25 70 5620
70 25 5620
25 72 7933
72 25 7933
25 73 2250
73 25 2250
25 74 6803
74 25 6803
25 77 6866
77 25 6866
25 78 3541
78 25 3541
25 81 5280
81 25 5280
25 84 2694
84 25 2694
25 95 2682
95 25 2682
25 96 7508
96 25 7508
25 98 7426
98 25 7426
25 102 5729
102 25 5729
25 103 4969
103 25 4969
25 105 7276
105 25 7276
25 106 4371
106 25 4371
25 107 4603
107 25 4603
25 110 1930
110 25 1930
25 115 3135
115 25 3135
25 116 1252
116 25 1252
25 119 7687
119 25 7687
25 122 5842
122 25 5842
26 54 557
54 26 557
26 136 1815
136 26 1815
26 137 328
137 26 328
26 139 5835
139 26 5835
26 142 630
142 26 630
26 143 5502
143 26 5502
26 84 5639
84 26 5639
26 121 1842
121 26 1842
26 94 344
94 26 344
26 95 2511
95 26 2511
26 96 1723
96 26 1723
26 39 2057
39 26 2057
26 106 5660
106 26 5660
26 109 2663
109 26 2663
26 46 4064
46 26 4064
26 111 6771
111 26 6771
26 48 6793
48 26 6793
26 113 6580
113 26 6580
26 50 6043
50 26 6043
26 118 7640
118 26 7640
26 55 2108
55 26 2108
26 57 5161
57 26 5161
26 58 1812
58 26 1812
27 137 8041
137 27 8041
27 143 4953
143 27 4953
27 145 6881
145 27 6881
27 131 4922
131 27 4922
27 29 4601
29 27 4601
27 32 7695
32 27 7695
27 34 2241
34 27 2241
27 38 261
38 27 261
27 41 3418
41 27 3418
27 46 1894
46 27 1894
27 49 1290
49 27 1290
27 52 1797
52 27 1797
27 60 1797
60 27 1797
27 61 7988
61 27 7988
27 63 7384
63 27 7384
27 70 803
70 27 803
27 71 1492
71 27 1492
27 74 2622
74 27 2622
27 80 723
80 27 723
27 84 4560
84 27 4560
27 90 6069
90 27 6069
27 92 6741
92 27 6741
27 95 5179
95 27 5179
27 102 3990
102 27 3990
27 106 7281
106 27 7281
27 107 3936
107 27 3936
27 108 7307
108 27 7307
27 115 5106
115 27 5106
27 117 2599
117 27 2599
27 120 4545
120 27 4545
27 123 4970
123 27 4970
27 127 6729
127 27 6729
28 64 6702
64 28 6702
28 132 4150
132 28 4150
28 69 4388
69 28 4388
28 71 4371
71 28 4371
28 137 4887
137 28 4887
28 75 8206
75 28 8206
28 141 2032
141 28 2032
28 145 1766
145 28 1766
28 149 2190
149 28 2190
28 120 2069
120 28 2069
28 101 1020
101 28 1020
28 31 794
31 28 794
28 96 2561
96 28 2561
28 133 1982
133 28 1982
28 98 8262
98 28 8262
28 123 3718
123 28 3718
28 37 5221
37 28 5221
28 38 5313
38 28 5313
28 105 5744
105 28 5744
28 95 8244
95 28 8244
28 111 1485
111 28 1485
28 49 1844
49 28 1844
28 114 3963
114 28 3963
28 115 8092
115 28 8092
28 52 2329
52 28 2329
28 53 3707
53 28 3707
28 118 2454
118 28 2454
28 119 3432
119 28 3432
28 56 2783
56 28 2783
28 33 7091
33 28 7091
28 59 6407
59 28 6407
28 42 5608
42 28 5608
29 129 2691
129 29 2691
29 69 6868
69 29 6868
29 134 3285
134 29 3285
29 74 3245
74 29 3245
29 75 7542
75 29 7542
29 142 7261
142 29 7261
29 82 6819
82 29 6819
29 84 2178
84 29 2178
29 78 6406
78 29 6406
29 88 1045
88 29 1045
29 68 1826
68 29 1826
29 30 8045
30 29 8045
29 33 2654
33 29 2654
29 34 2345
34 29 2345
29 99 8036
99 29 8036
29 70 7020
70 29 7020
29 48 191
48 29 191
29 42 5243
42 29 5243
29 45 996
45 29 996
29 46 4627
46 29 4627
29 47 4448
47 29 4448
29 112 4486
112 29 4486
29 72 6567
72 29 6567
29 51 2421
51 29 2421
29 116 5892
116 29 5892
29 120 6456
120 29 6456
29 52 6842
52 29 6842
29 59 382
59 29 382
29 60 272
60 29 272
29 63 970
63 29 970
30 131 3274
131 30 3274
30 69 5940
69 30 5940
30 135 4587
135 30 4587
30 136 5814
136 30 5814
30 79 3149
79 30 3149
30 77 119
77 30 119
30 78 6907
78 30 6907
30 144 3150
144 30 3150
30 146 6918
146 30 6918
30 149 941
149 30 941
30 90 2558
90 30 2558
30 91 6221
91 30 6221
30 92 7444
92 30 7444
30 95 4367
95 30 4367
30 32 6627
32 30 6627
30 98 4373
98 30 4373
30 67 6567
67 30 6567
30 44 920
44 30 920
30 46 7456
46 30 7456
30 112 7641
112 30 7641
30 114 3312
114 30 3312
30 117 7641
117 30 7641
30 120 4831
120 30 4831
30 121 7748
121 30 7748
30 59 6381
59 30 6381
30 60 2885
60 30 2885
30 62 6810
62 30 6810
31 64 2251
64 31 2251
31 68 4904
68 31 4904
31 134 3867
134 31 3867
31 138 6553
138 31 6553
31 139 7612
139 31 7612
31 141 1632
141 31 1632
31 79 4372
79 31 4372
31 75 4289
75 31 4289
31 147 6148
147 31 6148
31 148 3799
148 31 3799
31 94 1699
94 31 1699
31 51 5617
51 31 5617
31 133 1433
133 31 1433
31 108 4132
108 31 4132
31 45 219
45 31 219
31 61 4661
61 31 4661
31 83 589
83 31 589
31 119 6145
119 31 6145
31 111 6541
111 31 6541
31 121 3249
121 31 3249
31 122 7953
122 31 7953
31 109 1425
109 31 1425
31 63 437
63 31 437
32 128 1349
128 32 1349
32 131 5190
131 32 5190
32 132 4398
132 32 4398
32 136 1867
136 32 1867
32 143 4435
143 32 4435
32 144 7713
144 32 7713
32 145 7708
145 32 7708
32 133 4654
133 32 4654
32 33 3853
33 32 3853
32 36 1520
36 32 1520
32 38 1756
38 32 1756
32 40 1788
40 32 1788
32 41 7306
41 32 7306
32 42 4318
42 32 4318
32 50 3439
50 32 3439
32 51 5956
51 32 5956
32 52 6489
52 32 6489
32 56 7170
56 32 7170
32 59 1916
59 32 1916
32 60 6840
60 32 6840
32 64 3604
64 32 3604
32 67 7726
67 32 7726
32 71 1938
71 32 1938
32 77 4505
77 32 4505
32 89 2119
89 32 2119
32 92 2616
92 32 2616
32 96 5530
96 32 5530
32 97 4786
97 32 4786
32 101 1018
101 32 1018
32 102 6521
102 32 6521
32 108 678
108 32 678
32 111 1836
111 32 1836
32 112 5870
112 32 5870
32 116 2298
116 32 2298
32 117 3830
117 32 3830
33 96 3965
96 33 3965
33 72 3943
72 33 3943
33 138 86
138 33 86
33 139 8258
139 33 8258
33 140 7126
140 33 7126
33 145 3934
145 33 3934
33 75 7783
75 33 7783
33 131 5270
131 33 5270
33 85 3958
85 33 3958
33 89 127
89 33 127
33 44 2687
44 33 2687
33 112 5544
112 33 5544
33 102 3216
102 33 3216
33 39 3271
39 33 3271
33 125 5521
125 33 5521
33 106 1141
106 33 1141
33 108 6797
108 33 6797
33 110 1843
110 33 1843
33 93 6241
93 33 6241
33 48 2534
48 33 2534
33 113 6401
113 33 6401
33 117 4138
117 33 4138
33 118 7576
118 33 7576
33 63 1305
63 33 1305
34 128 5530
128 34 5530
34 47 4556
47 34 4556
34 139 6575
139 34 6575
34 77 4580
77 34 4580
34 78 2117
78 34 2117
34 60 4982
60 34 4982
34 144 589
144 34 589
34 82 4363
82 34 4363
34 83 5843
83 34 5843
34 85 3890
85 34 3890
34 121 4575
121 34 4575
34 96 3088
96 34 3088
34 98 1097
98 34 1097
34 100 2840
100 34 2840
34 102 6843
102 34 6843
34 124 5402
124 34 5402
34 107 8162
107 34 8162
34 111 2255
111 34 2255
34 49 2385
49 34 2385
34 50 6738
50 34 6738
34 115 7830
115 34 7830
34 53 7834
53 34 7834
34 54 1013
54 34 1013
34 57 7898
57 34 7898
34 59 7717
59 34 7717
34 36 3224
36 34 3224
34 127 4738
127 34 4738
35 66 4261
66 35 4261
35 69 4601
69 35 4601
35 135 7811
135 35 7811
35 44 2653
44 35 2653
35 75 6654
75 35 6654
35 140 2069
140 35 2069
35 77 6478
77 35 6478
35 79 4588
79 35 4588
35 145 7871
145 35 7871
35 148 7628
148 35 7628
35 133 228
133 35 228
35 96 3877
96 35 3877
35 101 4684
101 35 4684
35 102 1100
102 35 1100
35 106 6559
106 35 6559
35 107 5889
107 35 5889
35 108 2375
108 35 2375
35 45 4542
45 35 4542
35 46 8316
46 35 8316
35 49 6853
49 35 6853
35 109 6208
109 35 6208
35 116 1636
116 35 1636
35 53 5687
53 35 5687
35 118 7629
118 35 7629
35 120 4006
120 35 4006
35 122 1958
122 35 1958
35 132 4562
132 35 4562
36 64 4191
64 36 4191
36 107 4181
107 36 4181
36 137 1317
137 36 1317
36 148 4007
148 36 4007
36 85 4415
85 36 4415
36 46 1334
46 36 1334
36 97 235
97 36 235
36 123 4491
123 36 4491
36 105 4573
105 36 4573
36 106 7728
106 36 7728
36 43 2045
43 36 2045
36 78 3959
78 36 3959
36 110 7192
110 36 7192
36 48 449
48 36 449
36 59 7652
59 36 7652
36 126 5634
126 36 5634
36 63 1195
63 36 1195
37 128 3986
128 37 3986
37 65 3159
65 37 3159
37 130 4387
130 37 4387
37 132 4225
132 37 4225
37 73 311
73 37 311
37 138 909
138 37 909
37 139 4166
139 37 4166
37 144 1540
144 37 1540
37 83 1404
83 37 1404
37 148 7031
148 37 7031
37 85 2925
85 37 2925
37 86 7413
86 37 7413
37 89 3987
89 37 3987
37 93 8338
93 37 8338
37 94 2985
94 37 2985
37 96 7563
96 37 7563
37 80 1817
80 37 1817
37 98 4816
98 37 4816
37 100 3898
100 37 3898
37 116 1046
116 37 1046
37 106 457
106 37 457
37 43 748
43 37 748
37 44 8077
44 37 8077
37 48 1476
48 37 1476
37 49 2618
49 37 2618
37 74 6753
74 37 6753
37 55 6931
55 37 6931
37 84 2152
84 37 2152
37 124 1093
124 37 1093
37 125 6150
125 37 6150
37 126 4363
126 37 4363
38 96 2546
96 38 2546
38 130 5676
130 38 5676
38 67 6416
67 38 6416
38 134 2644
134 38 2644
38 136 7893
136 38 7893
38 139 6196
139 38 6196
38 80 1258
80 38 1258
38 145 5121
145 38 5121
38 83 1734
83 38 1734
38 84 4338
84 38 4338
38 87 7627
87 38 7627
38 88 7814
88 38 7814
38 120 6420
120 38 6420
38 91 3696
91 38 3696
38 95 2241
95 38 2241
38 108 3737
108 38 3737
38 115 5579
115 38 5579
38 116 917
116 38 917
38 117 3243
117 38 3243
38 119 5554
119 38 5554
38 56 1953
56 38 1953
38 61 5528
61 38 5528
38 63 5830
63 38 5830
39 66 3431
66 39 3431
39 68 1160
68 39 1160
39 72 6761
72 39 6761
39 130 302
130 39 302
39 143 8189
143 39 8189
39 80 6912
80 39 6912
39 89 2624
89 39 2624
39 91 4397
91 39 4397
39 92 3340
92 39 3340
39 94 6364
94 39 6364
39 95 4720
95 39 4720
39 98 2774
98 39 2774
39 99 2766
99 39 2766
39 100 1543
100 39 1543
39 40 4425
40 39 4425
39 106 235
106 39 235
39 43 7506
43 39 7506
39 82 7993
82 39 7993
39 112 5312
112 39 5312
39 50 5777
50 39 5777
39 83 6198
83 39 6198
39 118 36
118 39 36
39 56 5916
56 39 5916
39 123 5820
123 39 5820
39 124 3671
124 39 3671
39 127 7928
127 39 7928
40 129 1618
129 40 1618
40 67 335
67 40 335
40 135 3134
135 40 3134
40 54 430
54 40 430
40 73 4677
73 40 4677
40 77 6347
77 40 6347
40 79 4097
79 40 4097
40 144 5806
144 40 5806
40 56 4113
56 40 4113
40 149 7944
149 40 7944
40 87 7186
87 40 7186
40 111 4733
111 40 4733
40 102 5872
102 40 5872
40 47 4061
47 40 4061
40 112 3531
112 40 3531
40 113 3916
113 40 3916
40 118 3306
118 40 3306
40 120 2702
120 40 2702
40 125 925
125 40 925
41 135 1554
135 41 1554
41 75 5864
75 41 5864
41 140 2830
140 41 2830
41 77 6505
77 41 6505
41 79 6636
79 41 6636
41 141 4425
141 41 4425
41 83 6182
83 41 6182
41 86 5998
86 41 5998
41 100 495
100 41 495
41 98 3760
98 41 3760
41 82 6530
82 41 6530
41 101 6347
101 41 6347
41 103 5893
103 41 5893
41 105 4445
105 41 4445
41 42 5619
42 41 5619
41 43 6380
43 41 6380
41 108 945
108 41 945
41 146 6625
146 41 6625
41 48 7081
48 41 7081
41 49 3602
49 41 3602
41 51 6482
51 41 6482
41 76 6441
76 41 6441
41 57 7812
57 41 7812
41 61 2176
61 41 2176
42 128 2424
128 42 2424
42 149 5814
149 42 5814
42 67 6104
67 42 6104
42 134 5230
134 42 5230
42 71 896
71 42 896
42 137 8279
137 42 8279
42 74 7134
74 42 7134
42 55 3723
55 42 3723
42 143 4822
143 42 4822
42 81 5379
81 42 5379
42 147 4903
147 42 4903
42 85 3776
85 42 3776
42 87 3438
87 42 3438
42 132 5328
132 42 5328
42 95 2849
95 42 2849
42 96 3526
96 42 3526
42 100 2796
100 42 2796
42 70 1631
70 42 1631
42 66 2004
66 42 2004
42 141 7236
141 42 7236
42 45 788
45 42 788
42 125 5171
125 42 5171
42 48 6445
48 42 6445
42 51 4058
51 42 4058
42 118 1204
118 42 1204
42 105 1173
105 42 1173
42 120 1748
120 42 1748
42 57 2227
57 42 2227
42 58 3497
58 42 3497
42 138 1786
138 42 1786
42 62 4728
62 42 4728
43 131 5094
131 43 5094
43 49 1630
49 43 1630
43 81 7491
81 43 7491
43 135 4765
135 43 4765
43 137 6447
137 43 6447
43 138 7896
138 43 7896
43 140 4940
140 43 4940
43 130 41
130 43 41
43 112 2743
112 43 2743
43 141 266
141 43 266
43 88 3904
88 43 3904
43 120 6287
120 43 6287
43 79 4251
79 43 4251
43 92 6270
92 43 6270
43 95 5319
95 43 5319
43 144 4435
144 43 4435
43 108 3670
108 43 3670
43 110 8225
110 43 8225
43 125 6628
125 43 6628
43 48 5327
48 43 5327
43 76 6572
76 43 6572
43 117 4262
117 43 4262
43 73 2103
73 43 2103
43 56 4860
56 43 4860
43 63 7930
63 43 7930
43 127 3884
127 43 3884
44 129 4340
129 44 4340
44 132 2329
132 44 2329
44 73 5581
73 44 5581
44 77 247
77 44 247
44 45 1852
45 44 1852
44 146 3481
146 44 3481
44 83 3968
83 44 3968
44 87 7701
87 44 7701
44 88 605
88 44 605
44 89 2251
89 44 2251
44 90 5373
90 44 5373
44 79 4242
79 44 4242
44 95 7005
95 44 7005
44 96 4797
96 44 4797
44 67 6502
67 44 6502
44 102 3862
102 44 3862
44 82 6490
82 44 6490
44 111 4310
111 44 4310
44 48 1843
48 44 1843
44 116 3376
116 44 3376
44 54 4119
54 44 4119
44 122 4272
122 44 4272
44 61 2618
61 44 2618
44 134 6085
134 44 6085
45 66 8099
66 45 8099
45 132 7296
132 45 7296
45 134 4444
134 45 4444
45 72 3481
72 45 3481
45 73 375
73 45 375
45 77 287
77 45 287
45 78 4096
78 45 4096
45 146 3465
146 45 3465
45 85 2384
85 45 2384
45 87 3845
87 45 3845
45 94 6542
94 45 6542
45 95 6900
95 45 6900
45 58 4069
58 45 4069
45 82 6301
82 45 6301
45 103 1554
103 45 1554
45 108 2334
108 45 2334
45 109 7718
109 45 7718
45 142 1041
142 45 1041
45 111 759
111 45 759
45 118 1832
118 45 1832
45 57 4377
57 45 4377
45 136 747
136 45 747
45 59 5714
59 45 5714
45 70 1109
70 45 1109
45 61 1831
61 45 1831
46 67 929
67 46 929
46 73 2446
73 46 2446
46 77 374
77 46 374
46 78 27
78 46 27
46 82 4948
82 46 4948
46 83 1840
83 46 1840
46 148 2437
148 46 2437
46 85 5408
85 46 5408
46 87 4276
87 46 4276
46 94 7475
94 46 7475
46 130 5509
130 46 5509
46 70 830
70 46 830
46 109 1442
109 46 1442
46 47 8142
47 46 8142
46 59 3805
59 46 3805
46 117 1909
117 46 1909
46 54 8298
54 46 8298
46 84 7184
84 46 7184
46 122 3285
122 46 3285
46 95 492
95 46 492
47 64 6678
64 47 6678
47 130 3886
130 47 3886
47 67 6176
67 47 6176
47 69 894
69 47 894
47 71 2326
71 47 2326
47 74 3066
74 47 3066
47 141 3969
141 47 3969
47 77 602
77 47 602
47 147 3995
147 47 3995
47 84 6643
84 47 6643
47 56 617
56 47 617
47 89 4215
89 47 4215
47 98 3263
98 47 3263
47 96 5005
96 47 5005
47 99 137
99 47 137
47 106 8185
106 47 8185
47 109 440
109 47 440
47 51 4853
51 47 4853
47 54 2509
54 47 2509
47 119 1975
119 47 1975
47 120 930
120 47 930
47 58 5066
58 47 5066
47 124 2412
124 47 2412
47 126 424
126 47 424
47 63 4268
63 47 4268
48 132 6482
132 48 6482
48 134 296
134 48 296
48 138 4656
138 48 4656
48 147 7845
147 48 7845
48 148 1398
148 48 1398
48 103 4552
103 48 4552
48 49 3256
49 48 3256
48 50 2866
50 48 2866
48 53 4123
53 48 4123
48 55 6610
55 48 6610
48 68 4976
68 48 4976
48 75 2345
75 48 2345
48 77 5651
77 48 5651
48 78 2172
78 48 2172
48 81 2385
81 48 2385
48 87 1197
87 48 1197
48 90 5338
90 48 5338
48 92 3275
92 48 3275
48 122 869
122 48 869
48 95 5319
95 48 5319
48 97 4039
97 48 4039
48 101 8075
101 48 8075
48 102 34
102 48 34
48 145 1683
145 48 1683
48 104 2874
104 48 2874
48 106 8187
106 48 8187
48 107 7908
107 48 7908
48 109 1283
109 48 1283
48 110 2329
110 48 2329
48 112 2928
112 48 2928
48 113 2644
113 48 2644
48 120 4169
120 48 4169
48 136 176
136 48 176
48 123 1771
123 48 1771
49 128 4220
128 49 4220
49 64 664
64 49 664
49 133 5128
133 49 5128
49 134 4231
134 49 4231
49 72 1984
72 49 1984
49 75 333
75 49 333
49 143 5522
143 49 5522
49 146 8323
146 49 8323
49 83 4669
83 49 4669
49 148 7615
148 49 7615
49 149 2441
149 49 2441
49 132 2320
132 49 2320
49 91 7628
91 49 7628
49 69 3961
69 49 3961
49 98 5923
98 49 5923
49 101 6097
101 49 6097
49 92 261
92 49 261
49 99 6192
99 49 6192
49 116 791
116 49 791
49 53 7266
53 49 7266
49 57 6027
57 49 6027
49 126 860
126 49 860
50 135 7566
135 50 7566
50 139 5043
139 50 5043
50 141 1273
141 50 1273
50 143 6507
143 50 6507
50 54 2349
54 50 2349
50 55 1631
55 50 1631
50 56 566
56 50 566
50 64 2482
64 50 2482
50 70 6718
70 50 6718
50 71 552
71 50 552
50 74 1308
74 50 1308
50 79 5057
79 50 5057
50 80 447
80 50 447
50 81 3003
81 50 3003
50 84 7036
84 50 7036
50 93 7056
93 50 7056
50 95 1611
95 50 1611
50 100 161
100 50 161
50 105 772
105 50 772
50 107 40
107 50 40
50 109 2365
109 50 2365
50 114 2224
114 50 2224
50 115 2445
115 50 2445
50 117 3544
117 50 3544
50 119 6729
119 50 6729
50 122 7673
122 50 7673
50 124 6101
124 50 6101
50 126 1485
126 50 1485
51 129 8073
129 51 8073
51 130 5305
130 51 5305
51 67 2444
67 51 2444
51 135 5653
135 51 5653
51 141 4454
141 51 4454
51 78 6551
78 51 6551
51 56 5566
56 51 5566
51 84 4824
84 51 4824
51 85 3855
85 51 3855
51 88 705
88 51 705
51 90 1651
90 51 1651
51 97 5824
97 51 5824
51 108 6263
108 51 6263
51 112 1888
112 51 1888
51 113 3816
113 51 3816
51 52 2237
52 51 2237
51 120 2777
120 51 2777
51 57 1032
57 51 1032
51 59 7676
59 51 7676
51 63 4142
63 51 4142
52 64 3474
64 52 3474
52 69 4741
69 52 4741
52 141 2269
141 52 2269
52 79 6652
79 52 6652
52 89 3834
89 52 3834
52 90 2973
90 52 2973
52 59 4677
59 52 4677
52 134 3734
134 52 3734
52 103 4383
103 52 4383
52 112 3364
112 52 3364
52 116 6551
116 52 6551
52 137 4874
137 52 4874
52 123 5736
123 52 5736
52 124 5512
124 52 5512
52 143 2883
143 52 2883
52 62 1867
62 52 1867
53 73 8371
73 53 8371
53 77 6757
77 53 6757
53 79 6748
79 53 6748
53 144 6805
144 53 6805
53 141 1634
141 53 1634
53 86 6554
86 53 6554
53 90 4165
90 53 4165
53 94 5905
94 53 5905
53 95 129
95 53 129
53 99 7875
99 53 7875
53 108 2605
108 53 2605
53 140 6922
140 53 6922
53 116 6664
116 53 6664
53 117 8021
117 53 8021
53 76 1981
76 53 1981
53 124 3410
124 53 3410
54 65 3465
65 54 3465
54 131 7545
131 54 7545
54 74 2121
74 54 2121
54 139 1810
139 54 1810
54 141 2556
141 54 2556
54 146 3464
146 54 3464
54 148 757
148 54 757
54 85 1755
85 54 1755
54 86 714
86 54 714
54 87 4343
87 54 4343
54 88 1936
88 54 1936
54 90 6202
90 54 6202
54 111 4729
111 54 4729
54 95 7360
95 54 7360
54 97 6118
97 54 6118
54 98 610
98 54 610
54 99 7031
99 54 7031
54 113 7587
113 54 7587
54 60 7958
60 54 7958
54 104 1255
104 54 1255
54 105 5714
105 54 5714
54 56 3386
56 54 3386
54 58 7536
58 54 7536
54 123 316
123 54 316
54 124 5840
124 54 5840
55 129 5427
129 55 5427
55 131 4647
131 55 4647
55 68 1237
68 55 1237
55 133 5648
133 55 5648
55 136 6118
136 55 6118
55 138 2298
138 55 2298
55 76 6303
76 55 6303
55 141 697
141 55 697
55 78 929
78 55 929
55 143 3594
143 55 3594
55 80 5603
80 55 5603
55 82 2759
82 55 2759
55 148 4235
148 55 4235
55 87 2866
87 55 2866
55 101 918
101 55 918
55 146 7613
146 55 7613
55 142 1118
142 55 1118
55 111 1119
111 55 1119
55 116 236
116 55 236
55 89 3749
89 55 3749
55 120 999
120 55 999
55 122 3059
122 55 3059
55 63 4897
63 55 4897
55 124 8114
124 55 8114
55 125 4210
125 55 4210
55 127 2403
127 55 2403
56 129 1076
129 56 1076
56 66 6544
66 56 6544
56 67 3698
67 56 3698
56 143 1253
143 56 1253
56 138 353
138 56 353
56 76 7039
76 56 7039
56 131 583
131 56 583
56 84 3315
84 56 3315
56 85 94
85 56 94
56 88 8369
88 56 8369
56 90 5339
90 56 5339
56 79 148
79 56 148
56 93 2705
93 56 2705
56 69 61
69 56 61
56 97 909
97 56 909
56 123 5603
123 56 5603
56 107 8157
107 56 8157
56 61 4249
61 56 4249
56 91 6104
91 56 6104
56 59 108
59 56 108
56 124 3704
124 56 3704
56 74 4233
74 56 4233
56 63 7370
63 56 7370
57 130 8177
130 57 8177
57 67 2410
67 57 2410
57 134 7448
134 57 7448
57 129 5755
129 57 5755
57 137 1339
137 57 1339
57 142 6741
142 57 6741
57 143 4244
143 57 4244
57 144 2203
144 57 2203
57 83 2705
83 57 2705
57 85 3926
85 57 3926
57 88 1654
88 57 1654
57 89 15
89 57 15
57 90 713
90 57 713
57 99 6659
99 57 6659
57 100 7981
100 57 7981
57 101 5511
101 57 5511
57 103 2000
103 57 2000
57 93 1739
93 57 1739
57 114 3423
114 57 3423
57 70 4621
70 57 4621
57 126 6203
126 57 6203
58 65 5365
65 58 5365
58 130 7022
130 58 7022
58 72 585
72 58 585
58 73 6396
73 58 6396
58 140 2306
140 58 2306
58 77 7866
77 58 7866
58 80 2711
80 58 2711
58 147 4179
147 58 4179
58 92 4760
92 58 4760
58 98 4050
98 58 4050
58 59 5173
59 58 5173
58 139 4700
139 58 4700
58 104 6167
104 58 6167
58 75 5624
75 58 5624
58 146 8229
146 58 8229
58 111 1623
111 58 1623
58 113 2397
113 58 2397
58 115 445
115 58 445
58 119 6296
119 58 6296
58 84 4437
84 58 4437
58 123 1598
123 58 1598
58 109 3367
109 58 3367
58 126 1989
126 58 1989
58 63 42
63 58 42
59 130 2191
130 59 2191
59 68 7375
68 59 7375
59 64 479
64 59 479
59 120 6708
120 59 6708
59 78 3716
78 59 3716
59 100 3005
100 59 3005
59 90 3282
90 59 3282
59 91 7662
91 59 7662
59 94 3249
94 59 3249
59 102 6203
102 59 6203
59 71 1335
71 59 1335
59 93 2274
93 59 2274
59 116 913
116 59 913
59 122 5096
122 59 5096
59 124 826
124 59 826
59 61 7696
61 59 7696
59 117 1722
117 59 1722
60 128 7694
128 60 7694
60 138 4594
138 60 4594
60 76 6563
76 60 6563
60 130 7772
130 60 7772
60 83 2658
83 60 2658
60 148 3366
148 60 3366
60 149 6357
149 60 6357
60 87 3132
87 60 3132
60 98 1950
98 60 1950
60 106 5787
106 60 5787
60 110 3200
110 60 3200
60 125 3684
125 60 3684
60 147 705
147 60 705
60 119 897
119 60 897
60 120 7767
120 60 7767
60 62 2417
62 60 2417
60 63 3547
63 60 3547
61 64 189
64 61 189
61 65 7050
65 61 7050
61 132 8369
132 61 8369
61 72 2628
72 61 2628
61 74 199
74 61 199
61 109 3813
109 61 3813
61 142 969
142 61 969
61 143 7711
143 61 7711
61 80 7337
80 61 7337
61 145 3777
145 61 3777
61 83 7003
83 61 7003
61 86 208
86 61 208
61 88 412
88 61 412
61 89 8226
89 61 8226
61 95 514
95 61 514
61 98 4002
98 61 4002
61 99 5058
99 61 5058
61 82 3312
82 61 3312
61 101 5294
101 61 5294
61 103 2256
103 61 2256
61 67 2189
67 61 2189
61 79 7445
79 61 7445
61 122 1125
122 61 1125
61 123 3190
123 61 3190
61 124 3813
124 61 3813
61 125 6266
125 61 6266
61 126 1179
126 61 1179
61 127 3695
127 61 3695
62 64 482
64 62 482
62 128 4727
128 62 4727
62 130 4003
130 62 4003
62 129 4299
129 62 4299
62 72 8327
72 62 8327
62 137 539
137 62 539
62 139 4631
139 62 4631
62 140 3937
140 62 3937
62 143 2836
143 62 2836
62 84 513
84 62 513
62 149 3364
149 62 3364
62 86 5082
86 62 5082
62 87 3912
87 62 3912
62 100 4350
100 62 4350
62 105 4717
105 62 4717
62 135 7955
135 62 7955
62 82 6064
82 62 6064
62 136 5629
