50 2450 13
0 1 2618
1 0 2618
0 2 3138
2 0 3138
0 3 1605
3 0 1605
0 4 3349
4 0 3349
0 5 915
5 0 915
0 6 757
6 0 757
0 7 321
7 0 321
0 8 347
8 0 347
0 9 2813
9 0 2813
0 10 995
10 0 995
0 11 2725
11 0 2725
0 12 1852
12 0 1852
0 13 2813
13 0 2813
0 14 2205
14 0 2205
0 15 3044
15 0 3044
0 16 2905
16 0 2905
0 17 2630
17 0 2630
0 18 3349
18 0 3349
0 19 3371
19 0 3371
0 20 3180
20 0 3180
0 21 1663
21 0 1663
0 22 3457
22 0 3457
0 23 3176
23 0 3176
0 24 2021
24 0 2021
0 25 3402
25 0 3402
0 26 152
26 0 152
0 27 2323
27 0 2323
0 28 3637
28 0 3637
0 29 2095
29 0 2095
0 30 2392
30 0 2392
0 31 1419
31 0 1419
0 32 3149
32 0 3149
0 33 2977
33 0 2977
0 34 59
34 0 59
0 35 2270
35 0 2270
0 36 403
36 0 403
0 37 2974
37 0 2974
0 38 1738
38 0 1738
0 39 4
39 0 4
0 40 1363
40 0 1363
0 41 2615
41 0 2615
0 42 2030
42 0 2030
0 43 2311
43 0 2311
0 44 3268
44 0 3268
0 45 543
45 0 543
0 46 1645
46 0 1645
0 47 2565
47 0 2565
0 48 887
48 0 887
0 49 65
49 0 65
1 2 202
2 1 202
1 3 2628
3 1 2628
1 4 1198
4 1 1198
1 5 1843
5 1 1843
1 6 1203
6 1 1203
1 7 2086
7 1 2086
1 8 357
8 1 357
1 9 2737
9 1 2737
1 10 2063
10 1 2063
1 11 1307
11 1 1307
1 12 2189
12 1 2189
1 13 1416
13 1 1416
1 14 1369
14 1 1369
1 15 1272
15 1 1272
1 16 2901
16 1 2901
1 17 1598
17 1 1598
1 18 2766
18 1 2766
1 19 2748
19 1 2748
1 20 1815
20 1 1815
1 21 2209
21 1 2209
1 22 2700
22 1 2700
1 23 631
23 1 631
1 24 2720
24 1 2720
1 25 1127
25 1 1127
1 26 1368
26 1 1368
1 27 2767
27 1 2767
1 28 3599
28 1 3599
1 29 2322
29 1 2322
1 30 3595
30 1 3595
1 31 583
31 1 583
1 32 379
32 1 379
1 33 2841
33 1 2841
1 34 3259
34 1 3259
1 35 2735
35 1 2735
1 36 3379
36 1 3379
1 37 2353
37 1 2353
1 38 1350
38 1 1350
1 39 2324
39 1 2324
1 40 932
40 1 932
1 41 3236
41 1 3236
1 42 1870
42 1 1870
1 43 1149
43 1 1149
1 44 122
44 1 122
1 45 2703
45 1 2703
1 46 3072
46 1 3072
1 47 1978
47 1 1978
1 48 36
48 1 36
1 49 2539
49 1 2539
2 3 2871
3 2 2871
2 4 654
4 2 654
2 5 1118
5 2 1118
2 6 1202
6 2 1202
2 7 2272
7 2 2272
2 8 1986
8 2 1986
2 9 1145
9 2 1145
2 10 2544
10 2 2544
2 11 1505
11 2 1505
2 12 1313
12 2 1313
2 13 1003
13 2 1003
2 14 411
14 2 411
2 15 2348
15 2 2348
2 16 2573
16 2 2573
2 17 1783
17 2 1783
2 18 1712
18 2 1712
2 19 1587
19 2 1587
2 20 1877
20 2 1877
2 21 3570
21 2 3570
2 22 847
22 2 847
2 23 892
23 2 892
2 24 1787
24 2 1787
2 25 1722
25 2 1722
2 26 1084
26 2 1084
2 27 2445
27 2 2445
2 28 2571
28 2 2571
2 29 2497
29 2 2497
2 30 2112
30 2 2112
2 31 3
31 2 3
2 32 1828
32 2 1828
2 33 3026
33 2 3026
2 34 1595
34 2 1595
2 35 3091
35 2 3091
2 36 1334
36 2 1334
2 37 1124
37 2 1124
2 38 708
38 2 708
2 39 2071
39 2 2071
2 40 2068
40 2 2068
2 41 2697
41 2 2697
2 42 1811
42 2 1811
2 43 3655
43 2 3655
2 44 1226
44 2 1226
2 45 679
45 2 679
2 46 3553
46 2 3553
2 47 2535
47 2 2535
2 48 3423
48 2 3423
2 49 2480
49 2 2480
3 4 1035
4 3 1035
3 5 915
5 3 915
3 6 800
6 3 800
3 7 1250
7 3 1250
3 8 2038
8 3 2038
3 9 2847
9 3 2847
3 10 1509
10 3 1509
3 11 2544
11 3 2544
3 12 2037
12 3 2037
3 13 2557
13 3 2557
3 14 374
14 3 374
3 15 1519
15 3 1519
3 16 3669
16 3 3669
3 17 326
17 3 326
3 18 3223
18 3 3223
3 19 1423
19 3 1423
3 20 908
20 3 908
3 21 188
21 3 188
3 22 2718
22 3 2718
3 23 1349
23 3 1349
3 24 3280
24 3 3280
3 25 851
25 3 851
3 26 2931
26 3 2931
3 27 800
27 3 800
3 28 2900
28 3 2900
3 29 2428
29 3 2428
3 30 457
30 3 457
3 31 2459
31 3 2459
3 32 1220
32 3 1220
3 33 3231
33 3 3231
3 34 3609
34 3 3609
3 35 1428
35 3 1428
3 36 193
36 3 193
3 37 2969
37 3 2969
3 38 444
38 3 444
3 39 324
39 3 324
3 40 2809
40 3 2809
3 41 2817
41 3 2817
3 42 2332
42 3 2332
3 43 1593
43 3 1593
3 44 1165
44 3 1165
3 45 2792
45 3 2792
3 46 1707
46 3 1707
3 47 3546
47 3 3546
3 48 263
48 3 263
3 49 786
49 3 786
4 5 81
5 4 81
4 6 213
6 4 213
4 7 3513
7 4 3513
4 8 2936
8 4 2936
4 9 3030
9 4 3030
4 10 2888
10 4 2888
4 11 1240
11 4 1240
4 12 199
12 4 199
4 13 583
13 4 583
4 14 2826
14 4 2826
4 15 2744
15 4 2744
4 16 1433
16 4 1433
4 17 2052
17 4 2052
4 18 968
18 4 968
4 19 3556
19 4 3556
4 20 2170
20 4 2170
4 21 1687
21 4 1687
4 22 1941
22 4 1941
4 23 2924
23 4 2924
4 24 256
24 4 256
4 25 487
25 4 487
4 26 3240
26 4 3240
4 27 1259
27 4 1259
4 28 3530
28 4 3530
4 29 147
29 4 147
4 30 2749
30 4 2749
4 31 874
31 4 874
4 32 953
32 4 953
4 33 3241
33 4 3241
4 34 553
34 4 553
4 35 682
35 4 682
4 36 1682
36 4 1682
4 37 208
37 4 208
4 38 2032
38 4 2032
4 39 2465
39 4 2465
4 40 3269
40 4 3269
4 41 2270
41 4 2270
4 42 2289
42 4 2289
4 43 45
43 4 45
4 44 591
44 4 591
4 45 52
45 4 52
4 46 360
46 4 360
4 47 2958
47 4 2958
4 48 2777
48 4 2777
4 49 2859
49 4 2859
5 6 3079
6 5 3079
5 7 3465
7 5 3465
5 8 2508
8 5 2508
5 9 3006
9 5 3006
5 10 1855
10 5 1855
5 11 74
11 5 74
5 12 2762
12 5 2762
5 13 915
13 5 915
5 14 1200
14 5 1200
5 15 2790
15 5 2790
5 16 2308
16 5 2308
5 17 91
17 5 91
5 18 1882
18 5 1882
5 19 3241
19 5 3241
5 20 1763
20 5 1763
5 21 1282
21 5 1282
5 22 1487
22 5 1487
5 23 2673
23 5 2673
5 24 1007
24 5 1007
5 25 893
25 5 893
5 26 661
26 5 661
5 27 2101
27 5 2101
5 28 2547
28 5 2547
5 29 2575
29 5 2575
5 30 552
30 5 552
5 31 681
31 5 681
5 32 3577
32 5 3577
5 33 3123
33 5 3123
5 34 1453
34 5 1453
5 35 2275
35 5 2275
5 36 3401
36 5 3401
5 37 919
37 5 919
5 38 107
38 5 107
5 39 3565
39 5 3565
5 40 3409
40 5 3409
5 41 2615
41 5 2615
5 42 2227
42 5 2227
5 43 3233
43 5 3233
5 44 1062
44 5 1062
5 45 2572
45 5 2572
5 46 3439
46 5 3439
5 47 1565
47 5 1565
5 48 35
48 5 35
5 49 1430
49 5 1430
6 7 3209
7 6 3209
6 8 510
8 6 510
6 9 1658
9 6 1658
6 10 2167
10 6 2167
6 11 219
11 6 219
6 12 198
12 6 198
6 13 2190
13 6 2190
6 14 1370
14 6 1370
6 15 1065
15 6 1065
6 16 2389
16 6 2389
6 17 440
17 6 440
6 18 355
18 6 355
6 19 3525
19 6 3525
6 20 2846
20 6 2846
6 21 1907
21 6 1907
6 22 1373
22 6 1373
6 23 2586
23 6 2586
6 24 416
24 6 416
6 25 3014
25 6 3014
6 26 2886
26 6 2886
6 27 3230
27 6 3230
6 28 1957
28 6 1957
6 29 1334
29 6 1334
6 30 1386
30 6 1386
6 31 1342
31 6 1342
6 32 1949
32 6 1949
6 33 2800
33 6 2800
6 34 596
34 6 596
6 35 1761
35 6 1761
6 36 2335
36 6 2335
6 37 2055
37 6 2055
6 38 1728
38 6 1728
6 39 1929
39 6 1929
6 40 556
40 6 556
6 41 3201
41 6 3201
6 42 1009
42 6 1009
6 43 2599
43 6 2599
6 44 2503
44 6 2503
6 45 2911
45 6 2911
6 46 2439
46 6 2439
6 47 3636
47 6 3636
6 48 3477
48 6 3477
6 49 2995
49 6 2995
7 8 1737
8 7 1737
7 9 147
9 7 147
7 10 848
10 7 848
7 11 2526
11 7 2526
7 12 166
12 7 166
7 13 1653
13 7 1653
7 14 2798
14 7 2798
7 15 1666
15 7 1666
7 16 2267
16 7 2267
7 17 3438
17 7 3438
7 18 212
18 7 212
7 19 2461
19 7 2461
7 20 2143
20 7 2143
7 21 597
21 7 597
7 22 311
22 7 311
7 23 1090
23 7 1090
7 24 1038
24 7 1038
7 25 3330
25 7 3330
7 26 1331
26 7 1331
7 27 437
27 7 437
7 28 2259
28 7 2259
7 29 697
29 7 697
7 30 3235
30 7 3235
7 31 2544
31 7 2544
7 32 1832
32 7 1832
7 33 1573
33 7 1573
7 34 1891
34 7 1891
7 35 982
35 7 982
7 36 1972
36 7 1972
7 37 707
37 7 707
7 38 1575
38 7 1575
7 39 2109
39 7 2109
7 40 24
40 7 24
7 41 513
41 7 513
7 42 774
42 7 774
7 43 973
43 7 973
7 44 275
44 7 275
7 45 1339
45 7 1339
7 46 3330
46 7 3330
7 47 432
47 7 432
7 48 3184
48 7 3184
7 49 333
49 7 333
8 9 3623
9 8 3623
8 10 3428
10 8 3428
8 11 2918
11 8 2918
8 12 14
12 8 14
8 13 3425
13 8 3425
8 14 2182
14 8 2182
8 15 1169
15 8 1169
8 16 2279
16 8 2279
8 17 117
17 8 117
8 18 117
18 8 117
8 19 3639
19 8 3639
8 20 1530
20 8 1530
8 21 1677
21 8 1677
8 22 2047
22 8 2047
8 23 3023
23 8 3023
8 24 2389
24 8 2389
8 25 793
25 8 793
8 26 717
26 8 717
8 27 100
27 8 100
8 28 1528
28 8 1528
8 29 1713
29 8 1713
8 30 1987
30 8 1987
8 31 3306
31 8 3306
8 32 786
32 8 786
8 33 183
33 8 183
8 34 1227
34 8 1227
8 35 486
35 8 486
8 36 1026
36 8 1026
8 37 2913
37 8 2913
8 38 3099
38 8 3099
8 39 174
39 8 174
8 40 844
40 8 844
8 41 629
41 8 629
8 42 502
42 8 502
8 43 3499
43 8 3499
8 44 918
44 8 918
8 45 2298
45 8 2298
8 46 1494
46 8 1494
8 47 1828
47 8 1828
8 48 436
48 8 436
8 49 1815
49 8 1815
9 10 2146
10 9 2146
9 11 1536
11 9 1536
9 12 2027
12 9 2027
9 13 2923
13 9 2923
9 14 37
14 9 37
9 15 2932
15 9 2932
9 16 593
16 9 593
9 17 893
17 9 893
9 18 2960
18 9 2960
9 19 3666
19 9 3666
9 20 132
20 9 132
9 21 14
21 9 14
9 22 2942
22 9 2942
9 23 1458
23 9 1458
9 24 2453
24 9 2453
9 25 3228
25 9 3228
9 26 3167
26 9 3167
9 27 630
27 9 630
9 28 2453
28 9 2453
9 29 3203
29 9 3203
9 30 1695
30 9 1695
9 31 137
31 9 137
9 32 147
32 9 147
9 33 1832
33 9 1832
9 34 1510
34 9 1510
9 35 1024
35 9 1024
9 36 1220
36 9 1220
9 37 169
37 9 169
9 38 1453
38 9 1453
9 39 2126
39 9 2126
9 40 752
40 9 752
9 41 1024
41 9 1024
9 42 2019
42 9 2019
9 43 1230
43 9 1230
9 44 135
44 9 135
9 45 823
45 9 823
9 46 736
46 9 736
9 47 2261
47 9 2261
9 48 1501
48 9 1501
9 49 2033
49 9 2033
10 11 463
11 10 463
10 12 1815
12 10 1815
10 13 1664
13 10 1664
10 14 1586
14 10 1586
10 15 2127
15 10 2127
10 16 2857
16 10 2857
10 17 3317
17 10 3317
10 18 2737
18 10 2737
10 19 1975
19 10 1975
10 20 1679
20 10 1679
10 21 337
21 10 337
10 22 2342
22 10 2342
10 23 2869
23 10 2869
10 24 2063
24 10 2063
10 25 423
25 10 423
10 26 1658
26 10 1658
10 27 991
27 10 991
10 28 1229
28 10 1229
10 29 3099
29 10 3099
10 30 3174
30 10 3174
10 31 2328
31 10 2328
10 32 233
32 10 233
10 33 1029
33 10 1029
10 34 2361
34 10 2361
10 35 177
35 10 177
10 36 1381
36 10 1381
10 37 2413
37 10 2413
10 38 971
38 10 971
10 39 28
39 10 28
10 40 1858
40 10 1858
10 41 2399
41 10 2399
10 42 3459
42 10 3459
10 43 1027
43 10 1027
10 44 469
44 10 469
10 45 1374
45 10 1374
10 46 3303
46 10 3303
10 47 2493
47 10 2493
10 48 134
48 10 134
10 49 1712
49 10 1712
11 12 2995
12 11 2995
11 13 3238
13 11 3238
11 14 850
14 11 850
11 15 2849
15 11 2849
11 16 1279
16 11 1279
11 17 953
17 11 953
11 18 176
18 11 176
11 19 1286
19 11 1286
11 20 118
20 11 118
11 21 1121
21 11 1121
11 22 1229
22 11 1229
11 23 2709
23 11 2709
11 24 2350
24 11 2350
11 25 1003
25 11 1003
11 26 3163
26 11 3163
11 27 2997
27 11 2997
11 28 389
28 11 389
11 29 2995
29 11 2995
11 30 3546
30 11 3546
11 31 2208
31 11 2208
11 32 1825
32 11 1825
11 33 2557
33 11 2557
11 34 1711
34 11 1711
11 35 29
35 11 29
11 36 1039
36 11 1039
11 37 500
37 11 500
11 38 2767
38 11 2767
11 39 441
39 11 441
11 40 3578
40 11 3578
11 41 329
41 11 329
11 42 3245
42 11 3245
11 43 201
43 11 201
11 44 397
44 11 397
11 45 3637
45 11 3637
11 46 2120
46 11 2120
11 47 2735
47 11 2735
11 48 1014
48 11 1014
11 49 258
49 11 258
12 13 932
13 12 932
12 14 1283
14 12 1283
12 15 135
15 12 135
12 16 2598
16 12 2598
12 17 2301
17 12 2301
12 18 797
18 12 797
12 19 967
19 12 967
12 20 2085
20 12 2085
12 21 1390
21 12 1390
12 22 143
22 12 143
12 23 1053
23 12 1053
12 24 2234
24 12 2234
12 25 2693
25 12 2693
12 26 2247
26 12 2247
12 27 1494
27 12 1494
12 28 298
28 12 298
12 29 3563
29 12 3563
12 30 3450
30 12 3450
12 31 1118
31 12 1118
12 32 1886
32 12 1886
12 33 3454
33 12 3454
12 34 2318
34 12 2318
12 35 1458
35 12 1458
12 36 1139
36 12 1139
12 37 2918
37 12 2918
12 38 182
38 12 182
12 39 133
39 12 133
12 40 3332
40 12 3332
12 41 1170
41 12 1170
12 42 2352
42 12 2352
12 43 3062
43 12 3062
12 44 1254
44 12 1254
12 45 2408
45 12 2408
12 46 102
46 12 102
12 47 1700
47 12 1700
12 48 3004
48 12 3004
12 49 628
49 12 628
13 14 482
14 13 482
13 15 816
15 13 816
13 16 1011
16 13 1011
13 17 1486
17 13 1486
13 18 917
18 13 917
13 19 1915
19 13 1915
13 20 375
20 13 375
13 21 936
21 13 936
13 22 1586
22 13 1586
13 23 3383
23 13 3383
13 24 3562
24 13 3562
13 25 251
25 13 251
13 26 3606
26 13 3606
13 27 2670
27 13 2670
13 28 1868
28 13 1868
13 29 3065
29 13 3065
13 30 3432
30 13 3432
13 31 2881
31 13 2881
13 32 2376
32 13 2376
13 33 1025
33 13 1025
13 34 1178
34 13 1178
13 35 3296
35 13 3296
13 36 2012
36 13 2012
13 37 1995
37 13 1995
13 38 3158
38 13 3158
13 39 2200
39 13 2200
13 40 3461
40 13 3461
13 41 1143
41 13 1143
13 42 1364
42 13 1364
13 43 1228
43 13 1228
13 44 3457
44 13 3457
13 45 1345
45 13 1345
13 46 548
46 13 548
13 47 2489
47 13 2489
13 48 1648
48 13 1648
13 49 2657
49 13 2657
14 15 1782
15 14 1782
14 16 35
16 14 35
14 17 756
17 14 756
14 18 3454
18 14 3454
14 19 983
19 14 983
14 20 1911
20 14 1911
14 21 3368
21 14 3368
14 22 589
22 14 589
14 23 1901
23 14 1901
14 24 1287
24 14 1287
14 25 1385
25 14 1385
14 26 2435
26 14 2435
14 27 3539
27 14 3539
14 28 874
28 14 874
14 29 3091
29 14 3091
14 30 2273
30 14 2273
14 31 2378
31 14 2378
14 32 2203
32 14 2203
14 33 97
33 14 97
14 34 1636
34 14 1636
14 35 3565
35 14 3565
14 36 1888
36 14 1888
14 37 2019
37 14 2019
14 38 1032
38 14 1032
14 39 2820
39 14 2820
14 40 2617
40 14 2617
14 41 492
41 14 492
14 42 2671
42 14 2671
14 43 1876
43 14 1876
14 44 1043
44 14 1043
14 45 812
45 14 812
14 46 2295
46 14 2295
14 47 2681
47 14 2681
14 48 2776
48 14 2776
14 49 2960
49 14 2960
15 16 751
16 15 751
15 17 2830
17 15 2830
15 18 26
18 15 26
15 19 2992
19 15 2992
15 20 1717
20 15 1717
15 21 748
21 15 748
15 22 3311
22 15 3311
15 23 552
23 15 552
15 24 2791
24 15 2791
15 25 2866
25 15 2866
15 26 394
26 15 394
15 27 3137
27 15 3137
15 28 658
28 15 658
15 29 3304
29 15 3304
15 30 2098
30 15 2098
15 31 1997
31 15 1997
15 32 1804
32 15 1804
15 33 3568
33 15 3568
15 34 1240
34 15 1240
15 35 3093
35 15 3093
15 36 2245
36 15 2245
15 37 1738
37 15 1738
15 38 2848
38 15 2848
15 39 2002
39 15 2002
15 40 2624
40 15 2624
15 41 1134
41 15 1134
15 42 207
42 15 207
15 43 2383
43 15 2383
15 44 3151
44 15 3151
15 45 3523
45 15 3523
15 46 1661
46 15 1661
15 47 2059
47 15 2059
15 48 2738
48 15 2738
15 49 2344
49 15 2344
16 17 3269
17 16 3269
16 18 1912
18 16 1912
16 19 2038
19 16 2038
16 20 1382
20 16 1382
16 21 1229
21 16 1229
16 22 3448
22 16 3448
16 23 1326
23 16 1326
16 24 1883
24 16 1883
16 25 1093
25 16 1093
16 26 1391
26 16 1391
16 27 2005
27 16 2005
16 28 100
28 16 100
16 29 883
29 16 883
16 30 2756
30 16 2756
16 31 302
31 16 302
16 32 645
32 16 645
16 33 1267
33 16 1267
16 34 1536
34 16 1536
16 35 1620
35 16 1620
16 36 2388
36 16 2388
16 37 1361
37 16 1361
16 38 3175
38 16 3175
16 39 227
39 16 227
16 40 532
40 16 532
16 41 3652
41 16 3652
16 42 1443
42 16 1443
16 43 3414
43 16 3414
16 44 264
44 16 264
16 45 3038
45 16 3038
16 46 602
46 16 602
16 47 3104
47 16 3104
16 48 1915
48 16 1915
16 49 792
49 16 792
17 18 1791
18 17 1791
17 19 1383
19 17 1383
17 20 2923
20 17 2923
17 21 2537
21 17 2537
17 22 1991
22 17 1991
17 23 644
23 17 644
17 24 3608
24 17 3608
17 25 1763
25 17 1763
17 26 2196
26 17 2196
17 27 3161
27 17 3161
17 28 796
28 17 796
17 29 2423
29 17 2423
17 30 767
30 17 767
17 31 2274
31 17 2274
17 32 3043
32 17 3043
17 33 3212
33 17 3212
17 34 132
34 17 132
17 35 84
35 17 84
17 36 1479
36 17 1479
17 37 2914
37 17 2914
17 38 855
38 17 855
17 39 3644
39 17 3644
17 40 2315
40 17 2315
17 41 2387
41 17 2387
17 42 2448
42 17 2448
17 43 1288
43 17 1288
17 44 517
44 17 517
17 45 3368
45 17 3368
17 46 147
46 17 147
17 47 2102
47 17 2102
17 48 1174
48 17 1174
17 49 3634
49 17 3634
18 19 1464
19 18 1464
18 20 1207
20 18 1207
18 21 1518
21 18 1518
18 22 590
22 18 590
18 23 788
23 18 788
18 24 2384
24 18 2384
18 25 1859
25 18 1859
18 26 1979
26 18 1979
18 27 2309
27 18 2309
18 28 3033
28 18 3033
18 29 1273
29 18 1273
18 30 411
30 18 411
18 31 37
31 18 37
18 32 2623
32 18 2623
18 33 1277
33 18 1277
18 34 1968
34 18 1968
18 35 3383
35 18 3383
18 36 1364
36 18 1364
18 37 1400
37 18 1400
18 38 2910
38 18 2910
18 39 441
39 18 441
18 40 959
40 18 959
18 41 1183
41 18 1183
18 42 1798
42 18 1798
18 43 491
43 18 491
18 44 842
44 18 842
18 45 1973
45 18 1973
18 46 944
46 18 944
18 47 831
47 18 831
18 48 1747
48 18 1747
18 49 1654
49 18 1654
19 20 1415
20 19 1415
19 21 2709
21 19 2709
19 22 1251
22 19 1251
19 23 2683
23 19 2683
19 24 1856
24 19 1856
19 25 1740
25 19 1740
19 26 3664
26 19 3664
19 27 2370
27 19 2370
19 28 2741
28 19 2741
19 29 919
29 19 919
19 30 458
30 19 458
19 31 2594
31 19 2594
19 32 1917
32 19 1917
19 33 661
33 19 661
19 34 3500
34 19 3500
19 35 1271
35 19 1271
19 36 2346
36 19 2346
19 37 3138
37 19 3138
19 38 2490
38 19 2490
19 39 671
39 19 671
19 40 323
40 19 323
19 41 2576
41 19 2576
19 42 3298
42 19 3298
19 43 1684
43 19 1684
19 44 732
44 19 732
19 45 1917
45 19 1917
19 46 3312
46 19 3312
19 47 3474
47 19 3474
19 48 487
48 19 487
19 49 2805
49 19 2805
20 21 3004
21 20 3004
20 22 3410
22 20 3410
20 23 1477
23 20 1477
20 24 448
24 20 448
20 25 2815
25 20 2815
20 26 1525
26 20 1525
20 27 2914
27 20 2914
20 28 1236
28 20 1236
20 29 2972
29 20 2972
20 30 2236
30 20 2236
20 31 2315
31 20 2315
20 32 3002
32 20 3002
20 33 2237
33 20 2237
20 34 1315
34 20 1315
20 35 2241
35 20 2241
20 36 1744
36 20 1744
20 37 2319
37 20 2319
20 38 2418
38 20 2418
20 39 3088
39 20 3088
20 40 3013
40 20 3013
20 41 857
41 20 857
20 42 2920
42 20 2920
20 43 118
43 20 118
20 44 2259
44 20 2259
20 45 3294
45 20 3294
20 46 3077
46 20 3077
20 47 1543
47 20 1543
20 48 171
48 20 171
20 49 2909
49 20 2909
21 22 2764
22 21 2764
21 23 126
23 21 126
21 24 283
24 21 283
21 25 2658
25 21 2658
21 26 1440
26 21 1440
21 27 2548
27 21 2548
21 28 1727
28 21 1727
21 29 615
29 21 615
21 30 435
30 21 435
21 31 3377
31 21 3377
21 32 3374
32 21 3374
21 33 1424
33 21 1424
21 34 1325
34 21 1325
21 35 570
35 21 570
21 36 3215
36 21 3215
21 37 282
37 21 282
21 38 525
38 21 525
21 39 2421
39 21 2421
21 40 67
40 21 67
21 41 2616
41 21 2616
21 42 1157
42 21 1157
21 43 428
43 21 428
21 44 3078
44 21 3078
21 45 1060
45 21 1060
21 46 1849
46 21 1849
21 47 920
47 21 920
21 48 2598
48 21 2598
21 49 2452
49 21 2452
22 23 887
23 22 887
22 24 1337
24 22 1337
22 25 3307
25 22 3307
22 26 3390
26 22 3390
22 27 1110
27 22 1110
22 28 1859
28 22 1859
22 29 3269
29 22 3269
22 30 3258
30 22 3258
22 31 929
31 22 929
22 32 1510
32 22 1510
22 33 288
33 22 288
22 34 2002
34 22 2002
22 35 2433
35 22 2433
22 36 1839
36 22 1839
22 37 3466
37 22 3466
22 38 744
38 22 744
22 39 1959
39 22 1959
22 40 3277
40 22 3277
22 41 3628
41 22 3628
22 42 1338
42 22 1338
22 43 336
43 22 336
22 44 1
44 22 1
22 45 3559
45 22 3559
22 46 2610
46 22 2610
22 47 611
47 22 611
22 48 1283
48 22 1283
22 49 2170
49 22 2170
23 24 2161
24 23 2161
23 25 1352
25 23 1352
23 26 1789
26 23 1789
23 27 2202
27 23 2202
23 28 2383
28 23 2383
23 29 1085
29 23 1085
23 30 1163
30 23 1163
23 31 3251
31 23 3251
23 32 680
32 23 680
23 33 1079
33 23 1079
23 34 3012
34 23 3012
23 35 3044
35 23 3044
23 36 1228
36 23 1228
23 37 1906
37 23 1906
23 38 3347
38 23 3347
23 39 3276
39 23 3276
23 40 2918
40 23 2918
23 41 1640
41 23 1640
23 42 2290
42 23 2290
23 43 1091
43 23 1091
23 44 813
44 23 813
23 45 677
45 23 677
23 46 982
46 23 982
23 47 1658
47 23 1658
23 48 3534
48 23 3534
23 49 271
49 23 271
24 25 1348
25 24 1348
24 26 2575
26 24 2575
24 27 2363
27 24 2363
24 28 364
28 24 364
24 29 805
29 24 805
24 30 2693
30 24 2693
24 31 3508
31 24 3508
24 32 841
32 24 841
24 33 1485
33 24 1485
24 34 224
34 24 224
24 35 129
35 24 129
24 36 2230
36 24 2230
24 37 2193
37 24 2193
24 38 1089
38 24 1089
24 39 2001
39 24 2001
24 40 3240
40 24 3240
24 41 1061
41 24 1061
24 42 58
42 24 58
24 43 712
43 24 712
24 44 1826
44 24 1826
24 45 3222
45 24 3222
24 46 3240
46 24 3240
24 47 3029
47 24 3029
24 48 1612
48 24 1612
24 49 60
49 24 60
25 26 132
26 25 132
25 27 2877
27 25 2877
25 28 2380
28 25 2380
25 29 349
29 25 349
25 30 640
30 25 640
25 31 2634
31 25 2634
25 32 2546
32 25 2546
25 33 881
33 25 881
25 34 161
34 25 161
25 35 315
35 25 315
25 36 331
36 25 331
25 37 1035
37 25 1035
25 38 3245
38 25 3245
25 39 127
39 25 127
25 40 929
40 25 929
25 41 10
41 25 10
25 42 371
42 25 371
25 43 3324
43 25 3324
25 44 2717
44 25 2717
25 45 491
45 25 491
25 46 830
46 25 830
25 47 2774
47 25 2774
25 48 1625
48 25 1625
25 49 3565
49 25 3565
26 27 2428
27 26 2428
26 28 752
28 26 752
26 29 96
29 26 96
26 30 2515
30 26 2515
26 31 1682
31 26 1682
26 32 1758
32 26 1758
26 33 366
33 26 366
26 34 1611
34 26 1611
26 35 207
35 26 207
26 36 1392
36 26 1392
26 37 2380
37 26 2380
26 38 3229
38 26 3229
26 39 2347
39 26 2347
26 40 220
40 26 220
26 41 3077
41 26 3077
26 42 3337
42 26 3337
26 43 2976
43 26 2976
26 44 2932
44 26 2932
26 45 3657
45 26 3657
26 46 2911
46 26 2911
26 47 2326
47 26 2326
26 48 3452
48 26 3452
26 49 3046
49 26 3046
27 28 3548
28 27 3548
27 29 2676
29 27 2676
27 30 641
30 27 641
27 31 3416
31 27 3416
27 32 91
32 27 91
27 33 2371
33 27 2371
27 34 3415
34 27 3415
27 35 3308
35 27 3308
27 36 1693
36 27 1693
27 37 2005
37 27 2005
27 38 2491
38 27 2491
27 39 1205
39 27 1205
27 40 1878
40 27 1878
27 41 80
41 27 80
27 42 2188
42 27 2188
27 43 2378
43 27 2378
27 44 3
44 27 3
27 45 3379
45 27 3379
27 46 635
46 27 635
27 47 2165
47 27 2165
27 48 1193
48 27 1193
27 49 3043
49 27 3043
28 29 2353
29 28 2353
28 30 3497
30 28 3497
28 31 2502
31 28 2502
28 32 187
32 28 187
28 33 1404
33 28 1404
28 34 61
34 28 61
28 35 178
35 28 178
28 36 1289
36 28 1289
28 37 2142
37 28 2142
28 38 340
38 28 340
28 39 2908
39 28 2908
28 40 3073
40 28 3073
28 41 2705
41 28 2705
28 42 452
42 28 452
28 43 2252
43 28 2252
28 44 2073
44 28 2073
28 45 2988
45 28 2988
28 46 765
46 28 765
28 47 1836
47 28 1836
28 48 854
48 28 854
28 49 1730
49 28 1730
29 30 3209
30 29 3209
29 31 3449
31 29 3449
29 32 451
32 29 451
29 33 1711
33 29 1711
29 34 2176
34 29 2176
29 35 898
35 29 898
29 36 880
36 29 880
29 37 1134
37 29 1134
29 38 632
38 29 632
29 39 3272
39 29 3272
29 40 270
40 29 270
29 41 3556
41 29 3556
29 42 2227
42 29 2227
29 43 1897
43 29 1897
29 44 3267
44 29 3267
29 45 1605
45 29 1605
29 46 414
46 29 414
29 47 1200
47 29 1200
29 48 1269
48 29 1269
29 49 2371
49 29 2371
30 31 2239
31 30 2239
30 32 188
32 30 188
30 33 1606
33 30 1606
30 34 1552
34 30 1552
30 35 1755
35 30 1755
30 36 2204
36 30 2204
30 37 128
37 30 128
30 38 1230
38 30 1230
30 39 1138
39 30 1138
30 40 1427
40 30 1427
30 41 2969
41 30 2969
30 42 1967
42 30 1967
30 43 867
43 30 867
30 44 1096
44 30 1096
30 45 3659
45 30 3659
30 46 3023
46 30 3023
30 47 129
47 30 129
30 48 3260
48 30 3260
30 49 3226
49 30 3226
31 32 274
32 31 274
31 33 3054
33 31 3054
31 34 3368
34 31 3368
31 35 948
35 31 948
31 36 1431
36 31 1431
31 37 1647
37 31 1647
31 38 2776
38 31 2776
31 39 2920
39 31 2920
31 40 2387
40 31 2387
31 41 3609
41 31 3609
31 42 732
42 31 732
31 43 1879
43 31 1879
31 44 3236
44 31 3236
31 45 2363
45 31 2363
31 46 3016
46 31 3016
31 47 1961
47 31 1961
31 48 1315
48 31 1315
31 49 1485
49 31 1485
32 33 132
33 32 132
32 34 1193
34 32 1193
32 35 3196
35 32 3196
32 36 3607
36 32 3607
32 37 3097
37 32 3097
32 38 1444
38 32 1444
32 39 2753
39 32 2753
32 40 3622
40 32 3622
32 41 678
41 32 678
32 42 638
42 32 638
32 43 586
43 32 586
32 44 419
44 32 419
32 45 308
45 32 308
32 46 1104
46 32 1104
32 47 671
47 32 671
32 48 1627
48 32 1627
32 49 769
49 32 769
33 34 463
34 33 463
33 35 2607
35 33 2607
33 36 733
36 33 733
33 37 733
37 33 733
33 38 1501
38 33 1501
33 39 26
39 33 26
33 40 2505
40 33 2505
33 41 3463
41 33 3463
33 42 1525
42 33 1525
33 43 2299
43 33 2299
33 44 1245
44 33 1245
33 45 937
45 33 937
33 46 2292
46 33 2292
33 47 2070
47 33 2070
33 48 720
48 33 720
33 49 289
49 33 289
34 35 3518
35 34 3518
34 36 2602
36 34 2602
34 37 939
37 34 939
34 38 3382
38 34 3382
34 39 3228
39 34 3228
34 40 3026
40 34 3026
34 41 3112
41 34 3112
34 42 724
42 34 724
34 43 2033
43 34 2033
34 44 1393
44 34 1393
34 45 2664
45 34 2664
34 46 1506
46 34 1506
34 47 3643
47 34 3643
34 48 1312
48 34 1312
34 49 1428
49 34 1428
35 36 2742
36 35 2742
35 37 706
37 35 706
35 38 845
38 35 845
35 39 1184
39 35 1184
35 40 2424
40 35 2424
35 41 2472
41 35 2472
35 42 2882
42 35 2882
35 43 3526
43 35 3526
35 44 2761
44 35 2761
35 45 844
45 35 844
35 46 2660
46 35 2660
35 47 344
47 35 344
35 48 1903
48 35 1903
35 49 2884
49 35 2884
36 37 783
37 36 783
36 38 1711
38 36 1711
36 39 421
39 36 421
36 40 3157
40 36 3157
36 41 3669
41 36 3669
36 42 2373
42 36 2373
36 43 519
43 36 519
36 44 1035
44 36 1035
36 45 1534
45 36 1534
36 46 1540
46 36 1540
36 47 3396
47 36 3396
36 48 3550
48 36 3550
36 49 500
49 36 500
37 38 2499
38 37 2499
37 39 2545
39 37 2545
37 40 2445
40 37 2445
37 41 2917
41 37 2917
37 42 110
42 37 110
37 43 1756
43 37 1756
37 44 1073
44 37 1073
37 45 2117
45 37 2117
37 46 2323
46 37 2323
37 47 3206
47 37 3206
37 48 2525
48 37 2525
37 49 1121
49 37 1121
38 39 2508
39 38 2508
38 40 1149
40 38 1149
38 41 1832
41 38 1832
38 42 886
42 38 886
38 43 432
43 38 432
38 44 226
44 38 226
38 45 2522
45 38 2522
38 46 735
46 38 735
38 47 3640
47 38 3640
38 48 2779
48 38 2779
38 49 906
49 38 906
39 40 436
40 39 436
39 41 161
41 39 161
39 42 3669
42 39 3669
39 43 1753
43 39 1753
39 44 1226
44 39 1226
39 45 687
45 39 687
39 46 806
46 39 806
39 47 366
47 39 366
39 48 2652
48 39 2652
39 49 896
49 39 896
40 41 3207
41 40 3207
40 42 55
42 40 55
40 43 3415
43 40 3415
40 44 1056
44 40 1056
40 45 525
45 40 525
40 46 2644
46 40 2644
40 47 2748
47 40 2748
40 48 1992
48 40 1992
40 49 2046
49 40 2046
41 42 1577
42 41 1577
41 43 2963
43 41 2963
41 44 1799
44 41 1799
41 45 784
45 41 784
41 46 970
46 41 970
41 47 886
47 41 886
41 48 1386
48 41 1386
41 49 1693
49 41 1693
42 43 1469
43 42 1469
42 44 2299
44 42 2299
42 45 3641
45 42 3641
42 46 2478
46 42 2478
42 47 775
47 42 775
42 48 1014
48 42 1014
42 49 1346
49 42 1346
43 44 2391
44 43 2391
43 45 3238
45 43 3238
43 46 130
46 43 130
43 47 2938
47 43 2938
43 48 840
48 43 840
43 49 2398
49 43 2398
44 45 276
45 44 276
44 46 1124
46 44 1124
44 47 3372
47 44 3372
44 48 3435
48 44 3435
44 49 3207
49 44 3207
45 46 2598
46 45 2598
45 47 795
47 45 795
45 48 482
48 45 482
45 49 1062
49 45 1062
46 47 3543
47 46 3543
46 48 2480
48 46 2480
46 49 273
49 46 273
47 48 2356
48 47 2356
47 49 40
49 47 40
48 49 1277
49 48 1277
