10 90 1
0 1 118
1 0 118
0 2 84
2 0 84
0 3 74
3 0 74
0 4 63
4 0 63
0 5 52
5 0 52
0 6 134
6 0 134
0 7 110
7 0 110
0 8 108
8 0 108
0 9 109
9 0 109
1 2 60
2 1 60
1 3 49
3 1 49
1 4 123
4 1 123
1 5 5
5 1 5
1 6 55
6 1 55
1 7 43
7 1 43
1 8 37
8 1 37
1 9 51
9 1 51
2 3 10
3 2 10
2 4 103
4 2 103
2 5 95
5 2 95
2 6 116
6 2 116
2 7 100
7 2 100
2 8 23
8 2 23
2 9 11
9 2 11
3 4 36
4 3 36
3 5 27
5 3 27
3 6 128
6 3 128
3 7 104
7 3 104
3 8 81
8 3 81
3 9 44
9 3 44
4 5 66
5 4 66
4 6 13
6 4 13
4 7 2
7 4 2
4 8 122
8 4 122
4 9 27
9 4 27
5 6 37
6 5 37
5 7 82
7 5 82
5 8 81
8 5 81
5 9 115
9 5 115
6 7 10
7 6 10
6 8 51
8 6 51
6 9 18
9 6 18
7 8 68
8 7 68
7 9 110
9 7 110
8 9 81
9 8 81
