10 66 3
0 1 52
1 0 52
0 3 67
3 0 67
0 4 42
4 0 42
0 5 45
5 0 45
0 7 89
7 0 89
1 2 75
2 1 75
1 3 15
3 1 15
1 6 95
6 1 95
1 8 6
8 1 6
1 9 79
9 1 79
2 3 25
3 2 25
2 4 73
4 2 73
2 5 51
5 2 51
2 6 71
6 2 71
2 7 95
7 2 95
2 9 28
9 2 28
3 5 64
5 3 64
3 6 94
6 3 94
3 7 12
7 3 12
3 8 87
8 3 87
4 5 9
5 4 9
4 6 33
6 4 33
4 7 82
7 4 82
4 8 87
8 4 87
4 9 84
9 4 84
5 6 80
6 5 80
5 7 64
7 5 64
5 8 22
8 5 22
5 9 37
9 5 37
6 7 65
7 6 65
6 9 25
9 6 25
7 8 18
8 7 18
7 9 35
9 7 35
