50 612 47
0 48 723
48 0 723
0 49 332
49 0 332
0 11 362
11 0 362
0 36 444
36 0 444
0 22 625
22 0 625
0 32 798
32 0 798
0 41 4
41 0 4
0 26 59
26 0 59
0 27 146
27 0 146
0 28 406
28 0 406
0 29 832
29 0 832
1 17 183
17 1 183
1 18 755
18 1 755
1 20 867
20 1 867
1 37 799
37 1 799
1 38 916
38 1 916
1 33 367
33 1 367
1 8 712
8 1 712
1 44 399
44 1 399
1 12 666
12 1 666
1 4 399
4 1 399
2 33 240
33 2 240
2 3 428
3 2 428
2 17 554
17 2 554
2 10 157
10 2 157
2 28 36
28 2 36
2 13 509
13 2 509
2 29 26
29 2 26
3 32 635
32 3 635
3 16 634
16 3 634
3 11 491
11 3 491
3 36 759
36 3 759
3 9 280
9 3 280
3 10 334
10 3 334
3 43 805
43 3 805
3 12 376
12 3 376
3 18 417
18 3 417
3 20 585
20 3 585
4 33 137
33 4 137
4 5 341
5 4 341
4 43 139
43 4 139
4 37 809
37 4 809
4 6 794
6 4 794
4 7 713
7 4 713
4 40 311
40 4 311
4 42 480
42 4 480
4 11 776
11 4 776
4 12 671
12 4 671
4 45 490
45 4 490
4 14 704
14 4 704
4 17 718
17 4 718
4 28 835
28 4 835
4 29 437
29 4 437
4 31 626
31 4 626
5 36 35
36 5 35
5 38 196
38 5 196
5 40 118
40 5 118
5 9 589
9 5 589
5 44 443
44 5 443
5 14 519
14 5 519
5 47 38
47 5 38
5 19 210
19 5 210
5 20 791
20 5 791
5 46 341
46 5 341
5 27 82
27 5 82
5 29 425
29 5 425
5 30 852
30 5 852
6 16 447
16 6 447
6 33 754
33 6 754
6 43 264
43 6 264
6 23 607
23 6 607
6 47 21
47 6 21
6 10 268
10 6 268
6 27 744
27 6 744
6 36 22
36 6 22
6 46 419
46 6 419
6 31 696
31 6 696
7 18 19
18 7 19
7 11 502
11 7 502
7 22 885
22 7 885
7 38 51
38 7 51
7 23 454
23 7 454
7 24 279
24 7 279
7 39 298
39 7 298
7 28 38
28 7 38
8 16 430
16 8 430
8 18 195
18 8 195
8 24 271
24 8 271
8 43 848
43 8 848
8 28 510
28 8 510
8 29 902
29 8 902
8 46 439
46 8 439
8 47 548
47 8 548
9 27 335
27 9 335
9 17 90
17 9 90
9 35 659
35 9 659
9 39 871
39 9 871
9 11 861
11 9 861
9 12 352
12 9 352
9 14 239
14 9 239
9 43 57
43 9 57
10 19 836
19 10 836
10 21 807
21 10 807
10 24 96
24 10 96
10 28 108
28 10 108
10 22 828
22 10 828
10 27 887
27 10 887
10 44 662
44 10 662
10 13 149
13 10 149
11 33 313
33 11 313
11 34 259
34 11 259
11 49 293
49 11 293
11 18 423
18 11 423
11 22 79
22 11 79
11 24 543
24 11 543
11 25 911
25 11 911
11 27 884
27 11 884
11 28 98
28 11 98
11 29 628
29 11 628
11 30 788
30 11 788
12 33 898
33 12 898
12 45 858
45 12 858
12 38 827
38 12 827
12 40 365
40 12 365
12 39 320
39 12 320
12 13 1
13 12 1
12 47 539
47 12 539
12 19 561
19 12 561
12 20 125
20 12 125
12 26 528
26 12 528
12 15 722
15 12 722
12 30 223
30 12 223
13 32 484
32 13 484
13 33 540
33 13 540
13 38 484
38 13 484
13 39 909
39 13 909
13 43 191
43 13 191
13 14 312
14 13 312
13 47 512
47 13 512
13 49 482
49 13 482
13 46 708
46 13 708
13 24 58
24 13 58
13 26 895
26 13 895
13 21 564
21 13 564
14 32 351
32 14 351
14 34 11
34 14 11
14 39 78
39 14 78
14 41 508
41 14 508
14 42 294
42 14 294
14 44 48
44 14 48
14 15 797
15 14 797
14 16 829
16 14 829
14 17 98
17 14 98
14 19 195
19 14 195
14 21 875
21 14 875
14 25 522
25 14 522
14 27 878
27 14 878
15 34 485
34 15 485
15 35 365
35 15 365
15 36 569
36 15 569
15 38 94
38 15 94
15 39 891
39 15 891
15 44 485
44 15 485
15 42 656
42 15 656
15 43 241
43 15 241
15 46 641
46 15 641
15 16 104
16 15 104
15 17 36
17 15 36
15 25 66
25 15 66
15 26 693
26 15 693
15 28 449
28 15 449
16 19 386
19 16 386
16 20 83
20 16 83
16 25 250
25 16 250
16 28 630
28 16 630
17 39 401
39 17 401
17 46 832
46 17 832
17 44 523
44 17 523
17 21 349
21 17 349
17 25 316
25 17 316
17 28 517
28 17 517
17 30 519
30 17 519
18 34 894
34 18 894
18 36 900
36 18 900
18 37 249
37 18 249
18 39 900
39 18 900
18 44 393
44 18 393
18 46 265
46 18 265
18 47 260
47 18 260
18 49 617
49 18 617
18 20 666
20 18 666
18 22 90
22 18 90
18 25 684
25 18 684
19 33 582
33 19 582
19 39 618
39 19 618
19 40 264
40 19 264
19 44 763
44 19 763
19 43 316
43 19 316
19 49 47
49 19 47
19 22 137
22 19 137
19 24 151
24 19 151
19 27 662
27 19 662
19 28 173
28 19 173
19 31 278
31 19 278
20 38 669
38 20 669
20 48 741
48 20 741
20 44 614
44 20 614
20 45 65
45 20 65
20 47 738
47 20 738
20 24 258
24 20 258
20 25 764
25 20 764
20 31 115
31 20 115
21 34 61
34 21 61
21 37 648
37 21 648
21 38 157
38 21 157
21 39 246
39 21 246
21 44 156
44 21 156
21 47 157
47 21 157
21 46 836
46 21 836
21 29 53
29 21 53
22 32 451
32 22 451
22 43 910
43 22 910
22 38 191
38 22 191
22 39 46
39 22 46
22 24 220
24 22 220
22 27 367
27 22 367
22 42 608
42 22 608
23 48 798
48 23 798
23 40 350
40 23 350
23 24 853
24 23 853
23 28 362
28 23 362
24 33 157
33 24 157
24 39 695
39 24 695
24 43 49
43 24 49
24 49 327
49 24 327
24 31 579
31 24 579
25 36 257
36 25 257
25 28 822
28 25 822
25 46 804
46 25 804
26 32 688
32 26 688
26 35 440
35 26 440
26 40 507
40 26 507
26 41 818
41 26 818
26 43 283
43 26 283
26 44 652
44 26 652
26 46 88
46 26 88
27 30 800
30 27 800
27 46 322
46 27 322
28 40 648
40 28 648
28 43 477
43 28 477
28 36 802
36 28 802
28 30 540
30 28 540
29 33 788
33 29 788
29 32 281
32 29 281
29 42 232
42 29 232
29 34 70
34 29 70
29 31 481
31 29 481
30 48 265
48 30 265
30 36 14
36 30 14
30 39 708
39 30 708
31 49 478
49 31 478
31 34 638
34 31 638
31 44 126
44 31 126
32 42 479
42 32 479
32 34 877
34 32 877
32 46 769
46 32 769
32 43 229
43 32 229
33 38 213
38 33 213
33 40 291
40 33 291
33 45 184
45 33 184
33 48 237
48 33 237
34 43 70
43 34 70
34 40 611
40 34 611
34 42 377
42 34 377
34 44 817
44 34 817
34 48 404
48 34 404
35 48 228
48 35 228
35 37 123
37 35 123
35 40 66
40 35 66
35 44 93
44 35 93
36 39 306
39 36 306
36 43 487
43 36 487
36 44 408
44 36 408
37 39 586
39 37 586
37 41 314
41 37 314
37 43 243
43 37 243
37 45 330
45 37 330
37 47 299
47 37 299
38 41 365
41 38 365
38 46 257
46 38 257
38 49 720
49 38 720
38 47 839
47 38 839
39 45 303
45 39 303
39 44 50
44 39 50
40 43 860
43 40 860
40 45 332
45 40 332
40 48 533
48 40 533
40 49 605
49 40 605
41 49 548
49 41 548
42 49 474
49 42 474
42 47 468
47 42 468
42 45 912
45 42 912
44 48 784
48 44 784
44 49 528
49 44 528
45 48 776
48 45 776
45 46 214
46 45 214
