20 380 18
0 1 351
1 0 351
0 2 491
2 0 491
0 3 5
3 0 5
0 4 433
4 0 433
0 5 26
5 0 26
0 6 262
6 0 262
0 7 130
7 0 130
0 8 385
8 0 385
0 9 448
9 0 448
0 10 549
10 0 549
0 11 383
11 0 383
0 12 361
12 0 361
0 13 331
13 0 331
0 14 548
14 0 548
0 15 65
15 0 65
0 16 551
16 0 551
0 17 562
17 0 562
0 18 294
18 0 294
0 19 206
19 0 206
1 2 217
2 1 217
1 3 93
3 1 93
1 4 418
4 1 418
1 5 425
5 1 425
1 6 250
6 1 250
1 7 26
7 1 26
1 8 302
8 1 302
1 9 479
9 1 479
1 10 62
10 1 62
1 11 307
11 1 307
1 12 224
12 1 224
1 13 325
13 1 325
1 14 108
14 1 108
1 15 95
15 1 95
1 16 113
16 1 113
1 17 219
17 1 219
1 18 237
18 1 237
1 19 288
19 1 288
2 3 231
3 2 231
2 4 343
4 2 343
2 5 53
5 2 53
2 6 74
6 2 74
2 7 534
7 2 534
2 8 160
8 2 160
2 9 288
9 2 288
2 10 152
10 2 152
2 11 312
11 2 312
2 12 174
12 2 174
2 13 485
13 2 485
2 14 269
14 2 269
2 15 53
15 2 53
2 16 32
16 2 32
2 17 55
17 2 55
2 18 114
18 2 114
2 19 268
19 2 268
3 4 156
4 3 156
3 5 29
5 3 29
3 6 172
6 3 172
3 7 329
7 3 329
3 8 85
8 3 85
3 9 265
9 3 265
3 10 359
10 3 359
3 11 425
11 3 425
3 12 103
12 3 103
3 13 561
13 3 561
3 14 241
14 3 241
3 15 215
15 3 215
3 16 98
16 3 98
3 17 350
17 3 350
3 18 525
18 3 525
3 19 137
19 3 137
4 5 245
5 4 245
4 6 109
6 4 109
4 7 8
7 4 8
4 8 33
8 4 33
4 9 132
9 4 132
4 10 394
10 4 394
4 11 262
11 4 262
4 12 477
12 4 477
4 13 562
13 4 562
4 14 401
14 4 401
4 15 145
15 4 145
4 16 320
16 4 320
4 17 113
17 4 113
4 18 404
18 4 404
4 19 455
19 4 455
5 6 116
6 5 116
5 7 391
7 5 391
5 8 311
8 5 311
5 9 340
9 5 340
5 10 238
10 5 238
5 11 21
11 5 21
5 12 482
12 5 482
5 13 72
13 5 72
5 14 156
14 5 156
5 15 42
15 5 42
5 16 134
16 5 134
5 17 453
17 5 453
5 18 34
18 5 34
5 19 524
19 5 524
6 7 153
7 6 153
6 8 417
8 6 417
6 9 165
9 6 165
6 10 6
10 6 6
6 11 482
11 6 482
6 12 324
12 6 324
6 13 108
13 6 108
6 14 379
14 6 379
6 15 351
15 6 351
6 16 536
16 6 536
6 17 10
17 6 10
6 18 315
18 6 315
6 19 497
19 6 497
7 8 363
8 7 363
7 9 180
9 7 180
7 10 405
10 7 405
7 11 498
11 7 498
7 12 331
12 7 331
7 13 63
13 7 63
7 14 114
14 7 114
7 15 250
15 7 250
7 16 165
16 7 165
7 17 165
17 7 165
7 18 149
18 7 149
7 19 419
19 7 419
8 9 172
9 8 172
8 10 90
10 8 90
8 11 201
11 8 201
8 12 47
12 8 47
8 13 307
13 8 307
8 14 401
14 8 401
8 15 139
15 8 139
8 16 263
16 8 263
8 17 315
17 8 315
8 18 172
18 8 172
8 19 213
19 8 213
9 10 287
10 9 287
9 11 471
11 9 471
9 12 502
12 9 502
9 13 553
13 9 553
9 14 237
14 9 237
9 15 497
15 9 497
9 16 247
16 9 247
9 17 426
17 9 426
9 18 188
18 9 188
9 19 172
19 9 172
10 11 25
11 10 25
10 12 453
12 10 453
10 13 239
13 10 239
10 14 22
14 10 22
10 15 21
15 10 21
10 16 290
16 10 290
10 17 39
17 10 39
10 18 197
18 10 197
10 19 532
19 10 532
11 12 408
12 11 408
11 13 79
13 11 79
11 14 251
14 11 251
11 15 552
15 11 552
11 16 22
16 11 22
11 17 482
17 11 482
11 18 69
18 11 69
11 19 353
19 11 353
12 13 136
13 12 136
12 14 387
14 12 387
12 15 499
15 12 499
12 16 317
16 12 317
12 17 241
17 12 241
12 18 513
18 12 513
12 19 196
19 12 196
13 14 217
14 13 217
13 15 527
15 13 527
13 16 224
16 13 224
13 17 411
17 13 411
13 18 240
18 13 240
13 19 315
19 13 315
14 15 312
15 14 312
14 16 30
16 14 30
14 17 368
17 14 368
14 18 492
18 14 492
14 19 1
19 14 1
15 16 146
16 15 146
15 17 378
17 15 378
15 18 483
18 15 483
15 19 94
19 15 94
16 17 110
17 16 110
16 18 410
18 16 410
16 19 461
19 16 461
17 18 171
18 17 171
17 19 320
19 17 320
18 19 437
19 18 437
