10 44 9
0 1 25
1 0 25
0 2 33
2 0 33
0 3 57
3 0 57
0 4 34
4 0 34
0 7 52
7 0 52
0 8 17
8 0 17
1 2 27
2 1 27
1 3 62
3 1 62
1 6 65
6 1 65
2 4 17
4 2 17
2 5 44
5 2 44
2 8 23
8 2 23
2 9 18
9 2 18
3 6 12
6 3 12
3 7 55
7 3 55
4 9 57
9 4 57
4 6 52
6 4 52
4 7 26
7 4 26
5 8 13
8 5 13
5 9 25
9 5 25
6 8 38
8 6 38
8 9 57
9 8 57
