100 9900 65
0 1 7846
1 0 7846
0 2 13606
2 0 13606
0 3 8642
3 0 8642
0 4 13253
4 0 13253
0 5 2450
5 0 2450
0 6 13009
6 0 13009
0 7 12752
7 0 12752
0 8 717
8 0 717
0 9 13772
9 0 13772
0 10 8558
10 0 8558
0 11 10059
11 0 10059
0 12 6267
12 0 6267
0 13 815
13 0 815
0 14 7017
14 0 7017
0 15 4109
15 0 4109
0 16 6083
16 0 6083
0 17 534
17 0 534
0 18 14607
18 0 14607
0 19 5674
19 0 5674
0 20 11230
20 0 11230
0 21 13650
21 0 13650
0 22 2917
22 0 2917
0 23 10739
23 0 10739
0 24 11879
24 0 11879
0 25 5572
25 0 5572
0 26 8572
26 0 8572
0 27 13021
27 0 13021
0 28 10881
28 0 10881
0 29 2102
29 0 2102
0 30 4932
30 0 4932
0 31 7826
31 0 7826
0 32 5839
32 0 5839
0 33 9750
33 0 9750
0 34 12920
34 0 12920
0 35 3117
35 0 3117
0 36 7718
36 0 7718
0 37 4599
37 0 4599
0 38 11933
38 0 11933
0 39 11932
39 0 11932
0 40 3130
40 0 3130
0 41 3923
41 0 3923
0 42 167
42 0 167
0 43 3147
43 0 3147
0 44 9056
44 0 9056
0 45 14829
45 0 14829
0 46 7004
46 0 7004
0 47 10091
47 0 10091
0 48 4793
48 0 4793
0 49 4528
49 0 4528
0 50 3456
50 0 3456
0 51 4825
51 0 4825
0 52 8365
52 0 8365
0 53 5638
53 0 5638
0 54 11546
54 0 11546
0 55 4492
55 0 4492
0 56 7295
56 0 7295
0 57 11099
57 0 11099
0 58 5158
58 0 5158
0 59 8982
59 0 8982
0 60 666
60 0 666
0 61 7245
61 0 7245
0 62 5892
62 0 5892
0 63 11921
63 0 11921
0 64 3662
64 0 3662
0 65 14014
65 0 14014
0 66 9591
66 0 9591
0 67 3755
67 0 3755
0 68 993
68 0 993
0 69 5799
69 0 5799
0 70 2885
70 0 2885
0 71 88
71 0 88
0 72 7846
72 0 7846
0 73 1201
73 0 1201
0 74 7874
74 0 7874
0 75 9542
75 0 9542
0 76 5610
76 0 5610
0 77 9199
77 0 9199
0 78 13894
78 0 13894
0 79 4628
79 0 4628
0 80 12847
80 0 12847
0 81 2572
81 0 2572
0 82 9255
82 0 9255
0 83 7151
83 0 7151
0 84 10453
84 0 10453
0 85 3086
85 0 3086
0 86 12630
86 0 12630
0 87 12480
87 0 12480
0 88 11143
88 0 11143
0 89 6051
89 0 6051
0 90 11830
90 0 11830
0 91 3098
91 0 3098
0 92 10551
92 0 10551
0 93 347
93 0 347
0 94 2861
94 0 2861
0 95 2397
95 0 2397
0 96 565
96 0 565
0 97 712
97 0 712
0 98 5055
98 0 5055
0 99 7970
99 0 7970
1 2 8302
2 1 8302
1 3 1294
3 1 1294
1 4 2301
4 1 2301
1 5 9947
5 1 9947
1 6 14032
6 1 14032
1 7 7723
7 1 7723
1 8 12735
8 1 12735
1 9 6696
9 1 6696
1 10 13952
10 1 13952
1 11 3202
11 1 3202
1 12 4271
12 1 4271
1 13 8938
13 1 8938
1 14 4909
14 1 4909
1 15 1863
15 1 1863
1 16 1796
16 1 1796
1 17 7167
17 1 7167
1 18 9375
18 1 9375
1 19 2860
19 1 2860
1 20 6900
20 1 6900
1 21 5448
21 1 5448
1 22 91
22 1 91
1 23 1458
23 1 1458
1 24 5279
24 1 5279
1 25 1157
25 1 1157
1 26 7830
26 1 7830
1 27 1405
27 1 1405
1 28 13035
28 1 13035
1 29 7426
29 1 7426
1 30 7110
30 1 7110
1 31 655
31 1 655
1 32 11249
32 1 11249
1 33 7259
33 1 7259
1 34 4169
34 1 4169
1 35 6272
35 1 6272
1 36 10164
36 1 10164
1 37 9377
37 1 9377
1 38 6791
38 1 6791
1 39 1281
39 1 1281
1 40 3983
40 1 3983
1 41 11548
41 1 11548
1 42 8341
42 1 8341
1 43 2995
43 1 2995
1 44 9377
44 1 9377
1 45 8423
45 1 8423
1 46 6741
46 1 6741
1 47 14321
47 1 14321
1 48 9898
48 1 9898
1 49 4591
49 1 4591
1 50 820
50 1 820
1 51 6500
51 1 6500
1 52 13593
52 1 13593
1 53 11584
53 1 11584
1 54 13800
54 1 13800
1 55 11032
55 1 11032
1 56 9588
56 1 9588
1 57 5677
57 1 5677
1 58 454
58 1 454
1 59 7918
59 1 7918
1 60 12905
60 1 12905
1 61 13103
61 1 13103
1 62 13596
62 1 13596
1 63 10852
63 1 10852
1 64 14399
64 1 14399
1 65 9552
65 1 9552
1 66 14839
66 1 14839
1 67 11790
67 1 11790
1 68 1952
68 1 1952
1 69 14456
69 1 14456
1 70 1839
70 1 1839
1 71 3280
71 1 3280
1 72 9052
72 1 9052
1 73 2299
73 1 2299
1 74 7871
74 1 7871
1 75 3027
75 1 3027
1 76 5178
76 1 5178
1 77 4321
77 1 4321
1 78 8583
78 1 8583
1 79 9924
79 1 9924
1 80 6621
80 1 6621
1 81 13798
81 1 13798
1 82 1163
82 1 1163
1 83 4780
83 1 4780
1 84 11657
84 1 11657
1 85 1424
85 1 1424
1 86 3388
86 1 3388
1 87 13039
87 1 13039
1 88 11502
88 1 11502
1 89 13391
89 1 13391
1 90 7498
90 1 7498
1 91 13851
91 1 13851
1 92 6233
92 1 6233
1 93 8663
93 1 8663
1 94 13755
94 1 13755
1 95 14042
95 1 14042
1 96 5079
96 1 5079
1 97 12544
97 1 12544
1 98 12873
98 1 12873
1 99 5510
99 1 5510
2 3 3844
3 2 3844
2 4 268
4 2 268
2 5 1571
5 2 1571
2 6 2879
6 2 2879
2 7 3735
7 2 3735
2 8 7452
8 2 7452
2 9 1696
9 2 1696
2 10 1454
10 2 1454
2 11 8997
11 2 8997
2 12 1700
12 2 1700
2 13 9757
13 2 9757
2 14 7725
14 2 7725
2 15 2886
15 2 2886
2 16 12494
16 2 12494
2 17 4432
17 2 4432
2 18 12579
18 2 12579
2 19 914
19 2 914
2 20 14520
20 2 14520
2 21 7600
21 2 7600
2 22 525
22 2 525
2 23 13361
23 2 13361
2 24 14462
24 2 14462
2 25 11781
25 2 11781
2 26 5379
26 2 5379
2 27 12175
27 2 12175
2 28 10327
28 2 10327
2 29 8668
29 2 8668
2 30 13531
30 2 13531
2 31 7443
31 2 7443
2 32 3518
32 2 3518
2 33 4776
33 2 4776
2 34 13017
34 2 13017
2 35 10762
35 2 10762
2 36 14100
36 2 14100
2 37 768
37 2 768
2 38 587
38 2 587
2 39 2844
39 2 2844
2 40 13613
40 2 13613
2 41 7307
41 2 7307
2 42 6137
42 2 6137
2 43 977
43 2 977
2 44 2026
44 2 2026
2 45 517
45 2 517
2 46 974
46 2 974
2 47 9231
47 2 9231
2 48 2625
48 2 2625
2 49 5243
49 2 5243
2 50 1550
50 2 1550
2 51 7214
51 2 7214
2 52 6849
52 2 6849
2 53 12076
53 2 12076
2 54 7341
54 2 7341
2 55 5132
55 2 5132
2 56 8375
56 2 8375
2 57 6602
57 2 6602
2 58 7847
58 2 7847
2 59 7310
59 2 7310
2 60 2149
60 2 2149
2 61 14472
61 2 14472
2 62 6432
62 2 6432
2 63 955
63 2 955
2 64 12894
64 2 12894
2 65 2950
65 2 2950
2 66 3178
66 2 3178
2 67 12685
67 2 12685
2 68 1719
68 2 1719
2 69 1567
69 2 1567
2 70 8078
70 2 8078
2 71 10014
71 2 10014
2 72 4407
72 2 4407
2 73 2421
73 2 2421
2 74 8112
74 2 8112
2 75 8665
75 2 8665
2 76 7566
76 2 7566
2 77 12864
77 2 12864
2 78 13040
78 2 13040
2 79 10148
79 2 10148
2 80 3787
80 2 3787
2 81 661
81 2 661
2 82 3627
82 2 3627
2 83 1748
83 2 1748
2 84 12665
84 2 12665
2 85 14331
85 2 14331
2 86 6509
86 2 6509
2 87 13874
87 2 13874
2 88 9107
88 2 9107
2 89 13298
89 2 13298
2 90 12251
90 2 12251
2 91 12968
91 2 12968
2 92 6116
92 2 6116
2 93 1878
93 2 1878
2 94 12531
94 2 12531
2 95 13225
95 2 13225
2 96 12570
96 2 12570
2 97 9931
97 2 9931
2 98 6678
98 2 6678
2 99 10295
99 2 10295
3 4 8432
4 3 8432
3 5 6853
5 3 6853
3 6 11201
6 3 11201
3 7 3928
7 3 3928
3 8 8532
8 3 8532
3 9 111
9 3 111
3 10 12749
10 3 12749
3 11 8567
11 3 8567
3 12 14019
12 3 14019
3 13 10308
13 3 10308
3 14 14126
14 3 14126
3 15 3937
15 3 3937
3 16 7891
16 3 7891
3 17 3354
17 3 3354
3 18 12766
18 3 12766
3 19 14168
19 3 14168
3 20 8830
20 3 8830
3 21 8384
21 3 8384
3 22 8471
22 3 8471
3 23 1763
23 3 1763
3 24 9236
24 3 9236
3 25 3118
25 3 3118
3 26 7443
26 3 7443
3 27 3666
27 3 3666
3 28 7908
28 3 7908
3 29 13914
29 3 13914
3 30 11217
30 3 11217
3 31 13103
31 3 13103
3 32 10149
32 3 10149
3 33 12420
33 3 12420
3 34 6411
34 3 6411
3 35 13273
35 3 13273
3 36 1965
36 3 1965
3 37 12780
37 3 12780
3 38 12099
38 3 12099
3 39 362
39 3 362
3 40 11484
40 3 11484
3 41 5021
41 3 5021
3 42 6890
42 3 6890
3 43 6518
43 3 6518
3 44 13274
44 3 13274
3 45 13731
45 3 13731
3 46 13343
46 3 13343
3 47 7316
47 3 7316
3 48 8057
48 3 8057
3 49 9262
49 3 9262
3 50 11028
50 3 11028
3 51 8733
51 3 8733
3 52 10586
52 3 10586
3 53 8178
53 3 8178
3 54 2040
54 3 2040
3 55 96
55 3 96
3 56 14394
56 3 14394
3 57 1479
57 3 1479
3 58 6542
58 3 6542
3 59 971
59 3 971
3 60 2951
60 3 2951
3 61 14117
61 3 14117
3 62 806
62 3 806
3 63 2343
63 3 2343
3 64 8185
64 3 8185
3 65 8119
65 3 8119
3 66 8602
66 3 8602
3 67 3255
67 3 3255
3 68 11698
68 3 11698
3 69 5933
69 3 5933
3 70 2486
70 3 2486
3 71 9009
71 3 9009
3 72 10521
72 3 10521
3 73 10166
73 3 10166
3 74 9996
74 3 9996
3 75 5495
75 3 5495
3 76 13184
76 3 13184
3 77 2848
77 3 2848
3 78 12711
78 3 12711
3 79 11106
79 3 11106
3 80 7922
80 3 7922
3 81 3977
81 3 3977
3 82 10497
82 3 10497
3 83 14171
83 3 14171
3 84 9215
84 3 9215
3 85 12067
85 3 12067
3 86 5618
86 3 5618
3 87 728
87 3 728
3 88 7805
88 3 7805
3 89 14807
89 3 14807
3 90 14199
90 3 14199
3 91 11134
91 3 11134
3 92 478
92 3 478
3 93 11283
93 3 11283
3 94 6682
94 3 6682
3 95 5775
95 3 5775
3 96 5155
96 3 5155
3 97 9641
97 3 9641
3 98 6788
98 3 6788
3 99 960
99 3 960
4 5 7696
5 4 7696
4 6 11121
6 4 11121
4 7 11016
7 4 11016
4 8 13298
8 4 13298
4 9 13609
9 4 13609
4 10 4609
10 4 4609
4 11 11136
11 4 11136
4 12 6055
12 4 6055
4 13 4214
13 4 4214
4 14 14790
14 4 14790
4 15 13661
15 4 13661
4 16 6782
16 4 6782
4 17 1732
17 4 1732
4 18 9760
18 4 9760
4 19 9459
19 4 9459
4 20 3613
20 4 3613
4 21 13940
21 4 13940
4 22 1916
22 4 1916
4 23 14646
23 4 14646
4 24 2539
24 4 2539
4 25 1394
25 4 1394
4 26 13896
26 4 13896
4 27 6439
27 4 6439
4 28 13350
28 4 13350
4 29 793
29 4 793
4 30 6496
30 4 6496
4 31 2661
31 4 2661
4 32 526
32 4 526
4 33 14171
33 4 14171
4 34 8689
34 4 8689
4 35 1091
35 4 1091
4 36 4072
36 4 4072
4 37 11060
37 4 11060
4 38 7308
38 4 7308
4 39 11229
39 4 11229
4 40 1228
40 4 1228
4 41 3121
41 4 3121
4 42 13887
42 4 13887
4 43 5384
43 4 5384
4 44 10374
44 4 10374
4 45 7569
45 4 7569
4 46 3016
46 4 3016
4 47 8040
47 4 8040
4 48 7276
48 4 7276
4 49 3029
49 4 3029
4 50 13702
50 4 13702
4 51 9453
51 4 9453
4 52 28
52 4 28
4 53 12753
53 4 12753
4 54 6411
54 4 6411
4 55 11173
55 4 11173
4 56 4808
56 4 4808
4 57 519
57 4 519
4 58 8876
58 4 8876
4 59 12912
59 4 12912
4 60 490
60 4 490
4 61 13482
61 4 13482
4 62 11737
62 4 11737
4 63 8243
63 4 8243
4 64 14560
64 4 14560
4 65 9874
65 4 9874
4 66 12215
66 4 12215
4 67 9200
67 4 9200
4 68 160
68 4 160
4 69 11847
69 4 11847
4 70 12108
70 4 12108
4 71 9306
71 4 9306
4 72 11733
72 4 11733
4 73 5036
73 4 5036
4 74 109
74 4 109
4 75 433
75 4 433
4 76 3484
76 4 3484
4 77 14114
77 4 14114
4 78 2091
78 4 2091
4 79 1758
79 4 1758
4 80 11279
80 4 11279
4 81 7819
81 4 7819
4 82 5230
82 4 5230
4 83 2080
83 4 2080
4 84 2640
84 4 2640
4 85 5055
85 4 5055
4 86 4350
86 4 4350
4 87 8538
87 4 8538
4 88 14358
88 4 14358
4 89 1738
89 4 1738
4 90 3385
90 4 3385
4 91 9911
91 4 9911
4 92 5189
92 4 5189
4 93 10397
93 4 10397
4 94 14182
94 4 14182
4 95 12561
95 4 12561
4 96 6269
96 4 6269
4 97 9160
97 4 9160
4 98 13487
98 4 13487
4 99 12278
99 4 12278
5 6 13226
6 5 13226
5 7 9954
7 5 9954
5 8 1201
8 5 1201
5 9 2162
9 5 2162
5 10 4579
10 5 4579
5 11 7057
11 5 7057
5 12 11546
12 5 11546
5 13 3772
13 5 3772
5 14 13323
14 5 13323
5 15 14329
15 5 14329
5 16 5293
16 5 5293
5 17 754
17 5 754
5 18 9469
18 5 9469
5 19 11908
19 5 11908
5 20 14076
20 5 14076
5 21 10833
21 5 10833
5 22 10271
22 5 10271
5 23 9215
23 5 9215
5 24 936
24 5 936
5 25 5996
25 5 5996
5 26 3680
26 5 3680
5 27 8528
27 5 8528
5 28 4088
28 5 4088
5 29 847
29 5 847
5 30 7751
30 5 7751
5 31 6771
31 5 6771
5 32 5404
32 5 5404
5 33 3543
33 5 3543
5 34 13066
34 5 13066
5 35 3788
35 5 3788
5 36 1465
36 5 1465
5 37 14233
37 5 14233
5 38 7392
38 5 7392
5 39 5831
39 5 5831
5 40 11834
40 5 11834
5 41 8541
41 5 8541
5 42 3384
42 5 3384
5 43 8866
43 5 8866
5 44 6622
44 5 6622
5 45 1452
45 5 1452
5 46 5687
46 5 5687
5 47 3892
47 5 3892
5 48 370
48 5 370
5 49 8595
49 5 8595
5 50 5649
50 5 5649
5 51 6410
51 5 6410
5 52 9619
52 5 9619
5 53 6355
53 5 6355
5 54 11946
54 5 11946
5 55 2851
55 5 2851
5 56 635
56 5 635
5 57 10946
57 5 10946
5 58 2353
58 5 2353
5 59 7244
59 5 7244
5 60 7323
60 5 7323
5 61 9431
61 5 9431
5 62 12639
62 5 12639
5 63 4565
63 5 4565
5 64 12890
64 5 12890
5 65 8928
65 5 8928
5 66 9369
66 5 9369
5 67 2630
67 5 2630
5 68 147
68 5 147
5 69 1703
69 5 1703
5 70 12723
70 5 12723
5 71 9819
71 5 9819
5 72 7244
72 5 7244
5 73 12196
73 5 12196
5 74 5
74 5 5
5 75 11427
75 5 11427
5 76 5756
76 5 5756
5 77 12299
77 5 12299
5 78 9955
78 5 9955
5 79 1662
79 5 1662
5 80 3905
80 5 3905
5 81 2794
81 5 2794
5 82 4667
82 5 4667
5 83 4474
83 5 4474
5 84 5063
84 5 5063
5 85 6318
85 5 6318
5 86 1554
86 5 1554
5 87 8293
87 5 8293
5 88 11638
88 5 11638
5 89 7824
89 5 7824
5 90 7412
90 5 7412
5 91 7358
91 5 7358
5 92 7587
92 5 7587
5 93 11818
93 5 11818
5 94 7440
94 5 7440
5 95 2789
95 5 2789
5 96 11694
96 5 11694
5 97 1363
97 5 1363
5 98 10549
98 5 10549
5 99 11031
99 5 11031
6 7 12579
7 6 12579
6 8 12646
8 6 12646
6 9 5267
9 6 5267
6 10 12271
10 6 12271
6 11 10248
11 6 10248
6 12 8984
12 6 8984
6 13 9032
13 6 9032
6 14 5326
14 6 5326
6 15 12205
15 6 12205
6 16 12778
16 6 12778
6 17 3899
17 6 3899
6 18 2727
18 6 2727
6 19 12838
19 6 12838
6 20 14407
20 6 14407
6 21 12821
21 6 12821
6 22 8265
22 6 8265
6 23 4641
23 6 4641
6 24 3698
24 6 3698
6 25 3711
25 6 3711
6 26 9937
26 6 9937
6 27 13519
27 6 13519
6 28 10680
28 6 10680
6 29 5690
29 6 5690
6 30 4210
30 6 4210
6 31 1643
31 6 1643
6 32 11599
32 6 11599
6 33 3800
33 6 3800
6 34 2485
34 6 2485
6 35 7358
35 6 7358
6 36 8770
36 6 8770
6 37 12934
37 6 12934
6 38 5130
38 6 5130
6 39 2333
39 6 2333
6 40 1719
40 6 1719
6 41 5609
41 6 5609
6 42 4481
42 6 4481
6 43 13865
43 6 13865
6 44 13624
44 6 13624
6 45 9282
45 6 9282
6 46 9056
46 6 9056
6 47 5162
47 6 5162
6 48 7550
48 6 7550
6 49 11803
49 6 11803
6 50 14514
50 6 14514
6 51 12309
51 6 12309
6 52 14251
52 6 14251
6 53 12150
53 6 12150
6 54 10440
54 6 10440
6 55 12622
55 6 12622
6 56 13619
56 6 13619
6 57 7231
57 6 7231
6 58 1316
58 6 1316
6 59 12268
59 6 12268
6 60 14088
60 6 14088
6 61 12455
61 6 12455
6 62 1291
62 6 1291
6 63 11931
63 6 11931
6 64 11749
64 6 11749
6 65 4852
65 6 4852
6 66 8880
66 6 8880
6 67 7492
67 6 7492
6 68 588
68 6 588
6 69 1271
69 6 1271
6 70 11085
70 6 11085
6 71 1848
71 6 1848
6 72 1839
72 6 1839
6 73 7584
73 6 7584
6 74 5824
74 6 5824
6 75 14550
75 6 14550
6 76 8403
76 6 8403
6 77 13915
77 6 13915
6 78 10484
78 6 10484
6 79 14376
79 6 14376
6 80 6448
80 6 6448
6 81 14022
81 6 14022
6 82 3646
82 6 3646
6 83 3963
83 6 3963
6 84 5901
84 6 5901
6 85 13037
85 6 13037
6 86 8799
86 6 8799
6 87 10828
87 6 10828
6 88 2515
88 6 2515
6 89 6593
89 6 6593
6 90 3502
90 6 3502
6 91 8133
91 6 8133
6 92 11161
92 6 11161
6 93 12917
93 6 12917
6 94 13715
94 6 13715
6 95 2364
95 6 2364
6 96 12861
96 6 12861
6 97 9783
97 6 9783
6 98 359
98 6 359
6 99 2790
99 6 2790
7 8 758
8 7 758
7 9 6375
9 7 6375
7 10 8993
10 7 8993
7 11 7856
11 7 7856
7 12 2793
12 7 2793
7 13 6135
13 7 6135
7 14 2271
14 7 2271
7 15 6206
15 7 6206
7 16 2720
16 7 2720
7 17 4408
17 7 4408
7 18 13242
18 7 13242
7 19 1826
19 7 1826
7 20 4021
20 7 4021
7 21 5897
21 7 5897
7 22 14808
22 7 14808
7 23 6131
23 7 6131
7 24 8506
24 7 8506
7 25 14704
25 7 14704
7 26 14460
26 7 14460
7 27 6895
27 7 6895
7 28 12323
28 7 12323
7 29 11855
29 7 11855
7 30 385
30 7 385
7 31 14842
31 7 14842
7 32 14524
32 7 14524
7 33 10066
33 7 10066
7 34 7671
34 7 7671
7 35 2985
35 7 2985
7 36 8417
36 7 8417
7 37 6885
37 7 6885
7 38 3342
38 7 3342
7 39 13727
39 7 13727
7 40 12633
40 7 12633
7 41 10237
41 7 10237
7 42 6679
42 7 6679
7 43 2283
43 7 2283
7 44 11423
44 7 11423
7 45 1658
45 7 1658
7 46 3619
46 7 3619
7 47 9661
47 7 9661
7 48 1038
48 7 1038
7 49 8892
49 7 8892
7 50 1702
50 7 1702
7 51 6507
51 7 6507
7 52 4858
52 7 4858
7 53 13734
53 7 13734
7 54 6463
54 7 6463
7 55 12306
55 7 12306
7 56 10903
56 7 10903
7 57 5068
57 7 5068
7 58 4915
58 7 4915
7 59 5717
59 7 5717
7 60 9504
60 7 9504
7 61 2167
61 7 2167
7 62 5604
62 7 5604
7 63 11351
63 7 11351
7 64 11296
64 7 11296
7 65 6443
65 7 6443
7 66 11174
66 7 11174
7 67 2267
67 7 2267
7 68 12662
68 7 12662
7 69 8857
69 7 8857
7 70 9945
70 7 9945
7 71 14543
71 7 14543
7 72 1649
72 7 1649
7 73 13055
73 7 13055
7 74 8465
74 7 8465
7 75 3422
75 7 3422
7 76 10866
76 7 10866
7 77 8506
77 7 8506
7 78 11177
78 7 11177
7 79 4241
79 7 4241
7 80 579
80 7 579
7 81 2335
81 7 2335
7 82 3506
82 7 3506
7 83 8375
83 7 8375
7 84 8442
84 7 8442
7 85 12977
85 7 12977
7 86 5317
86 7 5317
7 87 3373
87 7 3373
7 88 9477
88 7 9477
7 89 4084
89 7 4084
7 90 13893
90 7 13893
7 91 2266
91 7 2266
7 92 6320
92 7 6320
7 93 14699
93 7 14699
7 94 11523
94 7 11523
7 95 13980
95 7 13980
7 96 6295
96 7 6295
7 97 7577
97 7 7577
7 98 9394
98 7 9394
7 99 1172
99 7 1172
8 9 6217
9 8 6217
8 10 9702
10 8 9702
8 11 13446
11 8 13446
8 12 9673
12 8 9673
8 13 755
13 8 755
8 14 1171
14 8 1171
8 15 5702
15 8 5702
8 16 548
16 8 548
8 17 14629
17 8 14629
8 18 2275
18 8 2275
8 19 1653
19 8 1653
8 20 13097
20 8 13097
8 21 7722
21 8 7722
8 22 4326
22 8 4326
8 23 3914
23 8 3914
8 24 7451
24 8 7451
8 25 5204
25 8 5204
8 26 1224
26 8 1224
8 27 2706
27 8 2706
8 28 1122
28 8 1122
8 29 3764
29 8 3764
8 30 4411
30 8 4411
8 31 4834
31 8 4834
8 32 10296
32 8 10296
8 33 1820
33 8 1820
8 34 10715
34 8 10715
8 35 13047
35 8 13047
8 36 9480
36 8 9480
8 37 2826
37 8 2826
8 38 11226
38 8 11226
8 39 7315
39 8 7315
8 40 2126
40 8 2126
8 41 13199
41 8 13199
8 42 9535
42 8 9535
8 43 10194
43 8 10194
8 44 9424
44 8 9424
8 45 11832
45 8 11832
8 46 14196
46 8 14196
8 47 7109
47 8 7109
8 48 6365
48 8 6365
8 49 3275
49 8 3275
8 50 13117
50 8 13117
8 51 10111
51 8 10111
8 52 4950
52 8 4950
8 53 12355
53 8 12355
8 54 5409
54 8 5409
8 55 6506
55 8 6506
8 56 10755
56 8 10755
8 57 1484
57 8 1484
8 58 9026
58 8 9026
8 59 6252
59 8 6252
8 60 9237
60 8 9237
8 61 7982
61 8 7982
8 62 12043
62 8 12043
8 63 10048
63 8 10048
8 64 4926
64 8 4926
8 65 9923
65 8 9923
8 66 14315
66 8 14315
8 67 2230
67 8 2230
8 68 14116
68 8 14116
8 69 14399
69 8 14399
8 70 828
70 8 828
8 71 12579
71 8 12579
8 72 393
72 8 393
8 73 12415
73 8 12415
8 74 10166
74 8 10166
8 75 9220
75 8 9220
8 76 738
76 8 738
8 77 12813
77 8 12813
8 78 10503
78 8 10503
8 79 6516
79 8 6516
8 80 7490
80 8 7490
8 81 9633
81 8 9633
8 82 4085
82 8 4085
8 83 5199
83 8 5199
8 84 11171
84 8 11171
8 85 3649
85 8 3649
8 86 7199
86 8 7199
8 87 2169
87 8 2169
8 88 6098
88 8 6098
8 89 3925
89 8 3925
8 90 4155
90 8 4155
8 91 5976
91 8 5976
8 92 10806
92 8 10806
8 93 8348
93 8 8348
8 94 14030
94 8 14030
8 95 7543
95 8 7543
8 96 13769
96 8 13769
8 97 3714
97 8 3714
8 98 405
98 8 405
8 99 2643
99 8 2643
9 10 6870
10 9 6870
9 11 3977
11 9 3977
9 12 6931
12 9 6931
9 13 10358
13 9 10358
9 14 3180
14 9 3180
9 15 14356
15 9 14356
9 16 5683
16 9 5683
9 17 6423
17 9 6423
9 18 8106
18 9 8106
9 19 10309
19 9 10309
9 20 2615
20 9 2615
9 21 1659
21 9 1659
9 22 3705
22 9 3705
9 23 10891
23 9 10891
9 24 11337
24 9 11337
9 25 5148
25 9 5148
9 26 5672
26 9 5672
9 27 257
27 9 257
9 28 9489
28 9 9489
9 29 12994
29 9 12994
9 30 12961
30 9 12961
9 31 14391
31 9 14391
9 32 6301
32 9 6301
9 33 377
33 9 377
9 34 9718
34 9 9718
9 35 1889
35 9 1889
9 36 595
36 9 595
9 37 6480
37 9 6480
9 38 7620
38 9 7620
9 39 14367
39 9 14367
9 40 322
40 9 322
9 41 3296
41 9 3296
9 42 3715
42 9 3715
9 43 3519
43 9 3519
9 44 7640
44 9 7640
9 45 11759
45 9 11759
9 46 13971
46 9 13971
9 47 10249
47 9 10249
9 48 10301
48 9 10301
9 49 5374
49 9 5374
9 50 10698
50 9 10698
9 51 12008
51 9 12008
9 52 5028
52 9 5028
9 53 2391
53 9 2391
9 54 10605
54 9 10605
9 55 14019
55 9 14019
9 56 10154
56 9 10154
9 57 14714
57 9 14714
9 58 11573
58 9 11573
9 59 135
59 9 135
9 60 13697
60 9 13697
9 61 11624
61 9 11624
9 62 5702
62 9 5702
9 63 1863
63 9 1863
9 64 7005
64 9 7005
9 65 13960
65 9 13960
9 66 13974
66 9 13974
9 67 10001
67 9 10001
9 68 13108
68 9 13108
9 69 10260
69 9 10260
9 70 7519
70 9 7519
9 71 12336
71 9 12336
9 72 6258
72 9 6258
9 73 5554
73 9 5554
9 74 13465
74 9 13465
9 75 39
75 9 39
9 76 14671
76 9 14671
9 77 3895
77 9 3895
9 78 13805
78 9 13805
9 79 3773
79 9 3773
9 80 9257
80 9 9257
9 81 2263
81 9 2263
9 82 4542
82 9 4542
9 83 4608
83 9 4608
9 84 12874
84 9 12874
9 85 9602
85 9 9602
9 86 14511
86 9 14511
9 87 10264
87 9 10264
9 88 5893
88 9 5893
9 89 14186
89 9 14186
9 90 10527
90 9 10527
9 91 385
91 9 385
9 92 11987
92 9 11987
9 93 13318
93 9 13318
9 94 5760
94 9 5760
9 95 5470
95 9 5470
9 96 471
96 9 471
9 97 13894
97 9 13894
9 98 6155
98 9 6155
9 99 6340
99 9 6340
10 11 9887
11 10 9887
10 12 7069
12 10 7069
10 13 8952
13 10 8952
10 14 3104
14 10 3104
10 15 5130
15 10 5130
10 16 4563
16 10 4563
10 17 2221
17 10 2221
10 18 10013
18 10 10013
10 19 13857
19 10 13857
10 20 12042
20 10 12042
10 21 1662
21 10 1662
10 22 2641
22 10 2641
10 23 2930
23 10 2930
10 24 10768
24 10 10768
10 25 3079
25 10 3079
10 26 295
26 10 295
10 27 997
27 10 997
10 28 8561
28 10 8561
10 29 9347
29 10 9347
10 30 12744
30 10 12744
10 31 14710
31 10 14710
10 32 14129
32 10 14129
10 33 6260
33 10 6260
10 34 12765
34 10 12765
10 35 14308
35 10 14308
10 36 3557
36 10 3557
10 37 14701
37 10 14701
10 38 1800
38 10 1800
10 39 11687
39 10 11687
10 40 12646
40 10 12646
10 41 8837
41 10 8837
10 42 13504
42 10 13504
10 43 14673
43 10 14673
10 44 6712
44 10 6712
10 45 5671
45 10 5671
10 46 11934
46 10 11934
10 47 3882
47 10 3882
10 48 13950
48 10 13950
10 49 9186
49 10 9186
10 50 11772
50 10 11772
10 51 7110
51 10 7110
10 52 2449
52 10 2449
10 53 9969
53 10 9969
10 54 6669
54 10 6669
10 55 8071
55 10 8071
10 56 6625
56 10 6625
10 57 6109
57 10 6109
10 58 9595
58 10 9595
10 59 373
59 10 373
10 60 3254
60 10 3254
10 61 7537
61 10 7537
10 62 2001
62 10 2001
10 63 783
63 10 783
10 64 13900
64 10 13900
10 65 1772
65 10 1772
10 66 10714
66 10 10714
10 67 10190
67 10 10190
10 68 13449
68 10 13449
10 69 5574
69 10 5574
10 70 10320
70 10 10320
10 71 13342
71 10 13342
10 72 13447
72 10 13447
10 73 2141
73 10 2141
10 74 11610
74 10 11610
10 75 10312
75 10 10312
10 76 5251
76 10 5251
10 77 6609
77 10 6609
10 78 8218
78 10 8218
10 79 5816
79 10 5816
10 80 8866
80 10 8866
10 81 7601
81 10 7601
10 82 9523
82 10 9523
10 83 14421
83 10 14421
10 84 9134
84 10 9134
10 85 8465
85 10 8465
10 86 5674
86 10 5674
10 87 1630
87 10 1630
10 88 4674
88 10 4674
10 89 10982
89 10 10982
10 90 11222
90 10 11222
10 91 14107
91 10 14107
10 92 2860
92 10 2860
10 93 6531
93 10 6531
10 94 13322
94 10 13322
10 95 6672
95 10 6672
10 96 13768
96 10 13768
10 97 5412
97 10 5412
10 98 10036
98 10 10036
10 99 2386
99 10 2386
11 12 13646
12 11 13646
11 13 13049
13 11 13049
11 14 6751
14 11 6751
11 15 6635
15 11 6635
11 16 718
16 11 718
11 17 6296
17 11 6296
11 18 10116
18 11 10116
11 19 6850
19 11 6850
11 20 11082
20 11 11082
11 21 7000
21 11 7000
11 22 13805
22 11 13805
11 23 5353
23 11 5353
11 24 10110
24 11 10110
11 25 14575
25 11 14575
11 26 2372
26 11 2372
11 27 12324
27 11 12324
11 28 11724
28 11 11724
11 29 12637
29 11 12637
11 30 8570
30 11 8570
11 31 10435
31 11 10435
11 32 13716
32 11 13716
11 33 8220
33 11 8220
11 34 8462
34 11 8462
11 35 1656
35 11 1656
11 36 8154
36 11 8154
11 37 482
37 11 482
11 38 6362
38 11 6362
11 39 10276
39 11 10276
11 40 5379
40 11 5379
11 41 5589
41 11 5589
11 42 12124
42 11 12124
11 43 10011
43 11 10011
11 44 4349
44 11 4349
11 45 7129
45 11 7129
11 46 12768
46 11 12768
11 47 3080
47 11 3080
11 48 5061
48 11 5061
11 49 1573
49 11 1573
11 50 4561
50 11 4561
11 51 5364
51 11 5364
11 52 9981
52 11 9981
11 53 9809
53 11 9809
11 54 11013
54 11 11013
11 55 5558
55 11 5558
11 56 13300
56 11 13300
11 57 9346
57 11 9346
11 58 2015
58 11 2015
11 59 8290
59 11 8290
11 60 13248
60 11 13248
11 61 5618
61 11 5618
11 62 3040
62 11 3040
11 63 13691
63 11 13691
11 64 2455
64 11 2455
11 65 8040
65 11 8040
11 66 5431
66 11 5431
11 67 13424
67 11 13424
11 68 7358
68 11 7358
11 69 5927
69 11 5927
11 70 7672
70 11 7672
11 71 12897
71 11 12897
11 72 2867
72 11 2867
11 73 4519
73 11 4519
11 74 5511
74 11 5511
11 75 2391
75 11 2391
11 76 7179
76 11 7179
11 77 142
77 11 142
11 78 3057
78 11 3057
11 79 9439
79 11 9439
11 80 13481
80 11 13481
11 81 11878
81 11 11878
11 82 6951
82 11 6951
11 83 6134
83 11 6134
11 84 3469
84 11 3469
11 85 3304
85 11 3304
11 86 12252
86 11 12252
11 87 426
87 11 426
11 88 11599
88 11 11599
11 89 13002
89 11 13002
11 90 5667
90 11 5667
11 91 5083
91 11 5083
11 92 8101
92 11 8101
11 93 9502
93 11 9502
11 94 13537
94 11 13537
11 95 8705
95 11 8705
11 96 8833
96 11 8833
11 97 6461
97 11 6461
11 98 792
98 11 792
11 99 11119
99 11 11119
12 13 6276
13 12 6276
12 14 9734
14 12 9734
12 15 3473
15 12 3473
12 16 10016
16 12 10016
12 17 12581
17 12 12581
12 18 8911
18 12 8911
12 19 13272
19 12 13272
12 20 9414
20 12 9414
12 21 6575
21 12 6575
12 22 6516
22 12 6516
12 23 13988
23 12 13988
12 24 11144
24 12 11144
12 25 13299
25 12 13299
12 26 2744
26 12 2744
12 27 12730
27 12 12730
12 28 2153
28 12 2153
12 29 2514
29 12 2514
12 30 786
30 12 786
12 31 8244
31 12 8244
12 32 12647
32 12 12647
12 33 14528
33 12 14528
12 34 14178
34 12 14178
12 35 8499
35 12 8499
12 36 2505
36 12 2505
12 37 4362
37 12 4362
12 38 7625
38 12 7625
12 39 2854
39 12 2854
12 40 8358
40 12 8358
12 41 8744
41 12 8744
12 42 14009
42 12 14009
12 43 2924
43 12 2924
12 44 535
44 12 535
12 45 13925
45 12 13925
12 46 8046
46 12 8046
12 47 13439
47 12 13439
12 48 14798
48 12 14798
12 49 5718
49 12 5718
12 50 7478
50 12 7478
12 51 11013
51 12 11013
12 52 7063
52 12 7063
12 53 7108
53 12 7108
12 54 12980
54 12 12980
12 55 10680
55 12 10680
12 56 6816
56 12 6816
12 57 10920
57 12 10920
12 58 178
58 12 178
12 59 10584
59 12 10584
12 60 11543
60 12 11543
12 61 12158
61 12 12158
12 62 12850
62 12 12850
12 63 12924
63 12 12924
12 64 2562
64 12 2562
12 65 6716
65 12 6716
12 66 2312
66 12 2312
12 67 9232
67 12 9232
12 68 10610
68 12 10610
12 69 5433
69 12 5433
12 70 1855
70 12 1855
12 71 366
71 12 366
12 72 5518
72 12 5518
12 73 2704
73 12 2704
12 74 14568
74 12 14568
12 75 5355
75 12 5355
12 76 5072
76 12 5072
12 77 7468
77 12 7468
12 78 12560
78 12 12560
12 79 2489
79 12 2489
12 80 4211
80 12 4211
12 81 9257
81 12 9257
12 82 13366
82 12 13366
12 83 3840
83 12 3840
12 84 1926
84 12 1926
12 85 1515
85 12 1515
12 86 9712
86 12 9712
12 87 14325
87 12 14325
12 88 6720
88 12 6720
12 89 11530
89 12 11530
12 90 7335
90 12 7335
12 91 9514
91 12 9514
12 92 5389
92 12 5389
12 93 7899
93 12 7899
12 94 402
94 12 402
12 95 11079
95 12 11079
12 96 11822
96 12 11822
12 97 9708
97 12 9708
12 98 11810
98 12 11810
12 99 14673
99 12 14673
13 14 10612
14 13 10612
13 15 9797
15 13 9797
13 16 5625
16 13 5625
13 17 1209
17 13 1209
13 18 8169
18 13 8169
13 19 12963
19 13 12963
13 20 337
20 13 337
13 21 6339
21 13 6339
13 22 541
22 13 541
13 23 10296
23 13 10296
13 24 1970
24 13 1970
13 25 2925
25 13 2925
13 26 2853
26 13 2853
13 27 7137
27 13 7137
13 28 6498
28 13 6498
13 29 9269
29 13 9269
13 30 9581
30 13 9581
13 31 8545
31 13 8545
13 32 14318
32 13 14318
13 33 404
33 13 404
13 34 4341
34 13 4341
13 35 6246
35 13 6246
13 36 11781
36 13 11781
13 37 8591
37 13 8591
13 38 1001
38 13 1001
13 39 5000
39 13 5000
13 40 7486
40 13 7486
13 41 10635
41 13 10635
13 42 7043
42 13 7043
13 43 11778
43 13 11778
13 44 3386
44 13 3386
13 45 9801
45 13 9801
13 46 12659
46 13 12659
13 47 1984
47 13 1984
13 48 8957
48 13 8957
13 49 2008
49 13 2008
13 50 5601
50 13 5601
13 51 4683
51 13 4683
13 52 10009
52 13 10009
13 53 5415
53 13 5415
13 54 2851
54 13 2851
13 55 7299
55 13 7299
13 56 2739
56 13 2739
13 57 7630
57 13 7630
13 58 10479
58 13 10479
13 59 8036
59 13 8036
13 60 9978
60 13 9978
13 61 8487
61 13 8487
13 62 11943
62 13 11943
13 63 11627
63 13 11627
13 64 7015
64 13 7015
13 65 6331
65 13 6331
13 66 5930
66 13 5930
13 67 4652
67 13 4652
13 68 3662
68 13 3662
13 69 3367
69 13 3367
13 70 10387
70 13 10387
13 71 12011
71 13 12011
13 72 5114
72 13 5114
13 73 14064
73 13 14064
13 74 2811
74 13 2811
13 75 345
75 13 345
13 76 5259
76 13 5259
13 77 10095
77 13 10095
13 78 1118
78 13 1118
13 79 12835
79 13 12835
13 80 8950
80 13 8950
13 81 11922
81 13 11922
13 82 6289
82 13 6289
13 83 7849
83 13 7849
13 84 4571
84 13 4571
13 85 12164
85 13 12164
13 86 5368
86 13 5368
13 87 14782
87 13 14782
13 88 7084
88 13 7084
13 89 1654
89 13 1654
13 90 5819
90 13 5819
13 91 9846
91 13 9846
13 92 7788
92 13 7788
13 93 13311
93 13 13311
13 94 8463
94 13 8463
13 95 5157
95 13 5157
13 96 5764
96 13 5764
13 97 6445
97 13 6445
13 98 1474
98 13 1474
13 99 13813
99 13 13813
14 15 40
15 14 40
14 16 13571
16 14 13571
14 17 8683
17 14 8683
14 18 12078
18 14 12078
14 19 14401
19 14 14401
14 20 14774
20 14 14774
14 21 1692
21 14 1692
14 22 3829
22 14 3829
14 23 4200
23 14 4200
14 24 13288
24 14 13288
14 25 2522
25 14 2522
14 26 5520
26 14 5520
14 27 4466
27 14 4466
14 28 9386
28 14 9386
14 29 6009
29 14 6009
14 30 14698
30 14 14698
14 31 8819
31 14 8819
14 32 8572
32 14 8572
14 33 8877
33 14 8877
14 34 8772
34 14 8772
14 35 5790
35 14 5790
14 36 13486
36 14 13486
14 37 11218
37 14 11218
14 38 9407
38 14 9407
14 39 836
39 14 836
14 40 4560
40 14 4560
14 41 5087
41 14 5087
14 42 7770
42 14 7770
14 43 10909
43 14 10909
14 44 871
44 14 871
14 45 3892
45 14 3892
14 46 9753
46 14 9753
14 47 11329
47 14 11329
14 48 8100
48 14 8100
14 49 6631
49 14 6631
14 50 9
50 14 9
14 51 5982
51 14 5982
14 52 13121
52 14 13121
14 53 2185
53 14 2185
14 54 8681
54 14 8681
14 55 7046
55 14 7046
14 56 11529
56 14 11529
14 57 8485
57 14 8485
14 58 9288
58 14 9288
14 59 4019
59 14 4019
14 60 559
60 14 559
14 61 14467
61 14 14467
14 62 6206
62 14 6206
14 63 8640
63 14 8640
14 64 7476
64 14 7476
14 65 8728
65 14 8728
14 66 4146
66 14 4146
14 67 83
67 14 83
14 68 2010
68 14 2010
14 69 10157
69 14 10157
14 70 6672
70 14 6672
14 71 13124
71 14 13124
14 72 4336
72 14 4336
14 73 9876
73 14 9876
14 74 469
74 14 469
14 75 8440
75 14 8440
14 76 11695
76 14 11695
14 77 6972
77 14 6972
14 78 4488
78 14 4488
14 79 9186
79 14 9186
14 80 1277
80 14 1277
14 81 10738
81 14 10738
14 82 8700
82 14 8700
14 83 2734
83 14 2734
14 84 5220
84 14 5220
14 85 11802
85 14 11802
14 86 296
86 14 296
14 87 2098
87 14 2098
14 88 1963
88 14 1963
14 89 2665
89 14 2665
14 90 466
90 14 466
14 91 5020
91 14 5020
14 92 7177
92 14 7177
14 93 9954
93 14 9954
14 94 7625
94 14 7625
14 95 19
95 14 19
14 96 11711
96 14 11711
14 97 13027
97 14 13027
14 98 8691
98 14 8691
14 99 9089
99 14 9089
15 16 14792
16 15 14792
15 17 8729
17 15 8729
15 18 5600
18 15 5600
15 19 3232
19 15 3232
15 20 10544
20 15 10544
15 21 2993
21 15 2993
15 22 4941
22 15 4941
15 23 3422
23 15 3422
15 24 10833
24 15 10833
15 25 11907
25 15 11907
15 26 1393
26 15 1393
15 27 9363
27 15 9363
15 28 6227
28 15 6227
15 29 14102
29 15 14102
15 30 897
30 15 897
15 31 11802
31 15 11802
15 32 4363
32 15 4363
15 33 10351
33 15 10351
15 34 2522
34 15 2522
15 35 10410
35 15 10410
15 36 12724
36 15 12724
15 37 11569
37 15 11569
15 38 8934
38 15 8934
15 39 7609
39 15 7609
15 40 12942
40 15 12942
15 41 4712
41 15 4712
15 42 3913
42 15 3913
15 43 12257
43 15 12257
15 44 4334
44 15 4334
15 45 10677
45 15 10677
15 46 9245
46 15 9245
15 47 2775
47 15 2775
15 48 10167
48 15 10167
15 49 14788
49 15 14788
15 50 13426
50 15 13426
15 51 8592
51 15 8592
15 52 10664
52 15 10664
15 53 4300
53 15 4300
15 54 6330
54 15 6330
15 55 3754
55 15 3754
15 56 7969
56 15 7969
15 57 720
57 15 720
15 58 14326
58 15 14326
15 59 3931
59 15 3931
15 60 11198
60 15 11198
15 61 5884
61 15 5884
15 62 3471
62 15 3471
15 63 2457
63 15 2457
15 64 2432
64 15 2432
15 65 2469
65 15 2469
15 66 8428
66 15 8428
15 67 5411
67 15 5411
15 68 11279
68 15 11279
15 69 11003
69 15 11003
15 70 11734
70 15 11734
15 71 753
71 15 753
15 72 11646
72 15 11646
15 73 14026
73 15 14026
15 74 412
74 15 412
15 75 6418
75 15 6418
15 76 4590
76 15 4590
15 77 8379
77 15 8379
15 78 6288
78 15 6288
15 79 7176
79 15 7176
15 80 12427
80 15 12427
15 81 1186
81 15 1186
15 82 2022
82 15 2022
15 83 1010
83 15 1010
15 84 2599
84 15 2599
15 85 9810
85 15 9810
15 86 2283
86 15 2283
15 87 5028
87 15 5028
15 88 6357
88 15 6357
15 89 7574
89 15 7574
15 90 5666
90 15 5666
15 91 2578
91 15 2578
15 92 2528
92 15 2528
15 93 10166
93 15 10166
15 94 9361
94 15 9361
15 95 7930
95 15 7930
15 96 7891
96 15 7891
15 97 5313
97 15 5313
15 98 5521
98 15 5521
15 99 6870
99 15 6870
16 17 5710
17 16 5710
16 18 9657
18 16 9657
16 19 13657
19 16 13657
16 20 5959
20 16 5959
16 21 4769
21 16 4769
16 22 3937
22 16 3937
16 23 9042
23 16 9042
16 24 3429
24 16 3429
16 25 13964
25 16 13964
16 26 2985
26 16 2985
16 27 12772
27 16 12772
16 28 1269
28 16 1269
16 29 6575
29 16 6575
16 30 12042
30 16 12042
16 31 2912
31 16 2912
16 32 11018
32 16 11018
16 33 13608
33 16 13608
16 34 6247
34 16 6247
16 35 459
35 16 459
16 36 3117
36 16 3117
16 37 12887
37 16 12887
16 38 13968
38 16 13968
16 39 11415
39 16 11415
16 40 13157
40 16 13157
16 41 3111
41 16 3111
16 42 7967
42 16 7967
16 43 2119
43 16 2119
16 44 3696
44 16 3696
16 45 10671
45 16 10671
16 46 9173
46 16 9173
16 47 8344
47 16 8344
16 48 4370
48 16 4370
16 49 13663
49 16 13663
16 50 11451
50 16 11451
16 51 12575
51 16 12575
16 52 10793
52 16 10793
16 53 4094
53 16 4094
16 54 11155
54 16 11155
16 55 1790
55 16 1790
16 56 5437
56 16 5437
16 57 1265
57 16 1265
16 58 2734
58 16 2734
16 59 2958
59 16 2958
16 60 12474
60 16 12474
16 61 961
61 16 961
16 62 9850
62 16 9850
16 63 8857
63 16 8857
16 64 14785
64 16 14785
16 65 6669
65 16 6669
16 66 14645
66 16 14645
16 67 212
67 16 212
16 68 8297
68 16 8297
16 69 12314
69 16 12314
16 70 9637
70 16 9637
16 71 2797
71 16 2797
16 72 12110
72 16 12110
16 73 389
73 16 389
16 74 5911
74 16 5911
16 75 14035
75 16 14035
16 76 12837
76 16 12837
16 77 2381
77 16 2381
16 78 2376
78 16 2376
16 79 5964
79 16 5964
16 80 7477
80 16 7477
16 81 6165
81 16 6165
16 82 10036
82 16 10036
16 83 9934
83 16 9934
16 84 12822
84 16 12822
16 85 8148
85 16 8148
16 86 13161
86 16 13161
16 87 13760
87 16 13760
16 88 6227
88 16 6227
16 89 8442
89 16 8442
16 90 4542
90 16 4542
16 91 2368
91 16 2368
16 92 10233
92 16 10233
16 93 9531
93 16 9531
16 94 5796
94 16 5796
16 95 8194
95 16 8194
16 96 3273
96 16 3273
16 97 5071
97 16 5071
16 98 8799
98 16 8799
16 99 14666
99 16 14666
17 18 2297
18 17 2297
17 19 449
19 17 449
17 20 6966
20 17 6966
17 21 12293
21 17 12293
17 22 9231
22 17 9231
17 23 2719
23 17 2719
17 24 5142
24 17 5142
17 25 9296
25 17 9296
17 26 2505
26 17 2505
17 27 11352
27 17 11352
17 28 11448
28 17 11448
17 29 7875
29 17 7875
17 30 4672
30 17 4672
17 31 7914
31 17 7914
17 32 454
32 17 454
17 33 7541
33 17 7541
17 34 8962
34 17 8962
17 35 4567
35 17 4567
17 36 175
36 17 175
17 37 13862
37 17 13862
17 38 5603
38 17 5603
17 39 11658
39 17 11658
17 40 13994
40 17 13994
17 41 4798
41 17 4798
17 42 12544
42 17 12544
17 43 4335
43 17 4335
17 44 8194
44 17 8194
17 45 2466
45 17 2466
17 46 3722
46 17 3722
17 47 5910
47 17 5910
17 48 699
48 17 699
17 49 8498
49 17 8498
17 50 14678
50 17 14678
17 51 9035
51 17 9035
17 52 7073
52 17 7073
17 53 14821
53 17 14821
17 54 4778
54 17 4778
17 55 3534
55 17 3534
17 56 644
56 17 644
17 57 2136
57 17 2136
17 58 11826
58 17 11826
17 59 10497
59 17 10497
17 60 13131
60 17 13131
17 61 8195
61 17 8195
17 62 7764
62 17 7764
17 63 7737
63 17 7737
17 64 13567
64 17 13567
17 65 4153
65 17 4153
17 66 14770
66 17 14770
17 67 7012
67 17 7012
17 68 10841
68 17 10841
17 69 13081
69 17 13081
17 70 10236
70 17 10236
17 71 2386
71 17 2386
17 72 2924
72 17 2924
17 73 7032
73 17 7032
17 74 12011
74 17 12011
17 75 6891
75 17 6891
17 76 7402
76 17 7402
17 77 13946
77 17 13946
17 78 12586
78 17 12586
17 79 6095
79 17 6095
17 80 14046
80 17 14046
17 81 6690
81 17 6690
17 82 12504
82 17 12504
17 83 2799
83 17 2799
17 84 6458
84 17 6458
17 85 4548
85 17 4548
17 86 7945
86 17 7945
17 87 9407
87 17 9407
17 88 3312
88 17 3312
17 89 12660
89 17 12660
17 90 4347
90 17 4347
17 91 4014
91 17 4014
17 92 4004
92 17 4004
17 93 5054
93 17 5054
17 94 9653
94 17 9653
17 95 12478
95 17 12478
17 96 3944
96 17 3944
17 97 1021
97 17 1021
17 98 253
98 17 253
17 99 6741
99 17 6741
18 19 2224
19 18 2224
18 20 8721
20 18 8721
18 21 2735
21 18 2735
18 22 824
22 18 824
18 23 6647
23 18 6647
18 24 13218
24 18 13218
18 25 3112
25 18 3112
18 26 12601
26 18 12601
18 27 14319
27 18 14319
18 28 832
28 18 832
18 29 9043
29 18 9043
18 30 4094
30 18 4094
18 31 4243
31 18 4243
18 32 7778
32 18 7778
18 33 5793
33 18 5793
18 34 8583
34 18 8583
18 35 2452
35 18 2452
18 36 3343
36 18 3343
18 37 13798
37 18 13798
18 38 12335
38 18 12335
18 39 7057
39 18 7057
18 40 4957
40 18 4957
18 41 1766
41 18 1766
18 42 1449
42 18 1449
18 43 2569
43 18 2569
18 44 1642
44 18 1642
18 45 8871
45 18 8871
18 46 9176
46 18 9176
18 47 1355
47 18 1355
18 48 2056
48 18 2056
18 49 6545
49 18 6545
18 50 5708
50 18 5708
18 51 8618
51 18 8618
18 52 14813
52 18 14813
18 53 12282
53 18 12282
18 54 2070
54 18 2070
18 55 12489
55 18 12489
18 56 612
56 18 612
18 57 2847
57 18 2847
18 58 865
58 18 865
18 59 6010
59 18 6010
18 60 6923
60 18 6923
18 61 11377
61 18 11377
18 62 12319
62 18 12319
18 63 6504
63 18 6504
18 64 13852
64 18 13852
18 65 2846
65 18 2846
18 66 4836
66 18 4836
18 67 6688
67 18 6688
18 68 1896
68 18 1896
18 69 4345
69 18 4345
18 70 10621
70 18 10621
18 71 13683
71 18 13683
18 72 10056
72 18 10056
18 73 9504
73 18 9504
18 74 3701
74 18 3701
18 75 11490
75 18 11490
18 76 10272
76 18 10272
18 77 1333
77 18 1333
18 78 9886
78 18 9886
18 79 2366
79 18 2366
18 80 2013
80 18 2013
18 81 263
81 18 263
18 82 3477
82 18 3477
18 83 3342
83 18 3342
18 84 5372
84 18 5372
18 85 2439
85 18 2439
18 86 5486
86 18 5486
18 87 8556
87 18 8556
18 88 10346
88 18 10346
18 89 1391
89 18 1391
18 90 2096
90 18 2096
18 91 10752
91 18 10752
18 92 61
92 18 61
18 93 4394
93 18 4394
18 94 10954
94 18 10954
18 95 1673
95 18 1673
18 96 7941
96 18 7941
18 97 8356
97 18 8356
18 98 5653
98 18 5653
18 99 3593
99 18 3593
19 20 3308
20 19 3308
19 21 8130
21 19 8130
19 22 8900
22 19 8900
19 23 4514
23 19 4514
19 24 1811
24 19 1811
19 25 8159
25 19 8159
19 26 10913
26 19 10913
19 27 937
27 19 937
19 28 3670
28 19 3670
19 29 3539
29 19 3539
19 30 12461
30 19 12461
19 31 2145
31 19 2145
19 32 2316
32 19 2316
19 33 13430
33 19 13430
19 34 734
34 19 734
19 35 8707
35 19 8707
19 36 2283
36 19 2283
19 37 2329
37 19 2329
19 38 6995
38 19 6995
19 39 3778
39 19 3778
19 40 10548
40 19 10548
19 41 12833
41 19 12833
19 42 11119
42 19 11119
19 43 1563
43 19 1563
19 44 14124
44 19 14124
19 45 3040
45 19 3040
19 46 10303
46 19 10303
19 47 7415
47 19 7415
19 48 2557
48 19 2557
19 49 8569
49 19 8569
19 50 4855
50 19 4855
19 51 9669
51 19 9669
19 52 3103
52 19 3103
19 53 12539
53 19 12539
19 54 13146
54 19 13146
19 55 7574
55 19 7574
19 56 13422
56 19 13422
19 57 10515
57 19 10515
19 58 10066
58 19 10066
19 59 623
59 19 623
19 60 7962
60 19 7962
19 61 1505
61 19 1505
19 62 956
62 19 956
19 63 5347
63 19 5347
19 64 3139
64 19 3139
19 65 11221
65 19 11221
19 66 3270
66 19 3270
19 67 14507
67 19 14507
19 68 364
68 19 364
19 69 330
69 19 330
19 70 5451
70 19 5451
19 71 4032
71 19 4032
19 72 7299
72 19 7299
19 73 9266
73 19 9266
19 74 2896
74 19 2896
19 75 14090
75 19 14090
19 76 14563
76 19 14563
19 77 8758
77 19 8758
19 78 554
78 19 554
19 79 3049
79 19 3049
19 80 758
80 19 758
19 81 4290
81 19 4290
19 82 12342
82 19 12342
19 83 11681
83 19 11681
19 84 11971
84 19 11971
19 85 7778
85 19 7778
19 86 7851
86 19 7851
19 87 3189
87 19 3189
19 88 2851
88 19 2851
19 89 14256
89 19 14256
19 90 1339
90 19 1339
19 91 8328
91 19 8328
19 92 12548
92 19 12548
19 93 7177
93 19 7177
19 94 1759
94 19 1759
19 95 3707
95 19 3707
19 96 13259
96 19 13259
19 97 9840
97 19 9840
19 98 14116
98 19 14116
19 99 14398
99 19 14398
20 21 4864
21 20 4864
20 22 12577
22 20 12577
20 23 11476
23 20 11476
20 24 3738
24 20 3738
20 25 6540
25 20 6540
20 26 9994
26 20 9994
20 27 1535
27 20 1535
20 28 8930
28 20 8930
20 29 3054
29 20 3054
20 30 1964
30 20 1964
20 31 2111
31 20 2111
20 32 1166
32 20 1166
20 33 1929
33 20 1929
20 34 1785
34 20 1785
20 35 6303
35 20 6303
20 36 4954
36 20 4954
20 37 12470
37 20 12470
20 38 697
38 20 697
20 39 9675
39 20 9675
20 40 13121
40 20 13121
20 41 5993
41 20 5993
20 42 5640
42 20 5640
20 43 4865
43 20 4865
20 44 3601
44 20 3601
20 45 13750
45 20 13750
20 46 3313
46 20 3313
20 47 9505
47 20 9505
20 48 12230
48 20 12230
20 49 5851
49 20 5851
20 50 5324
50 20 5324
20 51 11468
51 20 11468
20 52 6632
52 20 6632
20 53 14537
53 20 14537
20 54 8886
54 20 8886
20 55 842
55 20 842
20 56 4905
56 20 4905
20 57 5732
57 20 5732
20 58 6130
58 20 6130
20 59 9706
59 20 9706
20 60 6651
60 20 6651
20 61 13416
61 20 13416
20 62 4952
62 20 4952
20 63 2662
63 20 2662
20 64 348
64 20 348
20 65 13603
65 20 13603
20 66 782
66 20 782
20 67 14482
67 20 14482
20 68 3330
68 20 3330
20 69 2648
69 20 2648
20 70 5877
70 20 5877
20 71 1677
71 20 1677
20 72 14107
72 20 14107
20 73 10885
73 20 10885
20 74 10851
74 20 10851
20 75 8400
75 20 8400
20 76 9608
76 20 9608
20 77 12949
77 20 12949
20 78 4553
78 20 4553
20 79 8028
79 20 8028
20 80 10175
80 20 10175
20 81 12874
81 20 12874
20 82 13535
82 20 13535
20 83 8726
83 20 8726
20 84 1486
84 20 1486
20 85 2612
85 20 2612
20 86 14257
86 20 14257
20 87 8983
87 20 8983
20 88 701
88 20 701
20 89 10746
89 20 10746
20 90 9612
90 20 9612
20 91 4969
91 20 4969
20 92 1825
92 20 1825
20 93 237
93 20 237
20 94 6439
94 20 6439
20 95 9044
95 20 9044
20 96 9588
