70 1206 59
0 64 73
64 0 73
0 67 1013
67 0 1013
0 6 180
6 0 180
0 40 398
40 0 398
0 9 1147
9 0 1147
0 11 555
11 0 555
0 44 1160
44 0 1160
0 45 1295
45 0 1295
0 16 505
16 0 505
0 17 272
17 0 272
0 50 1129
50 0 1129
0 19 1070
19 0 1070
0 22 818
22 0 818
0 59 1593
59 0 1593
0 28 208
28 0 208
1 32 540
32 1 540
1 33 595
33 1 595
1 35 1130
35 1 1130
1 4 746
4 1 746
1 38 1639
38 1 1639
1 65 602
65 1 602
1 60 294
60 1 294
1 13 1381
13 1 1381
1 47 207
47 1 207
1 16 420
16 1 420
1 17 1301
17 1 1301
1 19 289
19 1 289
1 53 1747
53 1 1747
1 23 62
23 1 62
1 57 1255
57 1 1255
1 27 901
27 1 901
1 28 702
28 1 702
1 63 1554
63 1 1554
2 66 1611
66 2 1611
2 67 1206
67 2 1206
2 6 432
6 2 432
2 40 1272
40 2 1272
2 41 241
41 2 241
2 10 1782
10 2 1782
2 34 167
34 2 167
2 46 229
46 2 229
2 47 1162
47 2 1162
2 20 1616
20 2 1616
2 14 1395
14 2 1395
2 22 446
22 2 446
2 63 441
63 2 441
2 30 1229
30 2 1229
2 31 690
31 2 690
3 32 597
32 3 597
3 65 1730
65 3 1730
3 34 1501
34 3 1501
3 67 1545
67 3 1545
3 22 1324
22 3 1324
3 38 348
38 3 348
3 39 264
39 3 264
3 8 24
8 3 24
3 9 1183
9 3 1183
3 13 516
13 3 516
3 45 778
45 3 778
3 50 1652
50 3 1652
3 51 1458
51 3 1458
3 62 1296
62 3 1296
3 54 1807
54 3 1807
3 55 244
55 3 244
3 56 1799
56 3 1799
3 30 783
30 3 783
3 21 835
21 3 835
4 32 9
32 4 9
4 35 1147
35 4 1147
4 36 1133
36 4 1133
4 65 1698
65 4 1698
4 40 193
40 4 193
4 62 795
62 4 795
4 8 682
8 4 682
4 45 313
45 4 313
4 47 1434
47 4 1434
4 48 712
48 4 712
4 49 521
49 4 521
4 58 490
58 4 490
4 20 214
20 4 214
4 53 1535
53 4 1535
4 54 1740
54 4 1740
4 24 1006
24 4 1006
4 26 741
26 4 741
4 27 1107
27 4 1107
4 29 1282
29 4 1282
4 30 1409
30 4 1409
5 32 94
32 5 94
5 65 1413
65 5 1413
5 67 1190
67 5 1190
5 35 185
35 5 185
5 38 619
38 5 619
5 39 783
39 5 783
5 40 1147
40 5 1147
5 10 634
10 5 634
5 11 433
11 5 433
5 13 303
13 5 303
5 45 112
45 5 112
5 14 1662
14 5 1662
5 61 1148
61 5 1148
5 49 821
49 5 821
5 50 707
50 5 707
5 51 1556
51 5 1556
5 23 1676
23 5 1676
5 24 1367
24 5 1367
5 42 235
42 5 235
5 29 1539
29 5 1539
5 63 629
63 5 629
6 8 591
8 6 591
6 12 429
12 6 429
6 14 582
14 6 582
6 18 1760
18 6 1760
6 19 580
19 6 580
6 27 1390
27 6 1390
6 29 909
29 6 909
6 30 983
30 6 983
6 31 1499
31 6 1499
6 32 674
32 6 674
6 34 947
34 6 947
6 44 435
44 6 435
6 45 1467
45 6 1467
6 49 763
49 6 763
6 50 1481
50 6 1481
6 51 1706
51 6 1706
6 53 1194
53 6 1194
6 56 373
56 6 373
6 58 104
58 6 104
6 61 1047
61 6 1047
7 32 255
32 7 255
7 66 1038
66 7 1038
7 67 684
67 7 684
7 69 1594
69 7 1594
7 11 5
11 7 5
7 14 1301
14 7 1301
7 52 626
52 7 626
7 53 669
53 7 669
7 54 1590
54 7 1590
7 56 80
56 7 80
7 20 132
20 7 132
7 26 433
26 7 433
7 21 177
21 7 177
7 62 99
62 7 99
7 63 357
63 7 357
8 68 839
68 8 839
8 40 1157
40 8 1157
8 42 88
42 8 88
8 13 330
13 8 330
8 51 768
51 8 768
8 20 1356
20 8 1356
8 22 1658
22 8 1658
8 24 191
24 8 191
8 58 261
58 8 261
8 62 562
62 8 562
8 36 594
36 8 594
9 65 1709
65 9 1709
9 68 1334
68 9 1334
9 11 647
11 9 647
9 12 1431
12 9 1431
9 15 1664
15 9 1664
9 20 932
20 9 932
9 24 1517
24 9 1517
9 26 1542
26 9 1542
9 29 198
29 9 198
9 33 1102
33 9 1102
9 36 1075
36 9 1075
9 37 1148
37 9 1148
9 40 1667
40 9 1667
9 41 956
41 9 956
9 43 23
43 9 23
9 44 1499
44 9 1499
9 49 1420
49 9 1420
9 51 1468
51 9 1468
9 52 548
52 9 548
9 55 1379
55 9 1379
9 57 733
57 9 733
10 64 183
64 10 183
10 33 1229
33 10 1229
10 35 1721
35 10 1721
10 69 501
69 10 501
10 46 1629
46 10 1629
10 17 50
17 10 50
10 51 96
51 10 96
10 55 576
55 10 576
10 25 489
25 10 489
10 27 833
27 10 833
10 29 1709
29 10 1709
10 30 259
30 10 259
10 63 197
63 10 197
11 67 354
67 11 354
11 13 1465
13 11 1465
11 20 1544
20 11 1544
11 23 215
23 11 215
11 24 1222
24 11 1222
11 31 1168
31 11 1168
11 32 1505
32 11 1505
11 33 1233
33 11 1233
11 35 553
35 11 553
11 36 1795
36 11 1795
11 41 283
41 11 283
11 42 1040
42 11 1040
11 43 1596
43 11 1596
11 49 1367
49 11 1367
11 50 891
50 11 891
11 53 794
53 11 794
11 55 1652
55 11 1652
11 56 814
56 11 814
11 61 446
61 11 446
12 65 856
65 12 856
12 68 946
68 12 946
12 13 1300
13 12 1300
12 14 119
14 12 119
12 15 1362
15 12 1362
12 16 813
16 12 813
12 21 189
21 12 189
12 54 1129
54 12 1129
12 25 419
25 12 419
12 26 261
26 12 261
12 59 945
59 12 945
12 63 1302
63 12 1302
13 36 1793
36 13 1793
13 37 766
37 13 766
13 39 724
39 13 724
13 43 231
43 13 231
13 45 830
45 13 830
13 47 1135
47 13 1135
13 49 585
49 13 585
13 19 1565
19 13 1565
13 20 685
20 13 685
13 57 979
57 13 979
13 68 101
68 13 101
13 58 863
58 13 863
13 26 1585
26 13 1585
13 30 1418
30 13 1418
14 64 814
64 14 814
14 35 149
35 14 149
14 36 835
36 14 835
14 16 403
16 14 403
14 52 1072
52 14 1072
14 53 1741
53 14 1741
14 55 49
55 14 49
14 59 1482
59 14 1482
14 29 1189
29 14 1189
15 65 1315
65 15 1315
15 68 210
68 15 210
15 69 1189
69 15 1189
15 48 1620
48 15 1620
15 43 786
43 15 786
15 16 873
16 15 873
15 18 1762
18 15 1762
15 19 934
19 15 934
15 41 1197
41 15 1197
15 55 1689
55 15 1689
15 33 1193
33 15 1193
15 27 88
27 15 88
15 60 830
60 15 830
15 37 215
37 15 215
16 45 1491
45 16 1491
16 69 1607
69 16 1607
16 38 1799
38 16 1799
16 42 1642
42 16 1642
16 43 1636
43 16 1636
16 44 21
44 16 21
16 50 1531
50 16 1531
16 47 723
47 16 723
16 18 1604
18 16 1604
16 19 1085
19 16 1085
16 53 56
53 16 56
16 54 1425
54 16 1425
16 56 1284
56 16 1284
16 60 354
60 16 354
16 63 817
63 16 817
17 38 1598
38 17 1598
17 39 1686
39 17 1686
17 64 1397
64 17 1397
17 23 1634
23 17 1634
17 61 1714
61 17 1714
17 48 1193
48 17 1193
17 51 362
51 17 362
17 55 1401
55 17 1401
17 26 912
26 17 912
17 27 711
27 17 711
17 29 1138
29 17 1138
17 62 1144
62 17 1144
17 31 1432
31 17 1432
18 67 661
67 18 661
18 33 140
33 18 140
18 43 980
43 18 980
18 44 65
44 18 65
18 48 1417
48 18 1417
18 21 1175
21 18 1175
18 22 1172
22 18 1172
18 55 459
55 18 459
18 56 442
56 18 442
18 47 95
47 18 95
18 65 490
65 18 490
18 31 896
31 18 896
19 32 307
32 19 307
19 68 1740
68 19 1740
19 48 1429
48 19 1429
19 64 666
64 19 666
19 43 1784
43 19 1784
19 45 407
45 19 407
19 46 1292
46 19 1292
19 30 1261
30 19 1261
19 55 890
55 19 890
19 57 1523
57 19 1523
19 27 576
27 19 576
19 62 51
62 19 51
19 31 190
31 19 190
20 32 1608
32 20 1608
20 51 833
51 20 833
20 34 1084
34 20 1084
20 36 1206
36 20 1206
20 37 1106
37 20 1106
20 44 223
44 20 223
20 66 940
66 20 940
20 46 4
46 20 4
20 67 393
67 20 393
20 22 987
22 20 987
20 58 680
58 20 680
20 54 51
54 20 51
20 30 1483
30 20 1483
21 33 365
33 21 365
21 66 555
66 21 555
21 37 65
37 21 65
21 38 1637
38 21 1637
21 65 1537
65 21 1537
21 45 698
45 21 698
21 49 1243
49 21 1243
21 52 1194
52 21 1194
21 53 1638
53 21 1638
21 23 1798
23 21 1798
21 25 641
25 21 641
21 60 323
60 21 323
21 62 642
62 21 642
21 69 693
69 21 693
22 64 1769
64 22 1769
22 66 534
66 22 534
22 69 690
69 22 690
22 42 1116
42 22 1116
22 44 530
44 22 530
22 46 400
46 22 400
22 48 359
48 22 359
22 25 105
25 22 105
22 58 1145
58 22 1145
22 29 1251
29 22 1251
22 52 315
52 22 315
23 64 41
64 23 41
23 49 1533
49 23 1533
23 41 142
41 23 142
23 45 654
45 23 654
23 61 534
61 23 534
23 48 202
48 23 202
23 57 1364
57 23 1364
23 27 406
27 23 406
23 29 647
29 23 647
24 64 1795
64 24 1795
24 66 1806
66 24 1806
24 59 831
59 24 831
24 68 1321
68 24 1321
24 69 934
69 24 934
24 40 447
40 24 447
24 42 838
42 24 838
24 63 1608
63 24 1608
24 47 1730
47 24 1730
24 50 462
50 24 462
24 52 347
52 24 347
24 55 758
55 24 758
24 27 1791
27 24 1791
24 28 234
28 24 234
24 29 1261
29 24 1261
25 64 1434
64 25 1434
25 65 298
65 25 298
25 66 1708
66 25 1708
25 68 685
68 25 685
25 37 465
37 25 465
25 44 940
44 25 940
25 45 675
45 25 675
25 46 34
46 25 34
25 49 20
49 25 20
25 51 998
51 25 998
25 55 311
55 25 311
25 56 574
56 25 574
25 62 889
62 25 889
25 31 1218
31 25 1218
26 34 911
34 26 911
26 68 755
68 26 755
26 49 35
49 26 35
26 43 1646
43 26 1646
26 50 1544
50 26 1544
26 52 430
52 26 430
26 27 1713
27 26 1713
26 29 1360
29 26 1360
26 36 1091
36 26 1091
27 33 1073
33 27 1073
27 66 25
66 27 25
27 38 70
38 27 70
27 40 788
40 27 788
27 41 471
41 27 471
27 54 947
54 27 947
27 62 620
62 27 620
27 31 923
31 27 923
28 36 895
36 28 895
28 68 1051
68 28 1051
28 33 683
33 28 683
28 45 375
45 28 375
28 51 664
51 28 664
28 57 409
57 28 409
28 58 1436
58 28 1436
28 59 127
59 28 127
28 60 1045
60 28 1045
28 61 919
61 28 919
28 62 97
62 28 97
29 32 165
32 29 165
29 33 1786
33 29 1786
29 43 429
43 29 429
29 45 411
45 29 411
29 53 15
53 29 15
29 52 541
52 29 541
29 46 661
46 29 661
29 36 308
36 29 308
29 61 3
61 29 3
29 37 993
37 29 993
30 69 806
69 30 806
30 38 1516
38 30 1516
30 39 349
39 30 349
30 43 1418
43 30 1418
30 52 1203
52 30 1203
30 54 898
54 30 898
30 36 1009
36 30 1009
30 59 784
59 30 784
30 63 783
63 30 783
31 51 1545
51 31 1545
31 67 1026
67 31 1026
31 66 813
66 31 813
31 37 1176
37 31 1176
31 45 1083
45 31 1083
31 46 1431
46 31 1431
31 48 1571
48 31 1571
31 52 1645
52 31 1645
31 55 881
55 31 881
31 60 1522
60 31 1522
31 62 1169
62 31 1169
32 44 304
44 32 304
32 45 927
45 32 927
32 55 253
55 32 253
32 68 288
68 32 288
32 59 534
59 32 534
33 66 1069
66 33 1069
33 59 583
59 33 583
33 47 1013
47 33 1013
33 51 1456
51 33 1456
33 58 574
58 33 574
33 60 1532
60 33 1532
34 64 472
64 34 472
34 35 349
35 34 349
34 36 105
36 34 105
34 69 1123
69 34 1123
34 48 95
48 34 95
34 49 915
49 34 915
34 68 607
68 34 607
34 58 1655
58 34 1655
35 38 1388
38 35 1388
35 43 1107
43 35 1107
35 45 977
45 35 977
35 57 823
57 35 823
35 63 456
63 35 456
35 61 322
61 35 322
35 37 1263
37 35 1263
36 66 673
66 36 673
36 40 1457
40 36 1457
36 42 608
42 36 608
36 45 1488
45 36 1488
36 51 380
51 36 380
36 41 1390
41 36 1390
36 58 1644
58 36 1644
37 45 1615
45 37 1615
37 38 1241
38 37 1241
37 42 1526
42 37 1526
37 43 926
43 37 926
37 44 596
44 37 596
37 47 885
47 37 885
37 50 1582
50 37 1582
37 57 1059
57 37 1059
37 52 1028
52 37 1028
37 62 56
62 37 56
38 49 1730
49 38 1730
38 40 854
40 38 854
38 41 209
41 38 209
38 42 1603
42 38 1603
38 45 1264
45 38 1264
38 47 1575
47 38 1575
38 51 390
51 38 390
38 57 714
57 38 714
38 58 282
58 38 282
39 51 298
51 39 298
39 62 442
62 39 442
39 46 551
46 39 551
39 63 1562
63 39 1562
40 64 976
64 40 976
40 49 1614
49 40 1614
40 56 849
56 40 849
40 59 593
59 40 593
40 62 1479
62 40 1479
41 65 597
65 41 597
41 45 461
45 41 461
41 50 1602
50 41 1602
41 51 605
51 41 605
41 52 443
52 41 443
42 67 525
67 42 525
42 45 1727
45 42 1727
42 47 410
47 42 410
42 59 278
59 42 278
43 51 868
51 43 868
43 61 1720
61 43 1720
44 68 1372
68 44 1372
44 54 1346
54 44 1346
44 48 1617
48 44 1617
44 46 1073
46 44 1073
44 49 1261
49 44 1261
44 52 1482
52 44 1482
44 58 261
58 44 261
44 61 1474
61 44 1474
45 69 234
69 45 234
45 46 1511
46 45 1511
45 49 965
49 45 965
45 50 1279
50 45 1279
45 52 457
52 45 457
45 53 1084
53 45 1084
45 59 1025
59 45 1025
46 64 874
64 46 874
46 67 1064
67 46 1064
46 61 238
61 46 238
46 47 1394
47 46 1394
46 50 1300
50 46 1300
46 59 146
59 46 146
46 62 926
62 46 926
47 66 597
66 47 597
47 51 950
51 47 950
47 54 1676
54 47 1676
47 68 1805
68 47 1805
47 60 1046
60 47 1046
47 63 1566
63 47 1566
48 69 1778
69 48 1778
48 49 1249
49 48 1249
48 52 1755
52 48 1755
48 58 13
58 48 13
49 64 572
64 49 572
49 69 1285
69 49 1285
49 56 1731
56 49 1731
49 59 3
59 49 3
49 61 1320
61 49 1320
49 63 1644
63 49 1644
50 64 737
64 50 737
50 68 772
68 50 772
50 56 1083
56 50 1083
50 52 634
52 50 634
50 54 1556
54 50 1556
50 55 798
55 50 798
50 60 676
60 50 676
50 61 1106
61 50 1106
51 65 527
65 51 527
51 68 665
68 51 665
51 52 1177
52 51 1177
51 58 1541
58 51 1541
51 60 363
60 51 363
51 63 523
63 51 523
52 65 89
65 52 89
52 54 1402
54 52 1402
52 59 502
59 52 502
52 61 1296
61 52 1296
53 64 645
64 53 645
53 58 331
58 53 331
53 59 660
59 53 660
53 65 1567
65 53 1567
53 61 1623
61 53 1623
53 63 148
63 53 148
54 64 1776
64 54 1776
54 65 571
65 54 571
54 67 406
67 54 406
54 57 1017
57 54 1017
54 59 51
59 54 51
54 60 1369
60 54 1369
54 61 324
61 54 324
55 68 915
68 55 915
55 63 512
63 55 512
56 64 615
64 56 615
57 65 218
65 57 218
58 65 1106
65 58 1106
59 65 1120
65 59 1120
59 68 84
68 59 84
59 69 300
69 59 300
59 64 962
64 59 962
60 64 846
64 60 846
60 66 1203
66 60 1203
60 67 1406
67 60 1406
60 65 997
65 60 997
60 61 632
61 60 632
61 63 348
63 61 348
62 65 507
65 62 507
62 69 1390
69 62 1390
64 65 1125
65 64 1125
66 67 1259
67 66 1259
