150 11174 114
0 128 15319
128 0 15319
0 1 9940
1 0 9940
0 130 11402
130 0 11402
0 131 6161
131 0 6161
0 4 8843
4 0 8843
0 133 6975
133 0 6975
0 6 5135
6 0 5135
0 129 5240
129 0 5240
0 9 5189
9 0 5189
0 10 16456
10 0 16456
0 11 10161
11 0 10161
0 140 12662
140 0 12662
0 13 13888
13 0 13888
0 14 124
14 0 124
0 143 371
143 0 371
0 16 14531
16 0 14531
0 18 12420
18 0 12420
0 147 88
147 0 88
0 148 9674
148 0 9674
0 21 146
21 0 146
0 22 9723
22 0 9723
0 24 1529
24 0 1529
0 26 591
26 0 591
0 32 8699
32 0 8699
0 33 3958
33 0 3958
0 134 2971
134 0 2971
0 38 12206
38 0 12206
0 41 1819
41 0 1819
0 42 9924
42 0 9924
0 43 14943
43 0 14943
0 48 10421
48 0 10421
0 49 684
49 0 684
0 50 9699
50 0 9699
0 115 15814
115 0 15814
0 52 4960
52 0 4960
0 53 15660
53 0 15660
0 54 11419
54 0 11419
0 139 12795
139 0 12795
0 95 440
95 0 440
0 138 6144
138 0 6144
0 62 13102
62 0 13102
0 63 9462
63 0 9462
0 65 11192
65 0 11192
0 67 15771
67 0 15771
0 68 3452
68 0 3452
0 69 15274
69 0 15274
0 71 4783
71 0 4783
0 72 3680
72 0 3680
0 73 5621
73 0 5621
0 76 8634
76 0 8634
0 141 2710
141 0 2710
0 82 9162
82 0 9162
0 83 5069
83 0 5069
0 84 8953
84 0 8953
0 88 11897
88 0 11897
0 89 694
89 0 694
0 37 1475
37 0 1475
0 3 2380
3 0 2380
0 97 13439
97 0 13439
0 99 3353
99 0 3353
0 100 12035
100 0 12035
0 103 8650
103 0 8650
0 105 656
105 0 656
0 108 4404
108 0 4404
0 146 10890
146 0 10890
0 61 8998
61 0 8998
0 113 14941
113 0 14941
0 114 15147
114 0 15147
0 19 4150
19 0 4150
0 116 3559
116 0 3559
0 118 4526
118 0 4526
0 119 6256
119 0 6256
0 121 8317
121 0 8317
0 123 9061
123 0 9061
0 124 13097
124 0 13097
1 128 444
128 1 444
1 2 4299
2 1 4299
1 3 11024
3 1 11024
1 132 3852
132 1 3852
1 5 6810
5 1 6810
1 134 10204
134 1 10204
1 7 7734
7 1 7734
1 136 15754
136 1 15754
1 137 7979
137 1 7979
1 13 4149
13 1 4149
1 141 7973
141 1 7973
1 142 8385
142 1 8385
1 143 12690
143 1 12690
1 16 6492
16 1 6492
1 145 1903
145 1 1903
1 146 628
146 1 628
1 19 9089
19 1 9089
1 20 11524
20 1 11524
1 21 29
21 1 29
1 25 12426
25 1 12426
1 26 12650
26 1 12650
1 27 2349
27 1 2349
1 28 6174
28 1 6174
1 29 6196
29 1 6196
1 30 3142
30 1 3142
1 32 987
32 1 987
1 34 603
34 1 603
1 35 1674
35 1 1674
1 37 4831
37 1 4831
1 38 6538
38 1 6538
1 12 13275
12 1 13275
1 41 9775
41 1 9775
1 44 2177
44 1 2177
1 46 6474
46 1 6474
1 47 12295
47 1 12295
1 49 6604
49 1 6604
1 50 9241
50 1 9241
1 53 15762
53 1 15762
1 54 3189
54 1 3189
1 9 317
9 1 317
1 56 6208
56 1 6208
1 57 15288
57 1 15288
1 140 13480
140 1 13480
1 61 13227
61 1 13227
1 63 12963
63 1 12963
1 67 3721
67 1 3721
1 68 5861
68 1 5861
1 130 9592
130 1 9592
1 71 11018
71 1 11018
1 72 8774
72 1 8774
1 73 2368
73 1 2368
1 74 5130
74 1 5130
1 55 12038
55 1 12038
1 79 316
79 1 316
1 80 2714
80 1 2714
1 83 3679
83 1 3679
1 86 10628
86 1 10628
1 87 4448
87 1 4448
1 88 8015
88 1 8015
1 92 8382
92 1 8382
1 93 12165
93 1 12165
1 94 10319
94 1 10319
1 96 9655
96 1 9655
1 144 10783
144 1 10783
1 98 14771
98 1 14771
1 99 12839
99 1 12839
1 17 10219
17 1 10219
1 104 14699
104 1 14699
1 105 6575
105 1 6575
1 106 878
106 1 878
1 109 12251
109 1 12251
1 110 7279
110 1 7279
1 111 10447
111 1 10447
1 59 15606
59 1 15606
1 114 10217
114 1 10217
1 115 12055
115 1 12055
1 119 943
119 1 943
1 120 13150
120 1 13150
1 148 12384
148 1 12384
1 122 13914
122 1 13914
1 126 8647
126 1 8647
1 127 11405
127 1 11405
2 3 13213
3 2 13213
2 4 8292
4 2 8292
2 5 6172
5 2 6172
2 6 8289
6 2 8289
2 135 10823
135 2 10823
2 8 6654
8 2 6654
2 137 6784
137 2 6784
2 10 11538
10 2 11538
2 11 5121
11 2 5121
2 140 5662
140 2 5662
2 13 2285
13 2 2285
2 142 1626
142 2 1626
2 143 3008
143 2 3008
2 17 7949
17 2 7949
2 146 1596
146 2 1596
2 19 6591
19 2 6591
2 149 5486
149 2 5486
2 23 11191
23 2 11191
2 25 1050
25 2 1050
2 26 5076
26 2 5076
2 28 15082
28 2 15082
2 33 10094
33 2 10094
2 34 8718
34 2 8718
2 35 3940
35 2 3940
2 36 13380
36 2 13380
2 40 9972
40 2 9972
2 43 11275
43 2 11275
2 46 2106
46 2 2106
2 47 7059
47 2 7059
2 49 5258
49 2 5258
2 52 16075
52 2 16075
2 53 2228
53 2 2228
2 55 7816
55 2 7816
2 59 5349
59 2 5349
2 60 8404
60 2 8404
2 63 14573
63 2 14573
2 65 12939
65 2 12939
2 67 14569
67 2 14569
2 68 9873
68 2 9873
2 69 6701
69 2 6701
2 70 7790
70 2 7790
2 73 5134
73 2 5134
2 75 6485
75 2 6485
2 76 2451
76 2 2451
2 77 4171
77 2 4171
2 81 1635
81 2 1635
2 82 13307
82 2 13307
2 83 13260
83 2 13260
2 84 8869
84 2 8869
2 86 6865
86 2 6865
2 87 4854
87 2 4854
2 89 10075
89 2 10075
2 90 1512
90 2 1512
2 92 12460
92 2 12460
2 94 1372
94 2 1372
2 98 14928
98 2 14928
2 99 3942
99 2 3942
2 101 2395
101 2 2395
2 102 479
102 2 479
2 103 5683
103 2 5683
2 104 2824
104 2 2824
2 105 16124
105 2 16124
2 107 11446
107 2 11446
2 109 7926
109 2 7926
2 112 2165
112 2 2165
2 115 2708
115 2 2708
2 117 1748
117 2 1748
2 119 14874
119 2 14874
2 122 4178
122 2 4178
2 123 14109
123 2 14109
2 124 15841
124 2 15841
2 125 15802
125 2 15802
3 128 391
128 3 391
3 130 11414
130 3 11414
3 115 12702
115 3 12702
3 4 4199
4 3 4199
3 133 971
133 3 971
3 134 10893
134 3 10893
3 7 5261
7 3 5261
3 8 2976
8 3 2976
3 138 8913
138 3 8913
3 139 5629
139 3 5629
3 13 15194
13 3 15194
3 15 6271
15 3 6271
3 145 7822
145 3 7822
3 146 9730
146 3 9730
3 147 1425
147 3 1425
3 20 5944
20 3 5944
3 149 6279
149 3 6279
3 22 5224
22 3 5224
3 26 972
26 3 972
3 27 3539
27 3 3539
3 29 13716
29 3 13716
3 30 7253
30 3 7253
3 32 7771
32 3 7771
3 33 15396
33 3 15396
3 18 12955
18 3 12955
3 36 12913
36 3 12913
3 37 4930
37 3 4930
3 38 2955
38 3 2955
3 129 6062
129 3 6062
3 43 6730
43 3 6730
3 46 13651
46 3 13651
3 48 4624
48 3 4624
3 49 10416
49 3 10416
3 50 14585
50 3 14585
3 51 15010
51 3 15010
3 54 3853
54 3 3853
3 55 7811
55 3 7811
3 56 3879
56 3 3879
3 6 6612
6 3 6612
3 31 15563
31 3 15563
3 60 15277
60 3 15277
3 61 10925
61 3 10925
3 62 13615
62 3 13615
3 63 14455
63 3 14455
3 66 7492
66 3 7492
3 67 14317
67 3 14317
3 73 4286
73 3 4286
3 76 11234
76 3 11234
3 77 8570
77 3 8570
3 79 8542
79 3 8542
3 11 10328
11 3 10328
3 82 9296
82 3 9296
3 83 5304
83 3 5304
3 84 8573
84 3 8573
3 85 13522
85 3 13522
3 87 8503
87 3 8503
3 88 6406
88 3 6406
3 89 769
89 3 769
3 90 14234
90 3 14234
3 91 9628
91 3 9628
3 94 5093
94 3 5093
3 96 10457
96 3 10457
3 97 6149
97 3 6149
3 98 11249
98 3 11249
3 99 13004
99 3 13004
3 102 2540
102 3 2540
3 103 4891
103 3 4891
3 104 15841
104 3 15841
3 105 14784
105 3 14784
3 106 7814
106 3 7814
3 148 9564
148 3 9564
3 109 14163
109 3 14163
3 112 8005
112 3 8005
3 19 9128
19 3 9128
3 116 3531
116 3 3531
3 118 4158
118 3 4158
3 119 13520
119 3 13520
3 121 11840
121 3 11840
3 124 4687
124 3 4687
3 126 9991
126 3 9991
4 129 11837
129 4 11837
4 133 12464
133 4 12464
4 134 7531
134 4 7531
4 135 10367
135 4 10367
4 8 3516
8 4 3516
4 9 13575
9 4 13575
4 138 5922
138 4 5922
4 12 13591
12 4 13591
4 13 3352
13 4 3352
4 142 7996
142 4 7996
4 143 3904
143 4 3904
4 16 1579
16 4 1579
4 18 14231
18 4 14231
4 147 9197
147 4 9197
4 148 2182
148 4 2182
4 149 10173
149 4 10173
4 25 2966
25 4 2966
4 5 2693
5 4 2693
4 29 12873
29 4 12873
4 30 5709
30 4 5709
4 31 7986
31 4 7986
4 32 1415
32 4 1415
4 34 16228
34 4 16228
4 35 7306
35 4 7306
4 37 6905
37 4 6905
4 38 7060
38 4 7060
4 40 16177
40 4 16177
4 28 3329
28 4 3329
4 44 7668
44 4 7668
4 45 1148
45 4 1148
4 46 9179
46 4 9179
4 47 5465
47 4 5465
4 49 15518
49 4 15518
4 50 3484
50 4 3484
4 52 3007
52 4 3007
4 54 5063
54 4 5063
4 55 13492
55 4 13492
4 56 9057
56 4 9057
4 64 1759
64 4 1759
4 19 11138
19 4 11138
4 66 8577
66 4 8577
4 68 4480
68 4 4480
4 71 1603
71 4 1603
4 73 10438
73 4 10438
4 74 15912
74 4 15912
4 78 2757
78 4 2757
4 79 15013
79 4 15013
4 80 325
80 4 325
4 82 16588
82 4 16588
4 83 9985
83 4 9985
4 84 2967
84 4 2967
4 41 2487
41 4 2487
4 88 8389
88 4 8389
4 89 2102
89 4 2102
4 90 2982
90 4 2982
4 92 12568
92 4 12568
4 93 8537
93 4 8537
4 95 2637
95 4 2637
4 98 14033
98 4 14033
4 101 779
101 4 779
4 102 11912
102 4 11912
4 103 9848
103 4 9848
4 104 4008
104 4 4008
4 106 789
106 4 789
4 107 6433
107 4 6433
4 146 6356
146 4 6356
4 113 12118
113 4 12118
4 114 10382
114 4 10382
4 115 9246
115 4 9246
4 118 8674
118 4 8674
4 119 7176
119 4 7176
4 120 15192
120 4 15192
4 121 9587
121 4 9587
4 122 8998
122 4 8998
4 123 12086
123 4 12086
4 124 10480
124 4 10480
4 125 5184
125 4 5184
5 6 475
6 5 475
5 8 1482
8 5 1482
5 9 2947
9 5 2947
5 10 942
10 5 942
5 11 13727
11 5 13727
5 13 4597
13 5 4597
5 17 4140
17 5 4140
5 20 10805
20 5 10805
5 21 8186
21 5 8186
5 23 809
23 5 809
5 28 12645
28 5 12645
5 29 7323
29 5 7323
5 30 5523
30 5 5523
5 31 12620
31 5 12620
5 33 9060
33 5 9060
5 34 1208
34 5 1208
5 36 11860
36 5 11860
5 40 1255
40 5 1255
5 42 5473
42 5 5473
5 45 14774
45 5 14774
5 46 5906
46 5 5906
5 47 889
47 5 889
5 48 12252
48 5 12252
5 51 4279
51 5 4279
5 52 7478
52 5 7478
5 57 15447
57 5 15447
5 63 5221
63 5 5221
5 64 14289
64 5 14289
5 66 12070
66 5 12070
5 75 5337
75 5 5337
5 76 9357
76 5 9357
5 77 11510
77 5 11510
5 78 13610
78 5 13610
5 79 2618
79 5 2618
5 80 5358
80 5 5358
5 81 15821
81 5 15821
5 82 16042
82 5 16042
5 85 15496
85 5 15496
5 86 11399
86 5 11399
5 87 11505
87 5 11505
5 88 12686
88 5 12686
5 90 14534
90 5 14534
5 91 2165
91 5 2165
5 92 13423
92 5 13423
5 94 9337
94 5 9337
5 96 1343
96 5 1343
5 97 10516
97 5 10516
5 98 672
98 5 672
5 99 9201
99 5 9201
5 101 1163
101 5 1163
5 103 8450
103 5 8450
5 104 7596
104 5 7596
5 106 1756
106 5 1756
5 107 2351
107 5 2351
5 108 11999
108 5 11999
5 110 8449
110 5 8449
5 111 312
111 5 312
5 113 7801
113 5 7801
5 114 2217
114 5 2217
5 115 5764
115 5 5764
5 116 13492
116 5 13492
5 117 12330
117 5 12330
5 119 3954
119 5 3954
5 120 9757
120 5 9757
5 121 2639
121 5 2639
5 122 16680
122 5 16680
5 123 9963
123 5 9963
5 124 10639
124 5 10639
5 126 14020
126 5 14020
5 127 16118
127 5 16118
5 129 11589
129 5 11589
5 132 9985
132 5 9985
5 133 12657
133 5 12657
5 136 4891
136 5 4891
5 137 8796
137 5 8796
5 138 11572
138 5 11572
5 139 3617
139 5 3617
5 140 5175
140 5 5175
5 141 10584
141 5 10584
5 142 12253
142 5 12253
5 143 12798
143 5 12798
5 145 3798
145 5 3798
5 149 239
149 5 239
6 133 3860
133 6 3860
6 135 9386
135 6 9386
6 8 8912
8 6 8912
6 137 3400
137 6 3400
6 10 9122
10 6 9122
6 11 5453
11 6 5453
6 140 10535
140 6 10535
6 141 509
141 6 509
6 15 7434
15 6 7434
6 16 15204
16 6 15204
6 145 16222
145 6 16222
6 19 5899
19 6 5899
6 148 1817
148 6 1817
6 21 8252
21 6 8252
6 22 2145
22 6 2145
6 23 2620
23 6 2620
6 24 16238
24 6 16238
6 25 11008
25 6 11008
6 26 2524
26 6 2524
6 27 1095
27 6 1095
6 32 10160
32 6 10160
6 33 12343
33 6 12343
6 139 1271
139 6 1271
6 41 7021
41 6 7021
6 42 9295
42 6 9295
6 7 10285
7 6 10285
6 44 13333
44 6 13333
6 46 7424
46 6 7424
6 47 6621
47 6 6621
6 48 12923
48 6 12923
6 49 6177
49 6 6177
6 51 14869
51 6 14869
6 52 16011
52 6 16011
6 53 6653
53 6 6653
6 55 10752
55 6 10752
6 57 16740
57 6 16740
6 58 15240
58 6 15240
6 60 151
60 6 151
6 138 14539
138 6 14539
6 62 10441
62 6 10441
6 66 3447
66 6 3447
6 67 11893
67 6 11893
6 69 300
69 6 300
6 72 8795
72 6 8795
6 12 12182
12 6 12182
6 74 13066
74 6 13066
6 76 2950
76 6 2950
6 78 12525
78 6 12525
6 79 539
79 6 539
6 80 5983
80 6 5983
6 82 5667
82 6 5667
6 84 4470
84 6 4470
6 89 11363
89 6 11363
6 90 7122
90 6 7122
6 143 14466
143 6 14466
6 94 4482
94 6 4482
6 37 656
37 6 656
6 96 10296
96 6 10296
6 99 2837
99 6 2837
6 102 3718
102 6 3718
6 103 12154
103 6 12154
6 104 13422
104 6 13422
6 107 5183
107 6 5183
6 108 11504
108 6 11504
6 136 1217
136 6 1217
6 147 1627
147 6 1627
6 116 3497
116 6 3497
6 117 2950
117 6 2950
6 118 6030
118 6 6030
6 119 12715
119 6 12715
6 120 11167
120 6 11167
6 122 8468
122 6 8468
6 124 9249
124 6 9249
6 125 9062
125 6 9062
6 126 12991
126 6 12991
6 127 5844
127 6 5844
7 128 5479
128 7 5479
7 129 13878
129 7 13878
7 133 11307
133 7 11307
7 135 11285
135 7 11285
7 8 7014
8 7 7014
7 9 1107
9 7 1107
7 11 73
11 7 73
7 12 12527
12 7 12527
7 13 8890
13 7 8890
7 143 7498
143 7 7498
7 141 15493
141 7 15493
7 17 16445
17 7 16445
7 131 8821
131 7 8821
7 21 8369
21 7 8369
7 22 3274
22 7 3274
7 23 3979
23 7 3979
7 24 15278
24 7 15278
7 29 6966
29 7 6966
7 30 10856
30 7 10856
7 32 3719
32 7 3719
7 33 7491
33 7 7491
7 34 16599
34 7 16599
7 91 15008
91 7 15008
7 39 9026
39 7 9026
7 40 8521
40 7 8521
7 42 3411
42 7 3411
7 43 3951
43 7 3951
7 44 7899
44 7 7899
7 45 7754
45 7 7754
7 48 13828
48 7 13828
7 49 16443
49 7 16443
7 50 8931
50 7 8931
7 52 9649
52 7 9649
7 53 6290
53 7 6290
7 59 10166
59 7 10166
7 60 8960
60 7 8960
7 62 13601
62 7 13601
7 63 14212
63 7 14212
7 64 13677
64 7 13677
7 65 3746
65 7 3746
7 66 12805
66 7 12805
7 139 5174
139 7 5174
7 73 14670
73 7 14670
7 75 4117
75 7 4117
7 78 6575
78 7 6575
7 79 1511
79 7 1511
7 80 10033
80 7 10033
7 81 13769
81 7 13769
7 85 15509
85 7 15509
7 89 6031
89 7 6031
7 90 3253
90 7 3253
7 15 10070
15 7 10070
7 92 9814
92 7 9814
7 93 2318
93 7 2318
7 94 4097
94 7 4097
7 95 15838
95 7 15838
7 98 1855
98 7 1855
7 99 505
99 7 505
7 145 9575
145 7 9575
7 105 4457
105 7 4457
7 106 14674
106 7 14674
7 108 7678
108 7 7678
7 111 11271
111 7 11271
7 127 1995
127 7 1995
8 129 8791
129 8 8791
8 136 12329
136 8 12329
8 137 10934
137 8 10934
8 10 10454
10 8 10454
8 11 13057
11 8 13057
8 141 8864
141 8 8864
8 14 498
14 8 498
8 143 15604
143 8 15604
8 131 10462
131 8 10462
8 148 1253
148 8 1253
8 21 1630
21 8 1630
8 23 5812
23 8 5812
8 27 2281
27 8 2281
8 29 15818
29 8 15818
8 30 2357
30 8 2357
8 31 11785
31 8 11785
8 133 6946
133 8 6946
8 34 8302
34 8 8302
8 37 6152
37 8 6152
8 40 9688
40 8 9688
8 42 3201
42 8 3201
8 43 12790
43 8 12790
8 47 8224
47 8 8224
8 48 621
48 8 621
8 50 14551
50 8 14551
8 115 6954
115 8 6954
8 52 2312
52 8 2312
8 56 7006
56 8 7006
8 58 13230
58 8 13230
8 134 4391
134 8 4391
8 70 2393
70 8 2393
8 71 10259
71 8 10259
8 15 7116
15 8 7116
8 73 8863
73 8 8863
8 74 16358
74 8 16358
8 75 4096
75 8 4096
8 76 3425
76 8 3425
8 77 14127
77 8 14127
8 78 15277
78 8 15277
8 13 15956
13 8 15956
8 81 2648
81 8 2648
8 82 14546
82 8 14546
8 86 13496
86 8 13496
8 87 5331
87 8 5331
8 88 2336
88 8 2336
8 90 5995
90 8 5995
8 91 7751
91 8 7751
8 92 10870
92 8 10870
8 93 9840
93 8 9840
8 97 211
97 8 211
8 101 15801
101 8 15801
8 106 912
106 8 912
8 109 1486
109 8 1486
8 110 12088
110 8 12088
8 113 4213
113 8 4213
8 19 7498
19 8 7498
8 116 8368
116 8 8368
8 118 9653
118 8 9653
8 119 13399
119 8 13399
8 122 9800
122 8 9800
8 126 11693
126 8 11693
8 127 15031
127 8 15031
9 130 2243
130 9 2243
9 131 3073
131 9 3073
9 132 9789
132 9 9789
9 133 4019
133 9 4019
9 134 3559
134 9 3559
9 137 14967
137 9 14967
9 139 10413
139 9 10413
9 140 2128
140 9 2128
9 13 8796
13 9 8796
9 14 11297
14 9 11297
9 15 11908
15 9 11908
9 145 4315
145 9 4315
9 146 446
146 9 446
9 19 13305
19 9 13305
9 20 9129
20 9 9129
9 24 3590
24 9 3590
9 25 10951
25 9 10951
9 27 7867
27 9 7867
9 28 6014
28 9 6014
9 29 6314
29 9 6314
9 31 11131
31 9 11131
9 32 14447
32 9 14447
9 33 5573
33 9 5573
9 36 15270
36 9 15270
9 43 7214
43 9 7214
9 44 5327
44 9 5327
9 45 11737
45 9 11737
9 46 146
46 9 146
9 48 15449
48 9 15449
9 49 139
49 9 139
9 50 6487
50 9 6487
9 52 7392
52 9 7392
9 53 5128
53 9 5128
9 54 9333
54 9 9333
9 56 11841
56 9 11841
9 57 8211
57 9 8211
9 58 1561
58 9 1561
9 63 6439
63 9 6439
9 64 7406
64 9 7406
9 65 8315
65 9 8315
9 66 13881
66 9 13881
9 11 4934
11 9 4934
9 71 5069
71 9 5069
9 72 4882
72 9 4882
9 75 1998
75 9 1998
9 76 9545
76 9 9545
9 78 14122
78 9 14122
9 82 12225
82 9 12225
9 83 13643
83 9 13643
9 84 5116
84 9 5116
9 85 11662
85 9 11662
9 86 8356
86 9 8356
9 87 1568
87 9 1568
9 89 2805
89 9 2805
9 90 4319
90 9 4319
9 93 12422
93 9 12422
9 96 12439
96 9 12439
9 98 7146
98 9 7146
9 99 14395
99 9 14395
9 100 14955
100 9 14955
9 102 2749
102 9 2749
9 103 10054
103 9 10054
9 105 13887
105 9 13887
9 106 9317
106 9 9317
9 110 2480
110 9 2480
9 111 4002
111 9 4002
9 112 1494
112 9 1494
9 113 8606
113 9 8606
9 114 4140
114 9 4140
9 115 1586
115 9 1586
9 117 10463
117 9 10463
9 118 12883
118 9 12883
9 148 6442
148 9 6442
9 122 86
122 9 86
9 123 13237
123 9 13237
9 126 8268
126 9 8268
9 127 4125
127 9 4125
10 129 12256
129 10 12256
10 130 10690
130 10 10690
10 134 16423
134 10 16423
10 136 1013
136 10 1013
10 137 813
137 10 813
10 138 11893
138 10 11893
10 11 2258
11 10 2258
10 14 4189
14 10 4189
10 141 13117
141 10 13117
10 146 15914
146 10 15914
10 19 16639
19 10 16639
10 25 13116
25 10 13116
10 26 14577
26 10 14577
10 27 2466
27 10 2466
10 28 8761
28 10 8761
10 29 7280
29 10 7280
10 30 11661
30 10 11661
10 34 11618
34 10 11618
10 35 15570
35 10 15570
10 49 10934
49 10 10934
10 41 14250
41 10 14250
10 42 14065
42 10 14065
10 44 13136
44 10 13136
10 47 2349
47 10 2349
10 48 5183
48 10 5183
10 52 8207
52 10 8207
10 54 15423
54 10 15423
10 57 7056
57 10 7056
10 58 11497
58 10 11497
10 59 2892
59 10 2892
10 60 13826
60 10 13826
10 64 7311
64 10 7311
10 65 13135
65 10 13135
10 67 1339
67 10 1339
10 68 4275
68 10 4275
10 69 13790
69 10 13790
10 72 2380
72 10 2380
10 73 7635
73 10 7635
10 74 11504
74 10 11504
10 75 13654
75 10 13654
10 76 2641
76 10 2641
10 77 2886
77 10 2886
10 79 1719
79 10 1719
10 80 6895
80 10 6895
10 81 3738
81 10 3738
10 82 3580
82 10 3580
10 85 5829
85 10 5829
10 142 16358
142 10 16358
10 86 1613
86 10 1613
10 87 15353
87 10 15353
10 88 5294
88 10 5294
10 90 13513
90 10 13513
10 92 15652
92 10 15652
10 93 3558
93 10 3558
10 94 12621
94 10 12621
10 95 13625
95 10 13625
10 97 9729
97 10 9729
10 101 8133
101 10 8133
10 103 9661
103 10 9661
10 106 9846
106 10 9846
10 108 2991
108 10 2991
10 18 13913
18 10 13913
10 111 14717
111 10 14717
10 112 382
112 10 382
10 115 11204
115 10 11204
10 117 1570
117 10 1570
10 118 6868
118 10 6868
10 119 2859
119 10 2859
10 122 5338
122 10 5338
10 123 6776
123 10 6776
10 124 6066
124 10 6066
10 126 7435
126 10 7435
10 127 11946
127 10 11946
11 128 15379
128 11 15379
11 132 5678
132 11 5678
11 134 4873
134 11 4873
11 136 10135
136 11 10135
11 139 5256
139 11 5256
11 12 4697
12 11 4697
11 13 2682
13 11 2682
11 144 15202
144 11 15202
11 17 16688
17 11 16688
11 146 16496
146 11 16496
11 20 3932
20 11 3932
11 21 15305
21 11 15305
11 22 13520
22 11 13520
11 23 1157
23 11 1157
11 28 9243
28 11 9243
11 29 4392
29 11 4392
11 31 15991
31 11 15991
11 32 8150
32 11 8150
11 133 12450
133 11 12450
11 34 3545
34 11 3545
11 35 15544
35 11 15544
11 37 2096
37 11 2096
11 38 3120
38 11 3120
11 39 6533
39 11 6533
11 129 12640
129 11 12640
11 41 16694
41 11 16694
11 42 13710
42 11 13710
11 43 4982
43 11 4982
11 45 2116
45 11 2116
11 48 2630
48 11 2630
11 49 8326
49 11 8326
11 50 13569
50 11 13569
11 52 14890
52 11 14890
11 54 5647
54 11 5647
11 56 515
56 11 515
11 57 16226
57 11 16226
11 59 6358
59 11 6358
11 67 8631
67 11 8631
11 69 6713
69 11 6713
11 70 4132
70 11 4132
11 72 14503
72 11 14503
11 73 15985
73 11 15985
11 74 11673
74 11 11673
11 76 3552
76 11 3552
11 78 9737
78 11 9737
11 80 6313
80 11 6313
11 84 12512
84 11 12512
11 93 6339
93 11 6339
11 130 5831
130 11 5831
11 98 2173
98 11 2173
11 100 9892
100 11 9892
11 101 14650
101 11 14650
11 102 10592
102 11 10592
11 103 766
103 11 766
11 111 12263
111 11 12263
11 112 10355
112 11 10355
11 113 9775
113 11 9775
11 114 3914
114 11 3914
11 116 3885
116 11 3885
11 117 3942
117 11 3942
11 120 16558
120 11 16558
11 124 7609
124 11 7609
11 125 1897
125 11 1897
11 127 15987
127 11 15987
12 128 8553
128 12 8553
12 130 6539
130 12 6539
12 132 11415
132 12 11415
12 133 634
133 12 634
12 136 1446
136 12 1446
12 138 13330
138 12 13330
12 140 8924
140 12 8924
12 141 4950
141 12 4950
12 142 16290
142 12 16290
12 144 6479
144 12 6479
12 145 509
145 12 509
12 18 7760
18 12 7760
12 19 1088
19 12 1088
12 25 5426
25 12 5426
12 26 9016
26 12 9016
12 30 13540
30 12 13540
12 36 10055
36 12 10055
12 146 5987
146 12 5987
12 39 12830
39 12 12830
12 43 27
43 12 27
12 44 5236
44 12 5236
12 45 9214
45 12 9214
12 50 14900
50 12 14900
12 51 5145
51 12 5145
12 54 6004
54 12 6004
12 55 9977
55 12 9977
12 57 10145
57 12 10145
12 59 15036
59 12 15036
12 60 8623
60 12 8623
12 61 12629
61 12 12629
12 62 5962
62 12 5962
12 64 6278
64 12 6278
12 66 11358
66 12 11358
12 67 14002
67 12 14002
12 71 7520
71 12 7520
12 73 8860
73 12 8860
12 76 10999
76 12 10999
12 77 11845
77 12 11845
12 78 14721
78 12 14721
12 13 9876
13 12 9876
12 81 9240
81 12 9240
12 82 5966
82 12 5966
12 83 9362
83 12 9362
12 84 7804
84 12 7804
12 14 8780
14 12 8780
12 89 4290
89 12 4290
12 90 13345
90 12 13345
12 91 9414
91 12 9414
12 95 9806
95 12 9806
12 99 13010
99 12 13010
12 102 13685
102 12 13685
12 105 156
105 12 156
12 106 3862
106 12 3862
12 108 15200
108 12 15200
12 109 2564
109 12 2564
12 111 13651
111 12 13651
12 112 2673
112 12 2673
12 116 312
116 12 312
12 126 8196
126 12 8196
12 118 13728
118 12 13728
12 119 11767
119 12 11767
12 121 5353
121 12 5353
12 122 8166
122 12 8166
12 127 2324
127 12 2324
13 133 13980
133 13 13980
13 138 8222
138 13 8222
13 130 5192
130 13 5192
13 14 3377
14 13 3377
13 16 7351
16 13 7351
13 146 6672
146 13 6672
13 148 13482
148 13 13482
13 21 10691
21 13 10691
13 22 11053
22 13 11053
13 25 13388
25 13 13388
13 28 7288
28 13 7288
13 30 4316
30 13 4316
13 32 5802
32 13 5802
13 33 13320
33 13 13320
13 34 887
34 13 887
13 35 4761
35 13 4761
13 37 14346
37 13 14346
13 38 11886
38 13 11886
13 39 981
39 13 981
13 129 115
129 13 115
13 41 12655
41 13 12655
13 43 4042
43 13 4042
13 46 15852
46 13 15852
13 47 15638
47 13 15638
13 48 15468
48 13 15468
13 50 8232
50 13 8232
13 52 5370
52 13 5370
13 54 10098
54 13 10098
13 61 2472
61 13 2472
13 64 14089
64 13 14089
13 65 11642
65 13 11642
13 66 11040
66 13 11040
13 67 6255
67 13 6255
13 70 14811
70 13 14811
13 71 3828
71 13 3828
13 72 667
72 13 667
13 73 14152
73 13 14152
13 74 2081
74 13 2081
13 75 10940
75 13 10940
13 78 4481
78 13 4481
13 80 13311
80 13 13311
13 81 15608
81 13 15608
13 83 13703
83 13 13703
13 142 14845
142 13 14845
13 88 10734
88 13 10734
13 89 11192
89 13 11192
13 90 12850
90 13 12850
13 91 10780
91 13 10780
13 92 3659
92 13 3659
13 96 16187
96 13 16187
13 98 5356
98 13 5356
13 99 7710
99 13 7710
13 101 2046
101 13 2046
13 103 15420
103 13 15420
13 105 8192
105 13 8192
13 106 11367
106 13 11367
13 107 13935
107 13 13935
13 108 992
108 13 992
13 110 14388
110 13 14388
13 111 6139
111 13 6139
13 112 10485
112 13 10485
13 115 16269
115 13 16269
13 116 11971
116 13 11971
13 117 1248
117 13 1248
13 118 7145
118 13 7145
13 121 16140
121 13 16140
13 122 15027
122 13 15027
13 124 4427
124 13 4427
13 125 15531
125 13 15531
14 129 865
129 14 865
14 131 5873
131 14 5873
14 17 10829
17 14 10829
14 143 2203
143 14 2203
14 145 9109
145 14 9109
14 19 13139
19 14 13139
14 148 6016
148 14 6016
14 22 15055
22 14 15055
14 23 1804
23 14 1804
14 25 2967
25 14 2967
14 26 13548
26 14 13548
14 27 7758
27 14 7758
14 28 16160
28 14 16160
14 29 3006
29 14 3006
14 32 1149
32 14 1149
14 34 5812
34 14 5812
14 35 14220
35 14 14220
14 36 3708
36 14 3708
14 38 2973
38 14 2973
14 39 14945
39 14 14945
14 40 2649
40 14 2649
14 41 10076
41 14 10076
14 42 11795
42 14 11795
14 43 9333
43 14 9333
14 46 2978
46 14 2978
14 47 12108
47 14 12108
14 50 6094
50 14 6094
14 128 11629
128 14 11629
14 137 6419
137 14 6419
14 58 7233
58 14 7233
14 59 15061
59 14 15061
14 61 12936
61 14 12936
14 63 7387
63 14 7387
14 64 404
64 14 404
14 66 2257
66 14 2257
14 67 11976
67 14 11976
14 68 13420
68 14 13420
14 72 4122
72 14 4122
14 73 3016
73 14 3016
14 74 1653
74 14 1653
14 77 9869
77 14 9869
14 78 9646
78 14 9646
14 83 7691
83 14 7691
14 84 6605
84 14 6605
14 140 9342
140 14 9342
14 87 8329
87 14 8329
14 88 16590
88 14 16590
14 90 11707
90 14 11707
14 15 10439
15 14 10439
14 92 10227
92 14 10227
14 95 7383
95 14 7383
14 97 12559
97 14 12559
14 98 12251
98 14 12251
14 99 15460
99 14 15460
14 102 8764
102 14 8764
14 103 3905
103 14 3905
14 104 10287
104 14 10287
14 105 2602
105 14 2602
14 107 3633
107 14 3633
14 110 12255
110 14 12255
14 114 10572
114 14 10572
14 117 9695
117 14 9695
14 118 8236
118 14 8236
14 120 10158
120 14 10158
14 123 7750
123 14 7750
14 124 6727
124 14 6727
14 125 15368
125 14 15368
14 127 5259
127 14 5259
15 128 739
128 15 739
15 130 7737
130 15 7737
15 135 11788
135 15 11788
15 141 10815
141 15 10815
15 17 16472
17 15 16472
15 18 15033
18 15 15033
15 131 3202
131 15 3202
15 148 13738
148 15 13738
15 22 6230
22 15 6230
15 25 7077
25 15 7077
15 30 1830
30 15 1830
15 33 4876
33 15 4876
15 34 803
34 15 803
15 35 10016
35 15 10016
15 36 12051
36 15 12051
15 37 14490
37 15 14490
15 39 15938
39 15 15938
15 40 5970
40 15 5970
15 42 6473
42 15 6473
15 43 6104
43 15 6104
15 45 1996
45 15 1996
15 142 14368
142 15 14368
15 47 5400
47 15 5400
15 49 13563
49 15 13563
15 50 12335
50 15 12335
15 51 16397
51 15 16397
15 53 14426
53 15 14426
15 55 8612
55 15 8612
15 19 8493
19 15 8493
15 65 13250
65 15 13250
15 66 9286
66 15 9286
15 67 4801
67 15 4801
15 69 12391
69 15 12391
15 70 4811
70 15 4811
15 71 844
71 15 844
15 72 12916
72 15 12916
15 73 11715
73 15 11715
15 76 15497
76 15 15497
15 77 7809
77 15 7809
15 79 2980
79 15 2980
15 80 13892
80 15 13892
15 81 12460
81 15 12460
15 82 1249
82 15 1249
15 85 2958
85 15 2958
15 57 8880
57 15 8880
15 88 237
88 15 237
15 90 8770
90 15 8770
15 91 12177
91 15 12177
15 93 10511
93 15 10511
15 94 258
94 15 258
15 95 12975
95 15 12975
15 97 7444
97 15 7444
15 98 8215
98 15 8215
15 103 10729
103 15 10729
15 104 1358
104 15 1358
15 106 2401
106 15 2401
15 107 629
107 15 629
15 109 3890
109 15 3890
15 114 8768
114 15 8768
15 115 9560
115 15 9560
15 116 15593
116 15 15593
15 119 12161
119 15 12161
15 120 16569
120 15 16569
15 121 5212
121 15 5212
15 122 11792
122 15 11792
16 130 14448
130 16 14448
16 131 10040
131 16 10040
16 129 6410
129 16 6410
16 136 12094
136 16 12094
16 137 12284
137 16 12284
16 138 10944
138 16 10944
16 143 11227
143 16 11227
16 18 12300
18 16 12300
16 19 1066
19 16 1066
16 149 4951
149 16 4951
16 22 8534
22 16 8534
16 23 10574
23 16 10574
16 132 16037
132 16 16037
16 26 11924
26 16 11924
16 30 16288
30 16 16288
16 31 11422
31 16 11422
16 35 3831
35 16 3831
16 134 15753
134 16 15753
16 39 13063
39 16 13063
16 43 9098
43 16 9098
16 44 6059
44 16 6059
16 46 2274
46 16 2274
16 47 8899
47 16 8899
16 48 3239
48 16 3239
16 49 14713
49 16 14713
16 51 12673
51 16 12673
16 52 2224
52 16 2224
16 54 2223
54 16 2223
16 55 8810
55 16 8810
16 56 6020
56 16 6020
16 58 9636
58 16 9636
16 62 2336
62 16 2336
16 64 7853
64 16 7853
16 65 9452
65 16 9452
16 66 6785
66 16 6785
16 67 6219
67 16 6219
16 69 9069
69 16 9069
16 70 10456
70 16 10456
16 72 15305
72 16 15305
16 73 5530
73 16 5530
16 78 2090
78 16 2090
16 79 4739
79 16 4739
16 80 15248
80 16 15248
16 81 2957
81 16 2957
16 91 16012
91 16 16012
16 95 13441
95 16 13441
16 97 9432
97 16 9432
16 98 16345
98 16 16345
16 100 14035
100 16 14035
16 101 12341
101 16 12341
16 103 15897
103 16 15897
16 104 4116
104 16 4116
16 105 16518
105 16 16518
16 106 8658
106 16 8658
16 107 9276
107 16 9276
16 112 12130
112 16 12130
16 113 14959
113 16 14959
16 115 7493
115 16 7493
16 116 13778
116 16 13778
16 117 11123
117 16 11123
16 124 13327
124 16 13327
16 125 5328
125 16 5328
17 128 6841
128 17 6841
17 132 11552
132 17 11552
17 136 8772
136 17 8772
17 138 11918
138 17 11918
17 140 12108
140 17 12108
17 141 16599
141 17 16599
17 144 11549
144 17 11549
17 145 800
145 17 800
17 18 16028
18 17 16028
17 19 6472
19 17 6472
17 148 9297
148 17 9297
17 23 12119
23 17 12119
17 24 9586
24 17 9586
17 28 14514
28 17 14514
17 30 14074
30 17 14074
17 34 11944
34 17 11944
17 35 15378
35 17 15378
17 36 12449
36 17 12449
17 37 2482
37 17 2482
17 42 15743
42 17 15743
17 45 3653
45 17 3653
17 47 4809
47 17 4809
17 48 1608
48 17 1608
17 49 3260
49 17 3260
17 50 7813
50 17 7813
17 52 11760
52 17 11760
17 53 10363
53 17 10363
17 55 13939
55 17 13939
17 63 15747
63 17 15747
17 139 11731
139 17 11731
17 68 10874
68 17 10874
17 69 215
69 17 215
17 70 6102
70 17 6102
17 71 11281
71 17 11281
17 72 9015
72 17 9015
17 73 891
73 17 891
17 79 10132
79 17 10132
17 82 8388
82 17 8388
17 84 2624
84 17 2624
17 86 13911
86 17 13911
17 87 15140
87 17 15140
17 89 8465
89 17 8465
17 90 8359
90 17 8359
17 91 2672
91 17 2672
17 93 10943
93 17 10943
17 94 16218
94 17 16218
17 95 6651
95 17 6651
17 97 7966
97 17 7966
17 67 10426
67 17 10426
17 99 15649
99 17 15649
17 101 13491
101 17 13491
17 102 15606
102 17 15606
17 108 7911
108 17 7911
17 112 16188
112 17 16188
17 147 12218
147 17 12218
17 116 9663
116 17 9663
17 118 5717
118 17 5717
17 120 14608
120 17 14608
17 123 11114
123 17 11114
17 125 3059
125 17 3059
18 129 15367
129 18 15367
18 130 6792
130 18 6792
18 135 9705
135 18 9705
18 136 3197
136 18 3197
18 138 4710
138 18 4710
18 140 12810
140 18 12810
18 141 9950
141 18 9950
18 19 338
19 18 338
18 149 9724
149 18 9724
18 23 14237
23 18 14237
18 132 5269
132 18 5269
18 27 15731
27 18 15731
18 29 16691
29 18 16691
18 30 10263
30 18 10263
18 31 2617
31 18 2617
18 32 10652
32 18 10652
18 33 8816
33 18 8816
18 34 932
34 18 932
18 37 5578
37 18 5578
18 40 2117
40 18 2117
18 41 9306
41 18 9306
18 42 13399
42 18 13399
18 43 9262
43 18 9262
18 44 7824
44 18 7824
18 45 12496
45 18 12496
18 49 2678
49 18 2678
18 50 7658
50 18 7658
18 51 6834
51 18 6834
18 53 9380
53 18 9380
18 54 3442
54 18 3442
18 55 5521
55 18 5521
18 56 13803
56 18 13803
18 57 10846
57 18 10846
18 58 15087
58 18 15087
18 60 5693
60 18 5693
18 62 14761
62 18 14761
18 64 6773
64 18 6773
18 66 6261
66 18 6261
18 67 462
67 18 462
18 69 16454
69 18 16454
18 70 15840
70 18 15840
18 71 6478
71 18 6478
18 78 1672
78 18 1672
18 82 5213
82 18 5213
18 85 7172
85 18 7172
18 89 5185
89 18 5185
18 90 10776
90 18 10776
18 91 15524
91 18 15524
18 92 9056
92 18 9056
18 93 9738
93 18 9738
18 94 16380
94 18 16380
18 95 3935
95 18 3935
18 96 13333
96 18 13333
18 97 8588
97 18 8588
18 98 15424
98 18 15424
18 99 13744
99 18 13744
18 100 7256
100 18 7256
18 103 6766
103 18 6766
18 104 12557
104 18 12557
18 106 7200
106 18 7200
18 108 10113
108 18 10113
18 61 4114
61 18 4114
18 112 4279
112 18 4279
18 115 15909
115 18 15909
18 118 12338
118 18 12338
18 119 8603
119 18 8603
18 121 6065
121 18 6065
18 122 14837
122 18 14837
18 123 14689
123 18 14689
18 127 15002
127 18 15002
19 129 9938
129 19 9938
19 135 5927
135 19 5927
19 138 13284
138 19 13284
19 147 5890
147 19 5890
19 148 7018
148 19 7018
19 149 10956
149 19 10956
19 22 7848
22 19 7848
19 23 8193
23 19 8193
19 30 15139
30 19 15139
19 32 1613
32 19 1613
19 33 4884
33 19 4884
19 34 5207
34 19 5207
19 36 16135
36 19 16135
19 40 736
40 19 736
19 41 6103
41 19 6103
19 43 145
43 19 145
19 44 5321
44 19 5321
19 45 4007
45 19 4007
19 46 2388
46 19 2388
19 47 4842
47 19 4842
19 48 1009
48 19 1009
19 136 12649
136 19 12649
19 50 9952
50 19 9952
19 51 15786
51 19 15786
19 52 7552
52 19 7552
19 53 13542
53 19 13542
19 55 4862
55 19 4862
19 61 16713
61 19 16713
19 70 13894
70 19 13894
19 72 12573
72 19 12573
19 74 5757
74 19 5757
19 75 3517
75 19 3517
19 78 13586
78 19 13586
19 83 14492
83 19 14492
19 85 4018
85 19 4018
19 88 7340
88 19 7340
19 90 5591
90 19 5591
19 93 15813
93 19 15813
19 94 3699
94 19 3699
19 97 12265
97 19 12265
19 98 5005
98 19 5005
19 103 11125
103 19 11125
19 104 11818
104 19 11818
19 106 5123
106 19 5123
19 113 14618
113 19 14618
19 115 157
115 19 157
19 116 8956
116 19 8956
19 118 7955
118 19 7955
19 119 5849
119 19 5849
19 20 8691
20 19 8691
19 123 15393
123 19 15393
19 126 15670
126 19 15670
19 127 13212
127 19 13212
20 128 12063
128 20 12063
20 129 1346
129 20 1346
20 130 13230
130 20 13230
20 133 14715
133 20 14715
20 134 8693
134 20 8693
20 138 7323
138 20 7323
20 140 13981
140 20 13981
20 142 9371
142 20 9371
20 143 13193
143 20 13193
20 131 15339
131 20 15339
20 148 5467
148 20 5467
20 21 9163
21 20 9163
20 22 16117
22 20 16117
20 25 5516
25 20 5516
20 27 5731
27 20 5731
20 28 13885
28 20 13885
20 29 13466
29 20 13466
20 30 12030
30 20 12030
20 33 1669
33 20 1669
20 36 5295
36 20 5295
20 39 14651
39 20 14651
20 40 7849
40 20 7849
20 41 10016
41 20 10016
20 43 1491
43 20 1491
20 45 1321
45 20 1321
20 48 13466
48 20 13466
20 49 10811
49 20 10811
20 50 15617
50 20 15617
20 137 12087
137 20 12087
20 59 2548
59 20 2548
20 65 5801
65 20 5801
20 66 10157
66 20 10157
20 68 9825
68 20 9825
20 69 10892
69 20 10892
20 70 12637
70 20 12637
20 71 3170
71 20 3170
20 73 4336
73 20 4336
20 74 8253
74 20 8253
20 79 160
79 20 160
20 80 3217
80 20 3217
20 84 2969
84 20 2969
20 147 8449
147 20 8449
20 86 790
86 20 790
20 90 11105
90 20 11105
20 91 4770
91 20 4770
20 92 7081
92 20 7081
20 93 412
93 20 412
20 94 14293
94 20 14293
20 95 628
95 20 628
20 96 13258
96 20 13258
20 97 3972
97 20 3972
20 100 14193
100 20 14193
20 102 5376
102 20 5376
20 103 11958
103 20 11958
20 108 16485
108 20 16485
20 110 16492
110 20 16492
20 111 1414
111 20 1414
20 115 14528
115 20 14528
20 116 2262
116 20 2262
20 117 8012
117 20 8012
20 118 16413
118 20 16413
20 120 6249
120 20 6249
20 125 14408
125 20 14408
20 127 6031
127 20 6031
21 130 4276
130 21 4276
21 131 11310
131 21 11310
21 132 14108
132 21 14108
21 134 6659
134 21 6659
21 137 14798
137 21 14798
21 142 1100
142 21 1100
21 143 15770
143 21 15770
21 144 16085
144 21 16085
21 148 10562
148 21 10562
21 149 4084
149 21 4084
21 24 9943
24 21 9943
21 25 14507
25 21 14507
21 26 8368
26 21 8368
21 27 5879
27 21 5879
21 32 1271
32 21 1271
21 34 7798
34 21 7798
21 35 1819
35 21 1819
21 37 12479
37 21 12479
21 40 4830
40 21 4830
21 41 13237
41 21 13237
21 43 15228
43 21 15228
21 44 16649
44 21 16649
21 46 2066
46 21 2066
21 47 1674
47 21 1674
21 49 1642
49 21 1642
21 50 5572
50 21 5572
21 51 7493
51 21 7493
21 54 6104
54 21 6104
21 56 8771
56 21 8771
21 59 13960
59 21 13960
21 61 4073
61 21 4073
21 62 6973
62 21 6973
21 63 15802
63 21 15802
21 64 7756
64 21 7756
21 139 6754
139 21 6754
21 68 2159
68 21 2159
21 69 9512
69 21 9512
21 70 3981
70 21 3981
21 72 8981
72 21 8981
21 73 417
73 21 417
21 76 13954
76 21 13954
21 79 16083
79 21 16083
21 141 6640
141 21 6640
21 82 16642
82 21 16642
21 83 3099
83 21 3099
21 85 7230
85 21 7230
21 88 7756
88 21 7756
21 89 6763
89 21 6763
21 91 2233
91 21 2233
21 135 11760
135 21 11760
21 96 10529
96 21 10529
21 97 14915
97 21 14915
21 100 6276
100 21 6276
21 102 7406
102 21 7406
21 104 16081
104 21 16081
21 105 7324
105 21 7324
21 108 3950
108 21 3950
21 109 14113
109 21 14113
21 112 6407
112 21 6407
21 113 10954
113 21 10954
21 115 7757
115 21 7757
21 121 12701
121 21 12701
21 122 12028
122 21 12028
21 125 12065
125 21 12065
21 126 2487
126 21 2487
22 129 8931
129 22 8931
22 130 15880
130 22 15880
22 138 11512
138 22 11512
22 140 10994
140 22 10994
22 144 9552
144 22 9552
22 148 12867
148 22 12867
22 149 1327
149 22 1327
22 23 7411
23 22 7411
22 24 14363
24 22 14363
22 25 8315
25 22 8315
22 28 10255
28 22 10255
22 30 12578
30 22 12578
22 31 15979
31 22 15979
22 34 5319
34 22 5319
22 35 14989
35 22 14989
22 37 4881
37 22 4881
22 38 1029
38 22 1029
22 39 1897
39 22 1897
22 42 5616
42 22 5616
22 135 6119
135 22 6119
22 44 3147
44 22 3147
22 45 5955
45 22 5955
22 46 8831
46 22 8831
22 47 4300
47 22 4300
22 48 1190
48 22 1190
22 49 7063
49 22 7063
22 52 1226
52 22 1226
22 53 14168
53 22 14168
22 54 13420
54 22 13420
22 55 6911
55 22 6911
22 56 14005
56 22 14005
22 58 3773
58 22 3773
22 62 7524
62 22 7524
22 63 8614
63 22 8614
22 64 11991
64 22 11991
22 68 10719
68 22 10719
22 70 16672
70 22 16672
22 131 4631
131 22 4631
22 76 4128
76 22 4128
22 77 6313
77 22 6313
22 79 9881
79 22 9881
22 87 9458
87 22 9458
22 88 7969
88 22 7969
22 90 519
90 22 519
22 93 1559
93 22 1559
22 94 3047
94 22 3047
22 96 4944
96 22 4944
22 100 11776
100 22 11776
22 106 12705
106 22 12705
22 107 13213
107 22 13213
22 111 10534
111 22 10534
22 115 1661
115 22 1661
22 117 14666
117 22 14666
22 119 5063
119 22 5063
22 124 14402
124 22 14402
22 125 14343
125 22 14343
22 127 3776
127 22 3776
23 132 8041
132 23 8041
23 136 1546
136 23 1546
23 137 5059
137 23 5059
23 139 7368
139 23 7368
23 140 6624
140 23 6624
23 141 3130
141 23 3130
23 143 5603
143 23 5603
23 146 3755
146 23 3755
23 148 1258
148 23 1258
23 24 13431
24 23 13431
23 25 262
25 23 262
23 27 13554
27 23 13554
23 29 1028
29 23 1028
23 33 1606
33 23 1606
23 36 2109
36 23 2109
23 37 13788
37 23 13788
23 42 5436
42 23 5436
23 44 15856
44 23 15856
23 45 10667
45 23 10667
23 46 7952
46 23 7952
23 48 14896
48 23 14896
23 51 6882
51 23 6882
23 55 15382
55 23 15382
23 56 8446
56 23 8446
23 58 11246
58 23 11246
23 60 10186
60 23 10186
23 63 15202
63 23 15202
23 65 13718
65 23 13718
23 69 14244
69 23 14244
23 71 2731
71 23 2731
23 72 12011
72 23 12011
23 73 8022
73 23 8022
23 74 10137
74 23 10137
23 75 5804
75 23 5804
23 76 2042
76 23 2042
23 77 12574
77 23 12574
23 78 16630
78 23 16630
23 79 8786
79 23 8786
23 80 1614
80 23 1614
23 84 4968
84 23 4968
23 87 3902
87 23 3902
23 88 5018
88 23 5018
23 89 2738
89 23 2738
23 94 8578
94 23 8578
23 96 11929
96 23 11929
23 67 13684
67 23 13684
23 100 5887
100 23 5887
23 104 16564
104 23 16564
23 105 16433
105 23 16433
23 106 15124
106 23 15124
23 108 4429
108 23 4429
23 111 9334
111 23 9334
23 112 4116
112 23 4116
23 147 16687
147 23 16687
23 120 12639
120 23 12639
23 123 15165
123 23 15165
23 125 13421
125 23 13421
23 127 15145
127 23 15145
24 129 15397
129 24 15397
24 132 15280
132 24 15280
24 139 7582
139 24 7582
24 143 4856
143 24 4856
24 146 9637
146 24 9637
24 149 6784
149 24 6784
24 28 16440
28 24 16440
24 31 12037
31 24 12037
24 32 5593
32 24 5593
24 36 773
36 24 773
24 134 5335
134 24 5335
24 43 9156
43 24 9156
24 44 1587
44 24 1587
24 46 12107
46 24 12107
24 48 3032
48 24 3032
24 50 7769
50 24 7769
24 51 13989
51 24 13989
24 52 14903
52 24 14903
24 53 12072
53 24 12072
24 137 9550
137 24 9550
24 59 6057
59 24 6057
24 62 5955
62 24 5955
24 65 12081
65 24 12081
24 68 14597
68 24 14597
24 71 8098
71 24 8098
24 73 10120
73 24 10120
24 75 1417
75 24 1417
24 76 1356
76 24 1356
24 79 7391
79 24 7391
24 82 6998
82 24 6998
24 86 8770
86 24 8770
24 90 10412
90 24 10412
24 93 10281
93 24 10281
24 94 8847
94 24 8847
24 95 13507
95 24 13507
24 97 11631
97 24 11631
24 98 12160
98 24 12160
24 99 13261
99 24 13261
24 101 1973
101 24 1973
24 109 4026
109 24 4026
24 110 9297
110 24 9297
24 111 3366
111 24 3366
24 114 6759
114 24 6759
24 119 5663
119 24 5663
24 120 15372
120 24 15372
24 55 3930
55 24 3930
24 122 6514
122 24 6514
24 123 12298
123 24 12298
25 129 7492
129 25 7492
25 131 13905
131 25 13905
25 135 13546
135 25 13546
25 139 1151
139 25 1151
25 144 3869
144 25 3869
25 149 12253
149 25 12253
25 26 13574
26 25 13574
25 27 9425
27 25 9425
25 28 1161
28 25 1161
25 29 4547
29 25 4547
25 34 8615
34 25 8615
25 37 14485
37 25 14485
25 38 15830
38 25 15830
25 43 12052
43 25 12052
25 44 9050
44 25 9050
25 46 12204
46 25 12204
25 47 2110
47 25 2110
25 48 1782
48 25 1782
25 51 2785
51 25 2785
25 54 8961
54 25 8961
25 57 803
57 25 803
25 59 6793
59 25 6793
25 61 13374
61 25 13374
25 62 14082
62 25 14082
25 63 16126
63 25 16126
25 64 14989
64 25 14989
25 67 5487
67 25 5487
25 70 8236
70 25 8236
25 76 10228
76 25 10228
25 78 14213
78 25 14213
25 82 13558
82 25 13558
25 85 12616
85 25 12616
25 86 5465
86 25 5465
25 87 304
87 25 304
25 89 12716
89 25 12716
25 90 10638
90 25 10638
25 91 3156
91 25 3156
25 92 9593
92 25 9593
25 96 11383
96 25 11383
25 99 5566
99 25 5566
25 101 15638
101 25 15638
25 102 5155
102 25 5155
25 103 14861
103 25 14861
25 105 2885
105 25 2885
25 106 9119
106 25 9119
25 107 6638
107 25 6638
25 109 848
109 25 848
25 110 13281
110 25 13281
25 111 8755
111 25 8755
25 114 4869
114 25 4869
25 115 275
115 25 275
25 117 2438
117 25 2438
25 119 1419
119 25 1419
25 121 5310
121 25 5310
25 122 15122
122 25 15122
25 125 13230
125 25 13230
26 132 7340
132 26 7340
26 149 800
149 26 800
26 135 16646
135 26 16646
26 137 12993
137 26 12993
26 138 72
138 26 72
26 148 12265
148 26 12265
26 27 7347
27 26 7347
26 29 5373
29 26 5373
26 31 15542
31 26 15542
26 32 406
32 26 406
26 33 13762
33 26 13762
26 34 3163
34 26 3163
26 35 10131
35 26 10131
26 38 12975
38 26 12975
26 41 7574
41 26 7574
26 42 16597
42 26 16597
26 46 16181
46 26 16181
26 51 16536
51 26 16536
26 54 6773
54 26 6773
26 56 9892
56 26 9892
26 59 2873
59 26 2873
26 60 13355
60 26 13355
26 62 5255
62 26 5255
26 64 14442
64 26 14442
26 67 10411
67 26 10411
26 69 2301
69 26 2301
26 70 13836
70 26 13836
26 71 11248
71 26 11248
26 140 12252
140 26 12252
26 76 5406
76 26 5406
26 78 12664
78 26 12664
