50 1836 0
0 1 1455
1 0 1455
0 2 2237
2 0 2237
0 3 48
3 0 48
0 4 1875
4 0 1875
0 6 2599
6 0 2599
0 7 800
7 0 800
0 8 1746
8 0 1746
0 11 2708
11 0 2708
0 12 1568
12 0 1568
0 13 229
13 0 229
0 14 300
14 0 300
0 15 561
15 0 561
0 16 1088
16 0 1088
0 17 867
17 0 867
0 18 2436
18 0 2436
0 19 1614
19 0 1614
0 20 944
20 0 944
0 21 1145
21 0 1145
0 23 330
23 0 330
0 25 630
25 0 630
0 26 2562
26 0 2562
0 27 1644
27 0 1644
0 30 1772
30 0 1772
0 31 128
31 0 128
0 32 2547
32 0 2547
0 34 1659
34 0 1659
0 35 799
35 0 799
0 36 2542
36 0 2542
0 37 1882
37 0 1882
0 38 1134
38 0 1134
0 40 560
40 0 560
0 41 2089
41 0 2089
0 42 1080
42 0 1080
0 43 1413
43 0 1413
0 44 178
44 0 178
0 46 1547
46 0 1547
0 47 1852
47 0 1852
0 48 1789
48 0 1789
0 49 1665
49 0 1665
1 2 183
2 1 183
1 4 1354
4 1 1354
1 6 168
6 1 168
1 8 1759
8 1 1759
1 9 865
9 1 865
1 10 738
10 1 738
1 12 33
12 1 33
1 13 1285
13 1 1285
1 14 35
14 1 35
1 15 697
15 1 697
1 16 998
16 1 998
1 18 626
18 1 626
1 19 857
19 1 857
1 20 511
20 1 511
1 23 1156
23 1 1156
1 24 1104
24 1 1104
1 25 213
25 1 213
1 26 2739
26 1 2739
1 27 1310
27 1 1310
1 28 2303
28 1 2303
1 29 190
29 1 190
1 30 230
30 1 230
1 32 2365
32 1 2365
1 34 987
34 1 987
1 35 2585
35 1 2585
1 36 877
36 1 877
1 37 1136
37 1 1136
1 38 1069
38 1 1069
1 39 2598
39 1 2598
1 40 12
40 1 12
1 41 1707
41 1 1707
1 42 1499
42 1 1499
1 43 222
43 1 222
1 44 2125
44 1 2125
1 46 815
46 1 815
1 47 2036
47 1 2036
1 48 1466
48 1 1466
1 49 239
49 1 239
2 3 2637
3 2 2637
2 4 175
4 2 175
2 5 241
5 2 241
2 6 226
6 2 226
2 7 1526
7 2 1526
2 8 2163
8 2 2163
2 9 2462
9 2 2462
2 10 774
10 2 774
2 11 241
11 2 241
2 13 2470
13 2 2470
2 15 482
15 2 482
2 16 2699
16 2 2699
2 17 2471
17 2 2471
2 18 1087
18 2 1087
2 19 3
19 2 3
2 22 1268
22 2 1268
2 23 169
23 2 169
2 24 1306
24 2 1306
2 25 1916
25 2 1916
2 26 581
26 2 581
2 28 471
28 2 471
2 29 196
29 2 196
2 30 2168
30 2 2168
2 31 2502
31 2 2502
2 32 1683
32 2 1683
2 33 1776
33 2 1776
2 34 509
34 2 509
2 37 2523
37 2 2523
2 38 2349
38 2 2349
2 39 615
39 2 615
2 40 2480
40 2 2480
2 42 1283
42 2 1283
2 44 2192
44 2 2192
2 45 2549
45 2 2549
2 47 838
47 2 838
2 49 422
49 2 422
3 5 1737
5 3 1737
3 6 2540
6 3 2540
3 7 1451
7 3 1451
3 8 2514
8 3 2514
3 9 1245
9 3 1245
3 10 2248
10 3 2248
3 12 1573
12 3 1573
3 14 2746
14 3 2746
3 15 953
15 3 953
3 16 2203
16 3 2203
3 17 1991
17 3 1991
3 18 2193
18 3 2193
3 19 1428
19 3 1428
3 21 960
21 3 960
3 22 1782
22 3 1782
3 23 2419
23 3 2419
3 24 166
24 3 166
3 25 991
25 3 991
3 26 2264
26 3 2264
3 28 706
28 3 706
3 30 121
30 3 121
3 31 515
31 3 515
3 32 1640
32 3 1640
3 33 2722
33 3 2722
3 34 1989
34 3 1989
3 35 2712
35 3 2712
3 37 12
37 3 12
3 38 1718
38 3 1718
3 39 1873
39 3 1873
3 40 2449
40 3 2449
3 41 655
41 3 655
3 42 984
42 3 984
3 43 818
43 3 818
3 44 1370
44 3 1370
3 45 1070
45 3 1070
3 46 2196
46 3 2196
3 47 1811
47 3 1811
3 48 2104
48 3 2104
4 5 228
5 4 228
4 7 2467
7 4 2467
4 8 2036
8 4 2036
4 9 697
9 4 697
4 10 1986
10 4 1986
4 12 934
12 4 934
4 14 129
14 4 129
4 16 244
16 4 244
4 17 309
17 4 309
4 19 682
19 4 682
4 20 2481
20 4 2481
4 21 2450
21 4 2450
4 23 1658
23 4 1658
4 25 1510
25 4 1510
4 26 1499
26 4 1499
4 27 1899
27 4 1899
4 28 122
28 4 122
4 29 2550
29 4 2550
4 30 2538
30 4 2538
4 31 2163
31 4 2163
4 32 1274
32 4 1274
4 33 2591
33 4 2591
4 34 1172
34 4 1172
4 35 616
35 4 616
4 37 515
37 4 515
4 38 446
38 4 446
4 40 1887
40 4 1887
4 41 1539
41 4 1539
4 42 409
42 4 409
4 43 293
43 4 293
4 44 1197
44 4 1197
4 45 87
45 4 87
4 46 2544
46 4 2544
4 47 1831
47 4 1831
4 48 43
48 4 43
5 6 2464
6 5 2464
5 7 2185
7 5 2185
5 10 2612
10 5 2612
5 11 2532
11 5 2532
5 13 2227
13 5 2227
5 14 452
14 5 452
5 15 534
15 5 534
5 16 32
16 5 32
5 17 438
17 5 438
5 19 1636
19 5 1636
5 21 2238
21 5 2238
5 22 461
22 5 461
5 24 1649
24 5 1649
5 25 1761
25 5 1761
5 27 2382
27 5 2382
5 29 485
29 5 485
5 30 287
30 5 287
5 31 2681
31 5 2681
5 34 1986
34 5 1986
5 35 370
35 5 370
5 37 2030
37 5 2030
5 38 1150
38 5 1150
5 39 1591
39 5 1591
5 41 2339
41 5 2339
5 43 2000
43 5 2000
5 44 1508
44 5 1508
5 46 1612
46 5 1612
5 48 55
48 5 55
5 49 1523
49 5 1523
6 10 2432
10 6 2432
6 12 592
12 6 592
6 13 2157
13 6 2157
6 14 352
14 6 352
6 15 137
15 6 137
6 16 11
16 6 11
6 17 2150
17 6 2150
6 18 725
18 6 725
6 19 2342
19 6 2342
6 20 2572
20 6 2572
6 21 2076
21 6 2076
6 22 910
22 6 910
6 25 151
25 6 151
6 27 1519
27 6 1519
6 28 885
28 6 885
6 29 1652
29 6 1652
6 30 374
30 6 374
6 31 2686
31 6 2686
6 32 1135
32 6 1135
6 33 2188
33 6 2188
6 35 1484
35 6 1484
6 36 623
36 6 623
6 37 145
37 6 145
6 38 2401
38 6 2401
6 42 2278
42 6 2278
6 43 2116
43 6 2116
6 44 909
44 6 909
6 45 451
45 6 451
6 46 1179
46 6 1179
6 47 114
47 6 114
6 48 2717
48 6 2717
6 49 2077
49 6 2077
7 8 808
8 7 808
7 10 1792
10 7 1792
7 11 2311
11 7 2311
7 12 1125
12 7 1125
7 14 2532
14 7 2532
7 16 1659
16 7 1659
7 17 1483
17 7 1483
7 18 2229
18 7 2229
7 19 418
19 7 418
7 20 329
20 7 329
7 21 1201
21 7 1201
7 22 1605
22 7 1605
7 23 101
23 7 101
7 24 464
24 7 464
7 25 1318
25 7 1318
7 26 498
26 7 498
7 27 1438
27 7 1438
7 28 1115
28 7 1115
7 29 2673
29 7 2673
7 30 434
30 7 434
7 31 91
31 7 91
7 32 2386
32 7 2386
7 33 754
33 7 754
7 34 617
34 7 617
7 36 737
36 7 737
7 37 2142
37 7 2142
7 38 2660
38 7 2660
7 39 616
39 7 616
7 40 1756
40 7 1756
7 41 1962
41 7 1962
7 42 185
42 7 185
7 45 194
45 7 194
7 47 1534
47 7 1534
7 48 633
48 7 633
8 9 2122
9 8 2122
8 10 22
10 8 22
8 11 1441
11 8 1441
8 12 794
12 8 794
8 13 1786
13 8 1786
8 14 1181
14 8 1181
8 15 768
15 8 768
8 17 1457
17 8 1457
8 18 2111
18 8 2111
8 19 1076
19 8 1076
8 20 1140
20 8 1140
8 21 141
21 8 141
8 22 1564
22 8 1564
8 24 2591
24 8 2591
8 26 2331
26 8 2331
8 27 2704
27 8 2704
8 28 2574
28 8 2574
8 30 2085
30 8 2085
8 31 1315
31 8 1315
8 33 1220
33 8 1220
8 36 2025
36 8 2025
8 37 1400
37 8 1400
8 38 1226
38 8 1226
8 39 2747
39 8 2747
8 41 894
41 8 894
8 42 1611
42 8 1611
8 43 1877
43 8 1877
8 44 1007
44 8 1007
8 45 614
45 8 614
8 46 2425
46 8 2425
8 47 1941
47 8 1941
8 48 541
48 8 541
8 49 2130
49 8 2130
9 10 1640
10 9 1640
9 11 896
11 9 896
9 14 1740
14 9 1740
9 15 1469
15 9 1469
9 16 1079
16 9 1079
9 17 1151
17 9 1151
9 18 1774
18 9 1774
9 19 2701
19 9 2701
9 20 2056
20 9 2056
9 21 1832
21 9 1832
9 22 1390
22 9 1390
9 23 2492
23 9 2492
9 24 1784
24 9 1784
9 25 1253
25 9 1253
9 28 2476
28 9 2476
9 29 1538
29 9 1538
9 30 1224
30 9 1224
9 31 2249
31 9 2249
9 32 2569
32 9 2569
9 33 788
33 9 788
9 34 703
34 9 703
9 35 841
35 9 841
9 37 2100
37 9 2100
9 38 1540
38 9 1540
9 39 1623
39 9 1623
9 40 432
40 9 432
9 41 2403
41 9 2403
9 43 238
43 9 238
9 44 433
44 9 433
9 46 2007
46 9 2007
9 47 2169
47 9 2169
9 49 1802
49 9 1802
10 11 2651
11 10 2651
10 12 910
12 10 910
10 13 2390
13 10 2390
10 14 2340
14 10 2340
10 15 1577
15 10 1577
10 16 2444
16 10 2444
10 17 1094
17 10 1094
10 21 437
21 10 437
10 22 2387
22 10 2387
10 23 1073
23 10 1073
10 25 1661
25 10 1661
10 26 2254
26 10 2254
10 27 567
27 10 567
10 28 2479
28 10 2479
10 32 698
32 10 698
10 33 767
33 10 767
10 35 550
35 10 550
10 38 851
38 10 851
10 39 617
39 10 617
10 41 1162
41 10 1162
10 43 1028
43 10 1028
10 44 1525
44 10 1525
10 46 1160
46 10 1160
10 48 890
48 10 890
10 49 1070
49 10 1070
11 13 544
13 11 544
11 14 1397
14 11 1397
11 15 1387
15 11 1387
11 16 1036
16 11 1036
11 17 1982
17 11 1982
11 18 2030
18 11 2030
11 19 1757
19 11 1757
11 20 1930
20 11 1930
11 21 1162
21 11 1162
11 22 1048
22 11 1048
11 23 1292
23 11 1292
11 24 1769
24 11 1769
11 25 923
25 11 923
11 26 2627
26 11 2627
11 27 1497
27 11 1497
11 29 2488
29 11 2488
11 30 997
30 11 997
11 31 553
31 11 553
11 33 2570
33 11 2570
11 34 550
34 11 550
11 36 317
36 11 317
11 37 322
37 11 322
11 38 1377
38 11 1377
11 39 1029
39 11 1029
11 40 582
40 11 582
11 41 1896
41 11 1896
11 42 103
42 11 103
11 43 2447
43 11 2447
11 44 1185
44 11 1185
11 46 122
46 11 122
11 47 2711
47 11 2711
11 49 1208
49 11 1208
12 13 402
13 12 402
12 14 186
14 12 186
12 15 2675
15 12 2675
12 16 2333
16 12 2333
12 17 306
17 12 306
12 18 2374
18 12 2374
12 20 2736
20 12 2736
12 21 2642
21 12 2642
12 22 103
22 12 103
12 23 2492
23 12 2492
12 24 871
24 12 871
12 25 1915
25 12 1915
12 26 1759
26 12 1759
12 27 153
27 12 153
12 28 2707
28 12 2707
12 29 1
29 12 1
12 31 627
31 12 627
12 33 1239
33 12 1239
12 34 1805
34 12 1805
12 38 1849
38 12 1849
12 39 1046
39 12 1046
12 40 888
40 12 888
12 41 1542
41 12 1542
12 43 1368
43 12 1368
12 44 1896
44 12 1896
12 46 392
46 12 392
12 47 243
47 12 243
12 48 1116
48 12 1116
13 14 46
14 13 46
13 15 1872
15 13 1872
13 16 159
16 13 159
13 17 2038
17 13 2038
13 18 633
18 13 633
13 21 2653
21 13 2653
13 22 136
22 13 136
13 23 634
23 13 634
13 24 55
24 13 55
13 26 308
26 13 308
13 27 1074
27 13 1074
13 28 2086
28 13 2086
13 29 2093
29 13 2093
13 30 1140
30 13 1140
13 31 1378
31 13 1378
13 32 2344
32 13 2344
13 33 690
33 13 690
13 34 2079
34 13 2079
13 37 1033
37 13 1033
13 38 2741
38 13 2741
13 39 671
39 13 671
13 42 2607
42 13 2607
13 43 428
43 13 428
13 44 450
44 13 450
13 45 1432
45 13 1432
13 47 2545
47 13 2545
13 48 775
48 13 775
14 15 2573
15 14 2573
14 16 1413
16 14 1413
14 19 2009
19 14 2009
14 25 1378
25 14 1378
14 26 1461
26 14 1461
14 28 2749
28 14 2749
14 30 383
30 14 383
14 32 2599
32 14 2599
14 33 419
33 14 419
14 34 361
34 14 361
14 35 2315
35 14 2315
14 36 1893
36 14 1893
14 38 1594
38 14 1594
14 39 1517
39 14 1517
14 40 53
40 14 53
14 41 2452
41 14 2452
14 42 16
42 14 16
14 43 222
43 14 222
14 44 1191
44 14 1191
14 45 211
45 14 211
14 48 1478
48 14 1478
15 16 2566
16 15 2566
15 17 1667
17 15 1667
15 19 1163
19 15 1163
15 20 1679
20 15 1679
15 22 728
22 15 728
15 24 258
24 15 258
15 26 1616
26 15 1616
15 27 2281
27 15 2281
15 29 646
29 15 646
15 31 1062
31 15 1062
15 32 2151
32 15 2151
15 33 2044
33 15 2044
15 34 2147
34 15 2147
15 35 94
35 15 94
15 36 1943
36 15 1943
15 37 1136
37 15 1136
15 39 2088
39 15 2088
15 40 1698
40 15 1698
15 43 1288
43 15 1288
15 44 2103
44 15 2103
15 45 95
45 15 95
15 49 954
49 15 954
16 19 839
19 16 839
16 20 2333
20 16 2333
16 21 281
21 16 281
16 22 2251
22 16 2251
16 23 2102
23 16 2102
16 24 2023
24 16 2023
16 25 1918
25 16 1918
16 27 2351
27 16 2351
16 28 1932
28 16 1932
16 29 529
29 16 529
16 30 2390
30 16 2390
16 31 1148
31 16 1148
16 32 2060
32 16 2060
16 34 2011
34 16 2011
16 35 2199
35 16 2199
16 36 106
36 16 106
16 37 116
37 16 116
16 39 682
39 16 682
16 40 2446
40 16 2446
16 41 2298
41 16 2298
16 42 1398
42 16 1398
16 43 766
43 16 766
16 44 788
44 16 788
16 46 2146
46 16 2146
16 47 293
47 16 293
16 49 1456
49 16 1456
17 18 1939
18 17 1939
17 20 946
20 17 946
17 23 2116
23 17 2116
17 24 2535
24 17 2535
17 25 477
25 17 477
17 26 543
26 17 543
17 30 618
30 17 618
17 32 866
32 17 866
17 35 2450
35 17 2450
17 36 1061
36 17 1061
17 37 2651
37 17 2651
17 40 1322
40 17 1322
17 41 2576
41 17 2576
17 44 2331
44 17 2331
17 45 218
45 17 218
17 46 2235
46 17 2235
17 47 2138
47 17 2138
17 48 840
48 17 840
17 49 103
49 17 103
18 19 2695
19 18 2695
18 23 2185
23 18 2185
18 24 2746
24 18 2746
18 25 110
25 18 110
18 26 1013
26 18 1013
18 28 1528
28 18 1528
18 29 2179
29 18 2179
18 31 577
31 18 577
18 32 818
32 18 818
18 34 103
34 18 103
18 35 1006
35 18 1006
18 36 2143
36 18 2143
18 37 1536
37 18 1536
18 38 299
38 18 299
18 40 2696
40 18 2696
18 42 2105
42 18 2105
18 43 1640
43 18 1640
18 44 422
44 18 422
18 45 1748
45 18 1748
18 46 214
46 18 214
18 47 607
47 18 607
18 48 1547
48 18 1547
18 49 329
49 18 329
19 20 877
20 19 877
19 22 106
22 19 106
19 25 2739
25 19 2739
19 27 706
27 19 706
19 28 782
28 19 782
19 30 1170
30 19 1170
19 31 892
31 19 892
19 32 1396
32 19 1396
19 33 2279
33 19 2279
19 34 2717
34 19 2717
19 35 450
35 19 450
19 36 170
36 19 170
19 37 991
37 19 991
19 40 1975
40 19 1975
19 41 216
41 19 216
19 42 2653
42 19 2653
19 43 249
43 19 249
19 45 2244
45 19 2244
19 46 2020
46 19 2020
19 47 1739
47 19 1739
20 21 1100
21 20 1100
20 22 1945
22 20 1945
20 23 1543
23 20 1543
20 24 639
24 20 639
20 26 2317
26 20 2317
20 27 65
27 20 65
20 28 770
28 20 770
20 29 2748
29 20 2748
20 32 1588
32 20 1588
20 33 1006
33 20 1006
20 34 1037
34 20 1037
20 37 369
37 20 369
20 38 688
38 20 688
20 39 574
39 20 574
20 40 1815
40 20 1815
20 41 1059
41 20 1059
20 42 643
42 20 643
20 43 548
43 20 548
20 44 2030
44 20 2030
20 45 774
45 20 774
20 46 1668
46 20 1668
20 48 775
48 20 775
20 49 1301
49 20 1301
21 22 328
22 21 328
21 23 1668
23 21 1668
21 27 466
27 21 466
21 28 2603
28 21 2603
21 29 1072
29 21 1072
21 30 1192
30 21 1192
21 31 615
31 21 615
21 32 22
32 21 22
21 34 824
34 21 824
21 35 1676
35 21 1676
21 37 2370
37 21 2370
21 38 1746
38 21 1746
21 41 2339
41 21 2339
21 42 1960
42 21 1960
21 43 222
43 21 222
21 46 2525
46 21 2525
21 47 1798
47 21 1798
21 49 1797
49 21 1797
22 23 2689
23 22 2689
22 24 1984
24 22 1984
22 25 969
25 22 969
22 26 1036
26 22 1036
22 27 1917
27 22 1917
22 28 1021
28 22 1021
22 30 60
30 22 60
22 31 399
31 22 399
22 33 2422
33 22 2422
22 34 2436
34 22 2436
22 35 1531
35 22 1531
22 36 1101
36 22 1101
22 37 1958
37 22 1958
22 38 1676
38 22 1676
22 39 2379
39 22 2379
22 40 574
40 22 574
22 41 686
41 22 686
22 43 1304
43 22 1304
22 46 430
46 22 430
22 48 1710
48 22 1710
22 49 2435
49 22 2435
23 24 531
24 23 531
23 25 928
25 23 928
23 26 1425
26 23 1425
23 28 2500
28 23 2500
23 29 317
29 23 317
23 30 2604
30 23 2604
23 31 1296
31 23 1296
23 33 1373
33 23 1373
23 34 1927
34 23 1927
23 35 2125
35 23 2125
23 36 1868
36 23 1868
23 37 813
37 23 813
23 38 1054
38 23 1054
23 39 2119
39 23 2119
23 40 2634
40 23 2634
23 41 956
41 23 956
23 43 2432
43 23 2432
23 44 253
44 23 253
23 45 1125
45 23 1125
23 46 1039
46 23 1039
23 47 1510
47 23 1510
24 25 298
25 24 298
24 26 1067
26 24 1067
24 27 627
27 24 627
24 28 50
28 24 50
24 29 2278
29 24 2278
24 30 363
30 24 363
24 32 254
32 24 254
24 33 770
33 24 770
24 34 2026
34 24 2026
24 35 2438
35 24 2438
24 37 2474
37 24 2474
24 38 22
38 24 22
24 39 2216
39 24 2216
24 40 1551
40 24 1551
24 41 1087
41 24 1087
24 42 2560
42 24 2560
24 45 1601
45 24 1601
24 46 2525
46 24 2525
24 47 1117
47 24 1117
24 48 1768
48 24 1768
24 49 2726
49 24 2726
25 26 2599
26 25 2599
25 27 2527
27 25 2527
25 28 1251
28 25 1251
25 29 1142
29 25 1142
25 30 841
30 25 841
25 31 1769
31 25 1769
25 33 2645
33 25 2645
25 34 127
34 25 127
25 35 1719
35 25 1719
25 36 66
36 25 66
25 40 2636
40 25 2636
25 42 1905
42 25 1905
25 45 2633
45 25 2633
25 46 2006
46 25 2006
26 27 2633
27 26 2633
26 28 1736
28 26 1736
26 29 2634
29 26 2634
26 30 2604
30 26 2604
26 31 2419
31 26 2419
26 32 1920
32 26 1920
26 33 159
33 26 159
26 34 1931
34 26 1931
26 35 2636
35 26 2636
26 36 830
36 26 830
26 37 1180
37 26 1180
26 38 1474
38 26 1474
26 39 2038
39 26 2038
26 40 1377
40 26 1377
26 41 585
41 26 585
26 42 863
42 26 863
26 43 2172
43 26 2172
26 45 1561
45 26 1561
26 46 1776
46 26 1776
26 47 1982
47 26 1982
26 48 621
48 26 621
27 28 869
28 27 869
27 29 1952
29 27 1952
27 30 60
30 27 60
27 31 2264
31 27 2264
27 32 2321
32 27 2321
27 33 2060
33 27 2060
27 34 59
34 27 59
27 35 894
35 27 894
27 36 1271
36 27 1271
27 37 2100
37 27 2100
27 39 2454
39 27 2454
27 41 519
41 27 519
27 42 681
42 27 681
27 43 31
43 27 31
27 44 931
44 27 931
27 45 1387
45 27 1387
27 47 1435
47 27 1435
27 48 1589
48 27 1589
27 49 1477
49 27 1477
28 29 734
29 28 734
28 31 2633
31 28 2633
28 35 1796
35 28 1796
28 36 2573
36 28 2573
28 40 1870
40 28 1870
28 42 983
42 28 983
28 44 2710
44 28 2710
28 46 93
46 28 93
28 47 2741
47 28 2741
28 48 708
48 28 708
28 49 2340
49 28 2340
29 30 421
30 29 421
29 31 901
31 29 901
29 32 2627
32 29 2627
29 33 1618
33 29 1618
29 34 979
34 29 979
29 35 2140
35 29 2140
29 36 1502
36 29 1502
29 37 2265
37 29 2265
29 38 1534
38 29 1534
29 39 1004
39 29 1004
29 40 1665
40 29 1665
29 41 2605
41 29 2605
29 42 1628
42 29 1628
29 43 11
43 29 11
29 45 1376
45 29 1376
29 46 1836
46 29 1836
29 48 1069
48 29 1069
29 49 731
49 29 731
30 31 1500
31 30 1500
30 32 1822
32 30 1822
30 33 2629
33 30 2629
30 34 1549
34 30 1549
30 35 721
35 30 721
30 36 977
36 30 977
30 37 2349
37 30 2349
30 38 979
38 30 979
30 39 1706
39 30 1706
30 40 1777
40 30 1777
30 42 504
42 30 504
30 44 1189
44 30 1189
30 45 676
45 30 676
30 46 1028
46 30 1028
30 47 1351
47 30 1351
30 48 1656
48 30 1656
30 49 2396
49 30 2396
31 32 2472
32 31 2472
31 33 2327
33 31 2327
31 34 106
34 31 106
31 35 1891
35 31 1891
31 36 1511
36 31 1511
31 37 2654
37 31 2654
31 38 2019
38 31 2019
31 39 1681
39 31 1681
31 43 1889
43 31 1889
31 44 2551
44 31 2551
31 45 2302
45 31 2302
31 46 1321
46 31 1321
31 47 1837
47 31 1837
31 49 45
49 31 45
32 33 885
33 32 885
32 34 1167
34 32 1167
32 35 2066
35 32 2066
32 36 2350
36 32 2350
32 37 1169
37 32 1169
32 39 1
39 32 1
32 40 2196
40 32 2196
32 41 1140
41 32 1140
32 42 1081
42 32 1081
32 43 926
43 32 926
32 44 1121
44 32 1121
32 45 2707
45 32 2707
32 46 2113
46 32 2113
32 47 1239
47 32 1239
32 49 274
49 32 274
33 34 322
34 33 322
33 35 1755
35 33 1755
33 36 1856
36 33 1856
33 38 1033
38 33 1033
33 40 1404
40 33 1404
33 41 1892
41 33 1892
33 42 374
42 33 374
33 43 1383
43 33 1383
33 45 1341
45 33 1341
33 49 1872
49 33 1872
34 35 1800
35 34 1800
34 36 1058
36 34 1058
34 37 610
37 34 610
34 38 2171
38 34 2171
34 39 1525
39 34 1525
34 40 1975
40 34 1975
34 43 1998
43 34 1998
34 44 481
44 34 481
34 45 2090
45 34 2090
34 49 1190
49 34 1190
35 36 1075
36 35 1075
35 37 1028
37 35 1028
35 39 848
39 35 848
35 40 1837
40 35 1837
35 41 1791
41 35 1791
35 42 1250
42 35 1250
35 43 169
43 35 169
35 45 2049
45 35 2049
35 46 451
46 35 451
35 47 1918
47 35 1918
35 48 2558
48 35 2558
35 49 484
49 35 484
36 37 923
37 36 923
36 38 1537
38 36 1537
36 41 165
41 36 165
36 42 2307
42 36 2307
36 43 547
43 36 547
36 45 2278
45 36 2278
36 46 1663
46 36 1663
36 47 2259
47 36 2259
36 49 730
49 36 730
37 39 745
39 37 745
37 40 1384
40 37 1384
37 43 1209
43 37 1209
37 44 2101
44 37 2101
37 45 934
45 37 934
37 47 1700
47 37 1700
37 48 427
48 37 427
37 49 1892
49 37 1892
38 39 734
39 38 734
38 41 2672
41 38 2672
38 43 1657
43 38 1657
38 44 232
44 38 232
38 45 1978
45 38 1978
38 46 1590
46 38 1590
38 48 1533
48 38 1533
38 49 2329
49 38 2329
39 41 2200
41 39 2200
39 42 2729
42 39 2729
39 43 739
43 39 739
39 44 2453
44 39 2453
39 45 1620
45 39 1620
39 46 2338
46 39 2338
39 47 1571
47 39 1571
39 49 1798
49 39 1798
40 41 137
41 40 137
40 42 1568
42 40 1568
40 44 1047
44 40 1047
40 45 2205
45 40 2205
40 46 1971
46 40 1971
40 47 1616
47 40 1616
40 48 1871
48 40 1871
40 49 2685
49 40 2685
41 42 2668
42 41 2668
41 44 2368
44 41 2368
41 45 1390
45 41 1390
41 46 2377
46 41 2377
41 47 1230
47 41 1230
41 48 1418
48 41 1418
42 43 2698
43 42 2698
42 47 1178
47 42 1178
42 48 1029
48 42 1029
43 44 2588
44 43 2588
43 45 658
45 43 658
43 49 248
49 43 248
44 45 1075
45 44 1075
44 46 882
46 44 882
44 49 613
49 44 613
45 46 1583
46 45 1583
45 47 1798
47 45 1798
45 48 2490
48 45 2490
45 49 109
49 45 109
46 47 2511
47 46 2511
46 48 709
48 46 709
46 49 369
49 46 369
48 49 720
49 48 720
