150 22350 20
0 1 4506
1 0 4506
0 2 5632
2 0 5632
0 3 16536
3 0 16536
0 4 18021
4 0 18021
0 5 3716
5 0 3716
0 6 2617
6 0 2617
0 7 24869
7 0 24869
0 8 12416
8 0 12416
0 9 5474
9 0 5474
0 10 3887
10 0 3887
0 11 9189
11 0 9189
0 12 16916
12 0 16916
0 13 782
13 0 782
0 14 22337
14 0 22337
0 15 31664
15 0 31664
0 16 33469
16 0 33469
0 17 19287
17 0 19287
0 18 16433
18 0 16433
0 19 6008
19 0 6008
0 20 18798
20 0 18798
0 21 13510
21 0 13510
0 22 25966
22 0 25966
0 23 25560
23 0 25560
0 24 24766
24 0 24766
0 25 12335
25 0 12335
0 26 19663
26 0 19663
0 27 28298
27 0 28298
0 28 9702
28 0 9702
0 29 26329
29 0 26329
0 30 21240
30 0 21240
0 31 2978
31 0 2978
0 32 25325
32 0 25325
0 33 6918
33 0 6918
0 34 18847
34 0 18847
0 35 6634
35 0 6634
0 36 14875
36 0 14875
0 37 5511
37 0 5511
0 38 2372
38 0 2372
0 39 13829
39 0 13829
0 40 7813
40 0 7813
0 41 30674
41 0 30674
0 42 3515
42 0 3515
0 43 19204
43 0 19204
0 44 29924
44 0 29924
0 45 27247
45 0 27247
0 46 20491
46 0 20491
0 47 3983
47 0 3983
0 48 22428
48 0 22428
0 49 24135
49 0 24135
0 50 5297
50 0 5297
0 51 4710
51 0 4710
0 52 6508
52 0 6508
0 53 1819
53 0 1819
0 54 21932
54 0 21932
0 55 33029
55 0 33029
0 56 3455
56 0 3455
0 57 17840
57 0 17840
0 58 9179
58 0 9179
0 59 31623
59 0 31623
0 60 27700
60 0 27700
0 61 11939
61 0 11939
0 62 6424
62 0 6424
0 63 30992
63 0 30992
0 64 5743
64 0 5743
0 65 21113
65 0 21113
0 66 30860
66 0 30860
0 67 30831
67 0 30831
0 68 11278
68 0 11278
0 69 2919
69 0 2919
0 70 12900
70 0 12900
0 71 7015
71 0 7015
0 72 3753
72 0 3753
0 73 214
73 0 214
0 74 5594
74 0 5594
0 75 14323
75 0 14323
0 76 15754
76 0 15754
0 77 23654
77 0 23654
0 78 32158
78 0 32158
0 79 12098
79 0 12098
0 80 7171
80 0 7171
0 81 12789
81 0 12789
0 82 19135
82 0 19135
0 83 7038
83 0 7038
0 84 4584
84 0 4584
0 85 31349
85 0 31349
0 86 9087
86 0 9087
0 87 32221
87 0 32221
0 88 10352
88 0 10352
0 89 13897
89 0 13897
0 90 26045
90 0 26045
0 91 1609
91 0 1609
0 92 7898
92 0 7898
0 93 15325
93 0 15325
0 94 31324
94 0 31324
0 95 8802
95 0 8802
0 96 20881
96 0 20881
0 97 22977
97 0 22977
0 98 11085
98 0 11085
0 99 32071
99 0 32071
0 100 7008
100 0 7008
0 101 19949
101 0 19949
0 102 27709
102 0 27709
0 103 25408
103 0 25408
0 104 16538
104 0 16538
0 105 4245
105 0 4245
0 106 9924
106 0 9924
0 107 8269
107 0 8269
0 108 25287
108 0 25287
0 109 1322
109 0 1322
0 110 8462
110 0 8462
0 111 3823
111 0 3823
0 112 26206
112 0 26206
0 113 26158
113 0 26158
0 114 1185
114 0 1185
0 115 24383
115 0 24383
0 116 8676
116 0 8676
0 117 20493
117 0 20493
0 118 33113
118 0 33113
0 119 17705
119 0 17705
0 120 28055
120 0 28055
0 121 25823
121 0 25823
0 122 5462
122 0 5462
0 123 8678
123 0 8678
0 124 3533
124 0 3533
0 125 24155
125 0 24155
0 126 29318
126 0 29318
0 127 8587
127 0 8587
0 128 17652
128 0 17652
0 129 31347
129 0 31347
0 130 10376
130 0 10376
0 131 10799
131 0 10799
0 132 25365
132 0 25365
0 133 6194
133 0 6194
0 134 33003
134 0 33003
0 135 31477
135 0 31477
0 136 20583
136 0 20583
0 137 32925
137 0 32925
0 138 16030
138 0 16030
0 139 23337
139 0 23337
0 140 33263
140 0 33263
0 141 27336
141 0 27336
0 142 28
142 0 28
0 143 23943
143 0 23943
0 144 26475
144 0 26475
0 145 12041
145 0 12041
0 146 7166
146 0 7166
0 147 21134
147 0 21134
0 148 21636
148 0 21636
0 149 32680
149 0 32680
1 2 12816
2 1 12816
1 3 17899
3 1 17899
1 4 10177
4 1 10177
1 5 12691
5 1 12691
1 6 21753
6 1 21753
1 7 14157
7 1 14157
1 8 6817
8 1 6817
1 9 27519
9 1 27519
1 10 27527
10 1 27527
1 11 30493
11 1 30493
1 12 8890
12 1 8890
1 13 2484
13 1 2484
1 14 17346
14 1 17346
1 15 14931
15 1 14931
1 16 5947
16 1 5947
1 17 27680
17 1 27680
1 18 22892
18 1 22892
1 19 12489
19 1 12489
1 20 9653
20 1 9653
1 21 2389
21 1 2389
1 22 23771
22 1 23771
1 23 179
23 1 179
1 24 19278
24 1 19278
1 25 10349
25 1 10349
1 26 17376
26 1 17376
1 27 18211
27 1 18211
1 28 18089
28 1 18089
1 29 5996
29 1 5996
1 30 9467
30 1 9467
1 31 25876
31 1 25876
1 32 24289
32 1 24289
1 33 23125
33 1 23125
1 34 6557
34 1 6557
1 35 25143
35 1 25143
1 36 16216
36 1 16216
1 37 31953
37 1 31953
1 38 19942
38 1 19942
1 39 15040
39 1 15040
1 40 32083
40 1 32083
1 41 21216
41 1 21216
1 42 28355
42 1 28355
1 43 33105
43 1 33105
1 44 12878
44 1 12878
1 45 7193
45 1 7193
1 46 4764
46 1 4764
1 47 21107
47 1 21107
1 48 659
48 1 659
1 49 2442
49 1 2442
1 50 23617
50 1 23617
1 51 746
51 1 746
1 52 23104
52 1 23104
1 53 8058
53 1 8058
1 54 16144
54 1 16144
1 55 4779
55 1 4779
1 56 24364
56 1 24364
1 57 2651
57 1 2651
1 58 17344
58 1 17344
1 59 29583
59 1 29583
1 60 22597
60 1 22597
1 61 3435
61 1 3435
1 62 21022
62 1 21022
1 63 13544
63 1 13544
1 64 3293
64 1 3293
1 65 23682
65 1 23682
1 66 30008
66 1 30008
1 67 30056
67 1 30056
1 68 32380
68 1 32380
1 69 11612
69 1 11612
1 70 25423
70 1 25423
1 71 24431
71 1 24431
1 72 30479
72 1 30479
1 73 12009
73 1 12009
1 74 9503
74 1 9503
1 75 917
75 1 917
1 76 30832
76 1 30832
1 77 25340
77 1 25340
1 78 27754
78 1 27754
1 79 32622
79 1 32622
1 80 8393
80 1 8393
1 81 6356
81 1 6356
1 82 7709
82 1 7709
1 83 1248
83 1 1248
1 84 33075
84 1 33075
1 85 28952
85 1 28952
1 86 28147
86 1 28147
1 87 25771
87 1 25771
1 88 9452
88 1 9452
1 89 28501
89 1 28501
1 90 30682
90 1 30682
1 91 28517
91 1 28517
1 92 3236
92 1 3236
1 93 13684
93 1 13684
1 94 17894
94 1 17894
1 95 19639
95 1 19639
1 96 27172
96 1 27172
1 97 12304
97 1 12304
1 98 2003
98 1 2003
1 99 25386
99 1 25386
1 100 2400
100 1 2400
1 101 6854
101 1 6854
1 102 13927
102 1 13927
1 103 9903
103 1 9903
1 104 4223
104 1 4223
1 105 29286
105 1 29286
1 106 11455
106 1 11455
1 107 28431
107 1 28431
1 108 26524
108 1 26524
1 109 7120
109 1 7120
1 110 12538
110 1 12538
1 111 2211
111 1 2211
1 112 3825
112 1 3825
1 113 33091
113 1 33091
1 114 7958
114 1 7958
1 115 32600
115 1 32600
1 116 10590
116 1 10590
1 117 5525
117 1 5525
1 118 5539
118 1 5539
1 119 17812
119 1 17812
1 120 7825
120 1 7825
1 121 315
121 1 315
1 122 21348
122 1 21348
1 123 21959
123 1 21959
1 124 13432
124 1 13432
1 125 18826
125 1 18826
1 126 10474
126 1 10474
1 127 32055
127 1 32055
1 128 32490
128 1 32490
1 129 8019
129 1 8019
1 130 21269
130 1 21269
1 131 7830
131 1 7830
1 132 3938
132 1 3938
1 133 26600
133 1 26600
1 134 18211
134 1 18211
1 135 19253
135 1 19253
1 136 3806
136 1 3806
1 137 11578
137 1 11578
1 138 32389
138 1 32389
1 139 11856
139 1 11856
1 140 14486
140 1 14486
1 141 9018
141 1 9018
1 142 24382
142 1 24382
1 143 11505
143 1 11505
1 144 9493
144 1 9493
1 145 12359
145 1 12359
1 146 20077
146 1 20077
1 147 15831
147 1 15831
1 148 165
148 1 165
1 149 30971
149 1 30971
2 3 9621
3 2 9621
2 4 23800
4 2 23800
2 5 27472
5 2 27472
2 6 2091
6 2 2091
2 7 22160
7 2 22160
2 8 7959
8 2 7959
2 9 22985
9 2 22985
2 10 27591
10 2 27591
2 11 22446
11 2 22446
2 12 30912
12 2 30912
2 13 25536
13 2 25536
2 14 21628
14 2 21628
2 15 23038
15 2 23038
2 16 9041
16 2 9041
2 17 32409
17 2 32409
2 18 13416
18 2 13416
2 19 31167
19 2 31167
2 20 9067
20 2 9067
2 21 19364
21 2 19364
2 22 31415
22 2 31415
2 23 26636
23 2 26636
2 24 8376
24 2 8376
2 25 18867
25 2 18867
2 26 13088
26 2 13088
2 27 17447
27 2 17447
2 28 22658
28 2 22658
2 29 25050
29 2 25050
2 30 15555
30 2 15555
2 31 24252
31 2 24252
2 32 2715
32 2 2715
2 33 30347
33 2 30347
2 34 20702
34 2 20702
2 35 23614
35 2 23614
2 36 19870
36 2 19870
2 37 10344
37 2 10344
2 38 10086
38 2 10086
2 39 3081
39 2 3081
2 40 27239
40 2 27239
2 41 5076
41 2 5076
2 42 31170
42 2 31170
2 43 32085
43 2 32085
2 44 1394
44 2 1394
2 45 23136
45 2 23136
2 46 32116
46 2 32116
2 47 19565
47 2 19565
2 48 5513
48 2 5513
2 49 31013
49 2 31013
2 50 29088
50 2 29088
2 51 28592
51 2 28592
2 52 11520
52 2 11520
2 53 26326
53 2 26326
2 54 6557
54 2 6557
2 55 21116
55 2 21116
2 56 22501
56 2 22501
2 57 13880
57 2 13880
2 58 12920
58 2 12920
2 59 375
59 2 375
2 60 26459
60 2 26459
2 61 19895
61 2 19895
2 62 17429
62 2 17429
2 63 20067
63 2 20067
2 64 14686
64 2 14686
2 65 24748
65 2 24748
2 66 11489
66 2 11489
2 67 26370
67 2 26370
2 68 16184
68 2 16184
2 69 15166
69 2 15166
2 70 23740
70 2 23740
2 71 31077
71 2 31077
2 72 3668
72 2 3668
2 73 32145
73 2 32145
2 74 10391
74 2 10391
2 75 2582
75 2 2582
2 76 5035
76 2 5035
2 77 25177
77 2 25177
2 78 24531
78 2 24531
2 79 11773
79 2 11773
2 80 19460
80 2 19460
2 81 15499
81 2 15499
2 82 9204
82 2 9204
2 83 17128
83 2 17128
2 84 14983
84 2 14983
2 85 14096
85 2 14096
2 86 6736
86 2 6736
2 87 28541
87 2 28541
2 88 11359
88 2 11359
2 89 23100
89 2 23100
2 90 9288
90 2 9288
2 91 12882
91 2 12882
2 92 7165
92 2 7165
2 93 4996
93 2 4996
2 94 17877
94 2 17877
2 95 29698
95 2 29698
2 96 21670
96 2 21670
2 97 23683
97 2 23683
2 98 29729
98 2 29729
2 99 24581
99 2 24581
2 100 11871
100 2 11871
2 101 11734
101 2 11734
2 102 17486
102 2 17486
2 103 1985
103 2 1985
2 104 13695
104 2 13695
2 105 30821
105 2 30821
2 106 5631
106 2 5631
2 107 21963
107 2 21963
2 108 22042
108 2 22042
2 109 5510
109 2 5510
2 110 23833
110 2 23833
2 111 12443
111 2 12443
2 112 23456
112 2 23456
2 113 442
113 2 442
2 114 15004
114 2 15004
2 115 17330
115 2 17330
2 116 12994
116 2 12994
2 117 30823
117 2 30823
2 118 23062
118 2 23062
2 119 23688
119 2 23688
2 120 25046
120 2 25046
2 121 15225
121 2 15225
2 122 20193
122 2 20193
2 123 9185
123 2 9185
2 124 21465
124 2 21465
2 125 20019
125 2 20019
2 126 10818
126 2 10818
2 127 22
127 2 22
2 128 7931
128 2 7931
2 129 8819
129 2 8819
2 130 16536
130 2 16536
2 131 349
131 2 349
2 132 20018
132 2 20018
2 133 10795
133 2 10795
2 134 30810
134 2 30810
2 135 32785
135 2 32785
2 136 21973
136 2 21973
2 137 1322
137 2 1322
2 138 23163
138 2 23163
2 139 16341
139 2 16341
2 140 10375
140 2 10375
2 141 12870
141 2 12870
2 142 16000
142 2 16000
2 143 25562
143 2 25562
2 144 7770
144 2 7770
2 145 22968
145 2 22968
2 146 26253
146 2 26253
2 147 32898
147 2 32898
2 148 13427
148 2 13427
2 149 13971
149 2 13971
3 4 8953
4 3 8953
3 5 32226
5 3 32226
3 6 25275
6 3 25275
3 7 19633
7 3 19633
3 8 17547
8 3 17547
3 9 4565
9 3 4565
3 10 18625
10 3 18625
3 11 4534
11 3 4534
3 12 13467
12 3 13467
3 13 15917
13 3 15917
3 14 16982
14 3 16982
3 15 15842
15 3 15842
3 16 22714
16 3 22714
3 17 2703
17 3 2703
3 18 890
18 3 890
3 19 32969
19 3 32969
3 20 15420
20 3 15420
3 21 1890
21 3 1890
3 22 19437
22 3 19437
3 23 12355
23 3 12355
3 24 7184
24 3 7184
3 25 27524
25 3 27524
3 26 25231
26 3 25231
3 27 24339
27 3 24339
3 28 33367
28 3 33367
3 29 22036
29 3 22036
3 30 845
30 3 845
3 31 25537
31 3 25537
3 32 15731
32 3 15731
3 33 15112
33 3 15112
3 34 30355
34 3 30355
3 35 3452
35 3 3452
3 36 6614
36 3 6614
3 37 18995
37 3 18995
3 38 13804
38 3 13804
3 39 15808
39 3 15808
3 40 1147
40 3 1147
3 41 32513
41 3 32513
3 42 29559
42 3 29559
3 43 17646
43 3 17646
3 44 4052
44 3 4052
3 45 16566
45 3 16566
3 46 2906
46 3 2906
3 47 16591
47 3 16591
3 48 14017
48 3 14017
3 49 11838
49 3 11838
3 50 21704
50 3 21704
3 51 25972
51 3 25972
3 52 5243
52 3 5243
3 53 24592
53 3 24592
3 54 21163
54 3 21163
3 55 25496
55 3 25496
3 56 33475
56 3 33475
3 57 3408
57 3 3408
3 58 4621
58 3 4621
3 59 15194
59 3 15194
3 60 12401
60 3 12401
3 61 26610
61 3 26610
3 62 7045
62 3 7045
3 63 30063
63 3 30063
3 64 22520
64 3 22520
3 65 1701
65 3 1701
3 66 15380
66 3 15380
3 67 10798
67 3 10798
3 68 7179
68 3 7179
3 69 15922
69 3 15922
3 70 17898
70 3 17898
3 71 19915
71 3 19915
3 72 25599
72 3 25599
3 73 7335
73 3 7335
3 74 32775
74 3 32775
3 75 31071
75 3 31071
3 76 7958
76 3 7958
3 77 46
77 3 46
3 78 7979
78 3 7979
3 79 15344
79 3 15344
3 80 356
80 3 356
3 81 25165
81 3 25165
3 82 23241
82 3 23241
3 83 17688
83 3 17688
3 84 20031
84 3 20031
3 85 24025
85 3 24025
3 86 31530
86 3 31530
3 87 4992
87 3 4992
3 88 1855
88 3 1855
3 89 23845
89 3 23845
3 90 15484
90 3 15484
3 91 5875
91 3 5875
3 92 9140
92 3 9140
3 93 32302
93 3 32302
3 94 29754
94 3 29754
3 95 21330
95 3 21330
3 96 18538
96 3 18538
3 97 24291
97 3 24291
3 98 9199
98 3 9199
3 99 4847
99 3 4847
3 100 6432
100 3 6432
3 101 2555
101 3 2555
3 102 33173
102 3 33173
3 103 17071
103 3 17071
3 104 21401
104 3 21401
3 105 3056
105 3 3056
3 106 16327
106 3 16327
3 107 10600
107 3 10600
3 108 2162
108 3 2162
3 109 30259
109 3 30259
3 110 14964
110 3 14964
3 111 30572
111 3 30572
3 112 30347
112 3 30347
3 113 15491
113 3 15491
3 114 7037
114 3 7037
3 115 32742
115 3 32742
3 116 24511
116 3 24511
3 117 797
117 3 797
3 118 13083
118 3 13083
3 119 10824
119 3 10824
3 120 20942
120 3 20942
3 121 130
121 3 130
3 122 15915
122 3 15915
3 123 23281
123 3 23281
3 124 25322
124 3 25322
3 125 15272
125 3 15272
3 126 11510
126 3 11510
3 127 31432
127 3 31432
3 128 282
128 3 282
3 129 16633
129 3 16633
3 130 23304
130 3 23304
3 131 20562
131 3 20562
3 132 20496
132 3 20496
3 133 5890
133 3 5890
3 134 10864
134 3 10864
3 135 5840
135 3 5840
3 136 30786
136 3 30786
3 137 19835
137 3 19835
3 138 21311
138 3 21311
3 139 19267
139 3 19267
3 140 26710
140 3 26710
3 141 3949
141 3 3949
3 142 19603
142 3 19603
3 143 5174
143 3 5174
3 144 24722
144 3 24722
3 145 7041
145 3 7041
3 146 510
146 3 510
3 147 33481
147 3 33481
3 148 27673
148 3 27673
3 149 28041
149 3 28041
4 5 13001
5 4 13001
4 6 32114
6 4 32114
4 7 4257
7 4 4257
4 8 30674
8 4 30674
4 9 20994
9 4 20994
4 10 21618
10 4 21618
4 11 27003
11 4 27003
4 12 8270
12 4 8270
4 13 268
13 4 268
4 14 3510
14 4 3510
4 15 5882
15 4 5882
4 16 288
16 4 288
4 17 23868
17 4 23868
4 18 27422
18 4 27422
4 19 27823
19 4 27823
4 20 23428
20 4 23428
4 21 28071
21 4 28071
4 22 6862
22 4 6862
4 23 9112
23 4 9112
4 24 5510
24 4 5510
4 25 25020
25 4 25020
4 26 16086
26 4 16086
4 27 8849
27 4 8849
4 28 3786
28 4 3786
4 29 22947
29 4 22947
4 30 29810
30 4 29810
4 31 13699
31 4 13699
4 32 21918
32 4 21918
4 33 22267
33 4 22267
4 34 30576
34 4 30576
4 35 32609
35 4 32609
4 36 27219
36 4 27219
4 37 30774
37 4 30774
4 38 12503
38 4 12503
4 39 12562
39 4 12562
4 40 3933
40 4 3933
4 41 3161
41 4 3161
4 42 22708
42 4 22708
4 43 2916
43 4 2916
4 44 12506
44 4 12506
4 45 16971
45 4 16971
4 46 2406
46 4 2406
4 47 10834
47 4 10834
4 48 15117
48 4 15117
4 49 30569
49 4 30569
4 50 808
50 4 808
4 51 21825
51 4 21825
4 52 26193
52 4 26193
4 53 13547
53 4 13547
4 54 28734
54 4 28734
4 55 9763
55 4 9763
4 56 14786
56 4 14786
4 57 493
57 4 493
4 58 29354
58 4 29354
4 59 21788
59 4 21788
4 60 31646
60 4 31646
4 61 29636
61 4 29636
4 62 1705
62 4 1705
4 63 13763
63 4 13763
4 64 29685
64 4 29685
4 65 18208
65 4 18208
4 66 27282
66 4 27282
4 67 3685
67 4 3685
4 68 22738
68 4 22738
4 69 10826
69 4 10826
4 70 17425
70 4 17425
4 71 10012
71 4 10012
4 72 17301
72 4 17301
4 73 8245
73 4 8245
4 74 5180
74 4 5180
4 75 19763
75 4 19763
4 76 4520
76 4 4520
4 77 20473
77 4 20473
4 78 14158
78 4 14158
4 79 14138
79 4 14138
4 80 18476
80 4 18476
4 81 32958
81 4 32958
4 82 31549
82 4 31549
4 83 21633
83 4 21633
4 84 28079
84 4 28079
4 85 27609
85 4 27609
4 86 19981
86 4 19981
4 87 7478
87 4 7478
4 88 10791
88 4 10791
4 89 17055
89 4 17055
4 90 16687
90 4 16687
4 91 19798
91 4 19798
4 92 29088
92 4 29088
4 93 9354
93 4 9354
4 94 5679
94 4 5679
4 95 20152
95 4 20152
4 96 26983
96 4 26983
4 97 16680
97 4 16680
4 98 4529
98 4 4529
4 99 10903
99 4 10903
4 100 15167
100 4 15167
4 101 17682
101 4 17682
4 102 3861
102 4 3861
4 103 18029
103 4 18029
4 104 22418
104 4 22418
4 105 13769
105 4 13769
4 106 22709
106 4 22709
4 107 24653
107 4 24653
4 108 18776
108 4 18776
4 109 29281
109 4 29281
4 110 28846
110 4 28846
4 111 28263
111 4 28263
4 112 4006
112 4 4006
4 113 7480
113 4 7480
4 114 14053
114 4 14053
4 115 26814
115 4 26814
4 116 31780
116 4 31780
4 117 13360
117 4 13360
4 118 30598
118 4 30598
4 119 23698
119 4 23698
4 120 11690
120 4 11690
4 121 29637
121 4 29637
4 122 25931
122 4 25931
4 123 29611
123 4 29611
4 124 22200
124 4 22200
4 125 24475
125 4 24475
4 126 26786
126 4 26786
4 127 31163
127 4 31163
4 128 30678
128 4 30678
4 129 3132
129 4 3132
4 130 17145
130 4 17145
4 131 12101
131 4 12101
4 132 28338
132 4 28338
4 133 23383
133 4 23383
4 134 9976
134 4 9976
4 135 17787
135 4 17787
4 136 1967
136 4 1967
4 137 13856
137 4 13856
4 138 9617
138 4 9617
4 139 30518
139 4 30518
4 140 24644
140 4 24644
4 141 18879
141 4 18879
4 142 6378
142 4 6378
4 143 12610
143 4 12610
4 144 21734
144 4 21734
4 145 5688
145 4 5688
4 146 20729
146 4 20729
4 147 18595
147 4 18595
4 148 32257
148 4 32257
4 149 10438
149 4 10438
5 6 27556
6 5 27556
5 7 6895
7 5 6895
5 8 10054
8 5 10054
5 9 8274
9 5 8274
5 10 26076
10 5 26076
5 11 14486
11 5 14486
5 12 14694
12 5 14694
5 13 17285
13 5 17285
5 14 27608
14 5 27608
5 15 17904
15 5 17904
5 16 6862
16 5 6862
5 17 15833
17 5 15833
5 18 32116
18 5 32116
5 19 31548
19 5 31548
5 20 18999
20 5 18999
5 21 30451
21 5 30451
5 22 25641
22 5 25641
5 23 7059
23 5 7059
5 24 3439
24 5 3439
5 25 16928
25 5 16928
5 26 21366
26 5 21366
5 27 31721
27 5 31721
5 28 23727
28 5 23727
5 29 8634
29 5 8634
5 30 19966
30 5 19966
5 31 33296
31 5 33296
5 32 31511
32 5 31511
5 33 19616
33 5 19616
5 34 16245
34 5 16245
5 35 6954
35 5 6954
5 36 15107
36 5 15107
5 37 2394
37 5 2394
5 38 346
38 5 346
5 39 3687
39 5 3687
5 40 13369
40 5 13369
5 41 10852
41 5 10852
5 42 25710
42 5 25710
5 43 23435
43 5 23435
5 44 1987
44 5 1987
5 45 14773
45 5 14773
5 46 19225
46 5 19225
5 47 3484
47 5 3484
5 48 6902
48 5 6902
5 49 22369
49 5 22369
5 50 23316
50 5 23316
5 51 21466
51 5 21466
5 52 6632
52 5 6632
5 53 9451
53 5 9451
5 54 20678
54 5 20678
5 55 13734
55 5 13734
5 56 4983
56 5 4983
5 57 25588
57 5 25588
5 58 9805
58 5 9805
5 59 5534
59 5 5534
5 60 20988
60 5 20988
5 61 31336
61 5 31336
5 62 659
62 5 659
5 63 20049
63 5 20049
5 64 24546
64 5 24546
5 65 26361
65 5 26361
5 66 27065
66 5 27065
5 67 21506
67 5 21506
5 68 13022
68 5 13022
5 69 30578
69 5 30578
5 70 23439
70 5 23439
5 71 1397
71 5 1397
5 72 17952
72 5 17952
5 73 680
73 5 680
5 74 13518
74 5 13518
5 75 27249
75 5 27249
5 76 24350
76 5 24350
5 77 4363
77 5 4363
5 78 7153
78 5 7153
5 79 27043
79 5 27043
5 80 23031
80 5 23031
5 81 32147
81 5 32147
5 82 192
82 5 192
5 83 3051
83 5 3051
5 84 232
84 5 232
5 85 5729
85 5 5729
5 86 21789
86 5 21789
5 87 18623
87 5 18623
5 88 20884
88 5 20884
5 89 13327
89 5 13327
5 90 2286
90 5 2286
5 91 2418
91 5 2418
5 92 32146
92 5 32146
5 93 12752
93 5 12752
5 94 23347
94 5 23347
5 95 29511
95 5 29511
5 96 6822
96 5 6822
5 97 33345
97 5 33345
5 98 9226
98 5 9226
5 99 7272
99 5 7272
5 100 16080
100 5 16080
5 101 32515
101 5 32515
5 102 28761
102 5 28761
5 103 29695
103 5 29695
5 104 16597
104 5 16597
5 105 27130
105 5 27130
5 106 1377
106 5 1377
5 107 10348
107 5 10348
5 108 12473
108 5 12473
5 109 341
109 5 341
5 110 19585
110 5 19585
5 111 12647
111 5 12647
5 112 15716
112 5 15716
5 113 10483
113 5 10483
5 114 17657
114 5 17657
5 115 21009
115 5 21009
5 116 24283
116 5 24283
5 117 21363
117 5 21363
5 118 6870
118 5 6870
5 119 5709
119 5 5709
5 120 10683
120 5 10683
5 121 18860
121 5 18860
5 122 30857
122 5 30857
5 123 9283
123 5 9283
5 124 26038
124 5 26038
5 125 32690
125 5 32690
5 126 19820
126 5 19820
5 127 5457
127 5 5457
5 128 23819
128 5 23819
5 129 16457
129 5 16457
5 130 17038
130 5 17038
5 131 19242
131 5 19242
5 132 27603
132 5 27603
5 133 30417
133 5 30417
5 134 24827
134 5 24827
5 135 12821
135 5 12821
5 136 11939
136 5 11939
5 137 5672
137 5 5672
5 138 19014
138 5 19014
5 139 5963
139 5 5963
5 140 4287
140 5 4287
5 141 7425
141 5 7425
5 142 5896
142 5 5896
5 143 26878
143 5 26878
5 144 7116
144 5 7116
5 145 5982
145 5 5982
5 146 2444
146 5 2444
5 147 14949
147 5 14949
5 148 27012
148 5 27012
5 149 12717
149 5 12717
6 7 27241
7 6 27241
6 8 1354
8 6 1354
6 9 3385
9 6 3385
6 10 18073
10 6 18073
6 11 1229
11 6 1229
6 12 20395
12 6 20395
6 13 7381
13 6 7381
6 14 22215
14 6 22215
6 15 33279
15 6 33279
6 16 8994
16 6 8994
6 17 16234
17 6 16234
6 18 10897
18 6 10897
6 19 19624
19 6 19624
6 20 18131
20 6 18131
6 21 32482
21 6 32482
6 22 8345
22 6 8345
6 23 5455
23 6 5455
6 24 17778
24 6 17778
6 25 12889
25 6 12889
6 26 12147
26 6 12147
6 27 31172
27 6 31172
6 28 18351
28 6 18351
6 29 33198
29 6 33198
6 30 20244
30 6 20244
6 31 14359
31 6 14359
6 32 24698
32 6 24698
6 33 24960
33 6 24960
6 34 6459
34 6 6459
6 35 5169
35 6 5169
6 36 31364
36 6 31364
6 37 4987
37 6 4987
6 38 14520
38 6 14520
6 39 30898
39 6 30898
6 40 22763
40 6 22763
6 41 17996
41 6 17996
6 42 8762
42 6 8762
6 43 8663
43 6 8663
6 44 24789
44 6 24789
6 45 165
45 6 165
6 46 32919
46 6 32919
6 47 25959
47 6 25959
6 48 25513
48 6 25513
6 49 18043
49 6 18043
6 50 15358
50 6 15358
6 51 31178
51 6 31178
6 52 13334
52 6 13334
6 53 21616
53 6 21616
6 54 29569
54 6 29569
6 55 424
55 6 424
6 56 19432
56 6 19432
6 57 13095
57 6 13095
6 58 26690
58 6 26690
6 59 3619
59 6 3619
6 60 11500
60 6 11500
6 61 1791
61 6 1791
6 62 8820
62 6 8820
6 63 16250
63 6 16250
6 64 11416
64 6 11416
6 65 26183
65 6 26183
6 66 8516
66 6 8516
6 67 5897
67 6 5897
6 68 3485
68 6 3485
6 69 1043
69 6 1043
6 70 7012
70 6 7012
6 71 2394
71 6 2394
6 72 28
72 6 28
6 73 23423
73 6 23423
6 74 27269
74 6 27269
6 75 9229
75 6 9229
6 76 3621
76 6 3621
6 77 19101
77 6 19101
6 78 29471
78 6 29471
6 79 2532
79 6 2532
6 80 5650
80 6 5650
6 81 13831
81 6 13831
6 82 31393
82 6 31393
6 83 7001
83 6 7001
6 84 18364
84 6 18364
6 85 16911
85 6 16911
6 86 18265
86 6 18265
6 87 991
87 6 991
6 88 17452
88 6 17452
6 89 5819
89 6 5819
6 90 14750
90 6 14750
6 91 28526
91 6 28526
6 92 31143
92 6 31143
6 93 25975
93 6 25975
6 94 23024
94 6 23024
6 95 28
95 6 28
6 96 550
96 6 550
6 97 949
97 6 949
6 98 11849
98 6 11849
6 99 25634
99 6 25634
6 100 26365
100 6 26365
6 101 10228
101 6 10228
6 102 6706
102 6 6706
6 103 30728
103 6 30728
6 104 10090
104 6 10090
6 105 19959
105 6 19959
6 106 22485
106 6 22485
6 107 1868
107 6 1868
6 108 12174
108 6 12174
6 109 20438
109 6 20438
6 110 365
110 6 365
6 111 17562
111 6 17562
6 112 4593
112 6 4593
6 113 29045
113 6 29045
6 114 18552
114 6 18552
6 115 30599
115 6 30599
6 116 13287
116 6 13287
6 117 9426
117 6 9426
6 118 27920
118 6 27920
6 119 8483
119 6 8483
6 120 33203
120 6 33203
6 121 19455
121 6 19455
6 122 20456
122 6 20456
6 123 29112
123 6 29112
6 124 27141
124 6 27141
6 125 29342
125 6 29342
6 126 31655
126 6 31655
6 127 8944
127 6 8944
6 128 18653
128 6 18653
6 129 5352
129 6 5352
6 130 6291
130 6 6291
6 131 29564
131 6 29564
6 132 4641
132 6 4641
6 133 4193
133 6 4193
6 134 9660
134 6 9660
6 135 31047
135 6 31047
6 136 24101
136 6 24101
6 137 15119
137 6 15119
6 138 6559
138 6 6559
6 139 3239
139 6 3239
6 140 1041
140 6 1041
6 141 6144
141 6 6144
6 142 3842
142 6 3842
6 143 22885
143 6 22885
6 144 1184
144 6 1184
6 145 22027
145 6 22027
6 146 30050
146 6 30050
6 147 5702
147 6 5702
6 148 6803
148 6 6803
6 149 5789
149 6 5789
7 8 16081
8 7 16081
7 9 10263
9 7 10263
7 10 14632
10 7 14632
7 11 2837
11 7 2837
7 12 8728
12 7 8728
7 13 32980
13 7 32980
7 14 25433
14 7 25433
7 15 23932
15 7 23932
7 16 32151
16 7 32151
7 17 801
17 7 801
7 18 19629
18 7 19629
7 19 2137
19 7 2137
7 20 32479
20 7 32479
7 21 27058
21 7 27058
7 22 8433
22 7 8433
7 23 22270
23 7 22270
7 24 805
24 7 805
7 25 21881
25 7 21881
7 26 1100
26 7 1100
7 27 11060
27 7 11060
7 28 4304
28 7 4304
7 29 28008
29 7 28008
7 30 24677
30 7 24677
7 31 3719
31 7 3719
7 32 15138
32 7 15138
7 33 11043
33 7 11043
7 34 29242
34 7 29242
7 35 17083
35 7 17083
7 36 19863
36 7 19863
7 37 32786
37 7 32786
7 38 29269
38 7 29269
7 39 15749
39 7 15749
7 40 10267
40 7 10267
7 41 33471
41 7 33471
7 42 4640
42 7 4640
7 43 17527
43 7 17527
7 44 18881
44 7 18881
7 45 7128
45 7 7128
7 46 13170
46 7 13170
7 47 7255
47 7 7255
7 48 9103
48 7 9103
7 49 4029
49 7 4029
7 50 2208
50 7 2208
7 51 31395
51 7 31395
7 52 33088
52 7 33088
7 53 27080
53 7 27080
7 54 31320
54 7 31320
7 55 11739
55 7 11739
7 56 15512
56 7 15512
7 57 10159
57 7 10159
7 58 17620
58 7 17620
7 59 682
59 7 682
7 60 6031
60 7 6031
7 61 10214
61 7 10214
7 62 9134
62 7 9134
7 63 19303
63 7 19303
7 64 8056
64 7 8056
7 65 13525
65 7 13525
7 66 19430
66 7 19430
7 67 12021
67 7 12021
7 68 17181
68 7 17181
7 69 11173
69 7 11173
7 70 26775
70 7 26775
7 71 24421
71 7 24421
7 72 17972
72 7 17972
7 73 8692
73 7 8692
7 74 2480
74 7 2480
7 75 20215
75 7 20215
7 76 28231
76 7 28231
7 77 2478
77 7 2478
7 78 26493
78 7 26493
7 79 7274
79 7 7274
7 80 3379
80 7 3379
7 81 14119
81 7 14119
7 82 25650
82 7 25650
7 83 25593
83 7 25593
7 84 16253
84 7 16253
7 85 30585
85 7 30585
7 86 19434
86 7 19434
7 87 16436
87 7 16436
7 88 22101
88 7 22101
7 89 32797
89 7 32797
7 90 17255
90 7 17255
7 91 8987
91 7 8987
7 92 20496
92 7 20496
7 93 17281
93 7 17281
7 94 22850
94 7 22850
7 95 2209
95 7 2209
7 96 22260
96 7 22260
7 97 31350
97 7 31350
7 98 23357
98 7 23357
7 99 5624
99 7 5624
7 100 9847
100 7 9847
7 101 4408
101 7 4408
7 102 21479
102 7 21479
7 103 31372
103 7 31372
7 104 22684
104 7 22684
7 105 25922
105 7 25922
7 106 2479
106 7 2479
7 107 15743
107 7 15743
7 108 28725
108 7 28725
7 109 21856
109 7 21856
7 110 2712
110 7 2712
7 111 13114
111 7 13114
7 112 9621
112 7 9621
7 113 21092
113 7 21092
7 114 16198
114 7 16198
7 115 3862
115 7 3862
7 116 26523
116 7 26523
7 117 30960
117 7 30960
7 118 15204
118 7 15204
7 119 17392
119 7 17392
7 120 9346
120 7 9346
7 121 14901
121 7 14901
7 122 4342
122 7 4342
7 123 2713
123 7 2713
7 124 6780
124 7 6780
7 125 13937
125 7 13937
7 126 8380
126 7 8380
7 127 5334
127 7 5334
7 128 7346
128 7 7346
7 129 28856
129 7 28856
7 130 28147
130 7 28147
7 131 6464
131 7 6464
7 132 2494
132 7 2494
7 133 27330
133 7 27330
7 134 12471
134 7 12471
7 135 23505
135 7 23505
7 136 7149
136 7 7149
7 137 25487
137 7 25487
7 138 21282
138 7 21282
7 139 6562
139 7 6562
7 140 24038
140 7 24038
7 141 29981
141 7 29981
7 142 21985
142 7 21985
7 143 29197
143 7 29197
7 144 26229
144 7 26229
7 145 8715
145 7 8715
7 146 25769
146 7 25769
7 147 8729
147 7 8729
7 148 30797
148 7 30797
7 149 7259
149 7 7259
8 9 22840
9 8 22840
8 10 17650
10 8 17650
8 11 3548
11 8 3548
8 12 8087
12 8 8087
8 13 10624
13 8 10624
8 14 28247
14 8 28247
8 15 28041
15 8 28041
8 16 5415
16 8 5415
8 17 10384
17 8 10384
8 18 7815
18 8 7815
8 19 12390
19 8 12390
8 20 21030
20 8 21030
8 21 12299
21 8 12299
8 22 26434
22 8 26434
8 23 17423
23 8 17423
8 24 32555
24 8 32555
8 25 32516
25 8 32516
8 26 4778
26 8 4778
8 27 3531
27 8 3531
8 28 18338
28 8 18338
8 29 23288
29 8 23288
8 30 8240
30 8 8240
8 31 17226
31 8 17226
8 32 21272
32 8 21272
8 33 33478
33 8 33478
8 34 18573
34 8 18573
8 35 111
35 8 111
8 36 19929
36 8 19929
8 37 30400
37 8 30400
8 38 2185
38 8 2185
8 39 8479
39 8 8479
8 40 14182
40 8 14182
8 41 3667
41 8 3667
8 42 11542
42 8 11542
8 43 26971
43 8 26971
8 44 17489
44 8 17489
8 45 22738
45 8 22738
8 46 8748
46 8 8748
8 47 1167
47 8 1167
8 48 14999
48 8 14999
8 49 13695
49 8 13695
8 50 27494
50 8 27494
8 51 23597
51 8 23597
8 52 21958
52 8 21958
8 53 25769
53 8 25769
8 54 31523
54 8 31523
8 55 10028
55 8 10028
8 56 7069
56 8 7069
8 57 28711
57 8 28711
8 58 20512
58 8 20512
8 59 25432
59 8 25432
8 60 13228
60 8 13228
8 61 9985
61 8 9985
8 62 4155
62 8 4155
8 63 20823
63 8 20823
8 64 22014
64 8 22014
8 65 4050
65 8 4050
8 66 15941
66 8 15941
8 67 23885
67 8 23885
8 68 21895
68 8 21895
8 69 14726
69 8 14726
8 70 20623
70 8 20623
8 71 33018
71 8 33018
8 72 11478
72 8 11478
8 73 16243
73 8 16243
8 74 8350
74 8 8350
8 75 13833
75 8 13833
8 76 27340
76 8 27340
8 77 5130
77 8 5130
8 78 25948
78 8 25948
8 79 2311
79 8 2311
8 80 8643
80 8 8643
8 81 24177
81 8 24177
8 82 13037
82 8 13037
8 83 4563
83 8 4563
8 84 23333
84 8 23333
8 85 18323
85 8 18323
8 86 19968
86 8 19968
8 87 9714
87 8 9714
8 88 2426
88 8 2426
8 89 8408
89 8 8408
8 90 4464
90 8 4464
8 91 24381
91 8 24381
8 92 26779
92 8 26779
8 93 8133
93 8 8133
8 94 23371
94 8 23371
8 95 15834
95 8 15834
8 96 29887
96 8 29887
8 97 18054
97 8 18054
8 98 30605
98 8 30605
8 99 24913
99 8 24913
8 100 17776
100 8 17776
8 101 2724
101 8 2724
8 102 25755
102 8 25755
8 103 7843
103 8 7843
8 104 4805
104 8 4805
8 105 13252
105 8 13252
8 106 19171
106 8 19171
8 107 16607
107 8 16607
8 108 26047
108 8 26047
8 109 8813
109 8 8813
8 110 11419
110 8 11419
8 111 28781
111 8 28781
8 112 295
112 8 295
8 113 12104
113 8 12104
8 114 14473
114 8 14473
8 115 1630
115 8 1630
8 116 32278
116 8 32278
8 117 21851
117 8 21851
8 118 25295
118 8 25295
8 119 7352
119 8 7352
8 120 3274
120 8 3274
8 121 31290
121 8 31290
8 122 33022
122 8 33022
8 123 1673
123 8 1673
8 124 11377
124 8 11377
8 125 28457
125 8 28457
8 126 6933
126 8 6933
8 127 12165
127 8 12165
8 128 20700
128 8 20700
8 129 7022
129 8 7022
8 130 22549
130 8 22549
8 131 27144
131 8 27144
8 132 23870
132 8 23870
8 133 919
133 8 919
8 134 2735
134 8 2735
8 135 14419
135 8 14419
8 136 29266
136 8 29266
8 137 30313
137 8 30313
8 138 20447
138 8 20447
8 139 15097
139 8 15097
8 140 31697
140 8 31697
8 141 230
141 8 230
8 142 13272
142 8 13272
8 143 6757
143 8 6757
8 144 7029
144 8 7029
8 145 16095
145 8 16095
8 146 25914
146 8 25914
8 147 15311
147 8 15311
8 148 33418
148 8 33418
8 149 13740
149 8 13740
9 10 22309
10 9 22309
9 11 26177
11 9 26177
9 12 21969
12 9 21969
9 13 24366
13 9 24366
9 14 9005
14 9 9005
9 15 23485
15 9 23485
9 16 26444
16 9 26444
9 17 5364
17 9 5364
9 18 30450
18 9 30450
9 19 10747
19 9 10747
9 20 16613
20 9 16613
9 21 26832
21 9 26832
9 22 26760
22 9 26760
9 23 6276
23 9 6276
9 24 9631
24 9 9631
9 25 20905
25 9 20905
9 26 25303
26 9 25303
9 27 17249
27 9 17249
9 28 8267
28 9 8267
9 29 18398
29 9 18398
9 30 9666
30 9 9666
9 31 1242
31 9 1242
9 32 28606
32 9 28606
9 33 27203
33 9 27203
9 34 9600
34 9 9600
9 35 8200
35 9 8200
9 36 28503
36 9 28503
9 37 11821
37 9 11821
9 38 8278
38 9 8278
9 39 31256
39 9 31256
9 40 25437
40 9 25437
9 41 18086
41 9 18086
9 42 9008
42 9 9008
9 43 6209
43 9 6209
9 44 2202
44 9 2202
9 45 23689
45 9 23689
9 46 24917
46 9 24917
9 47 25952
47 9 25952
9 48 12820
48 9 12820
9 49 25900
49 9 25900
9 50 28760
50 9 28760
9 51 11625
51 9 11625
9 52 71
52 9 71
9 53 10538
53 9 10538
9 54 17574
54 9 17574
9 55 6847
55 9 6847
9 56 27533
56 9 27533
9 57 18725
57 9 18725
9 58 5464
58 9 5464
9 59 30378
59 9 30378
9 60 32917
60 9 32917
9 61 17355
61 9 17355
9 62 7988
62 9 7988
9 63 8077
63 9 8077
9 64 30841
64 9 30841
9 65 16179
65 9 16179
9 66 24521
66 9 24521
9 67 7026
67 9 7026
9 68 24754
68 9 24754
9 69 24618
69 9 24618
9 70 17592
70 9 17592
9 71 22650
71 9 22650
9 72 23243
72 9 23243
9 73 24335
73 9 24335
9 74 417
74 9 417
9 75 16865
75 9 16865
9 76 31030
76 9 31030
9 77 11445
77 9 11445
9 78 24348
78 9 24348
9 79 5485
79 9 5485
9 80 17248
80 9 17248
9 81 751
81 9 751
9 82 24360
82 9 24360
9 83 23814
83 9 23814
9 84 10574
84 9 10574
9 85 22260
85 9 22260
9 86 22750
86 9 22750
9 87 751
87 9 751
9 88 21235
88 9 21235
9 89 5622
89 9 5622
9 90 28216
90 9 28216
9 91 6611
91 9 6611
9 92 10212
92 9 10212
9 93 6610
93 9 6610
9 94 2732
94 9 2732
9 95 17495
95 9 17495
9 96 27701
96 9 27701
9 97 17568
97 9 17568
9 98 1450
98 9 1450
9 99 15721
99 9 15721
9 100 20833
100 9 20833
9 101 28546
101 9 28546
9 102 23943
102 9 23943
9 103 30114
103 9 30114
9 104 7389
104 9 7389
9 105 18707
105 9 18707
9 106 23445
106 9 23445
9 107 15636
107 9 15636
9 108 24236
108 9 24236
9 109 6811
109 9 6811
9 110 12246
110 9 12246
9 111 13438
111 9 13438
9 112 13448
112 9 13448
9 113 32437
113 9 32437
9 114 4224
114 9 4224
9 115 8307
115 9 8307
9 116 29147
116 9 29147
9 117 10922
117 9 10922
9 118 2915
118 9 2915
9 119 19900
119 9 19900
9 120 20891
120 9 20891
9 121 28715
121 9 28715
9 122 21621
122 9 21621
9 123 2619
123 9 2619
9 124 23690
124 9 23690
9 125 32730
125 9 32730
9 126 26969
126 9 26969
9 127 2742
127 9 2742
9 128 15976
128 9 15976
9 129 20472
129 9 20472
9 130 26716
130 9 26716
9 131 19488
131 9 19488
9 132 32847
132 9 32847
9 133 24210
133 9 24210
9 134 25843
134 9 25843
9 135 7181
135 9 7181
9 136 33164
136 9 33164
9 137 14217
137 9 14217
9 138 7557
138 9 7557
9 139 5799
139 9 5799
9 140 16841
140 9 16841
9 141 3443
141 9 3443
9 142 29501
142 9 29501
9 143 31951
143 9 31951
9 144 17096
144 9 17096
9 145 28169
145 9 28169
9 146 8093
146 9 8093
9 147 2476
147 9 2476
9 148 27964
148 9 27964
9 149 11489
149 9 11489
10 11 21753
11 10 21753
10 12 356
12 10 356
10 13 11393
13 10 11393
10 14 31083
14 10 31083
10 15 8338
15 10 8338
10 16 13865
16 10 13865
10 17 27165
17 10 27165
10 18 21613
18 10 21613
10 19 6690
19 10 6690
10 20 18532
20 10 18532
10 21 17830
21 10 17830
10 22 25803
22 10 25803
10 23 43
23 10 43
10 24 16391
24 10 16391
10 25 16204
25 10 16204
10 26 16694
26 10 16694
10 27 2126
27 10 2126
10 28 2199
28 10 2199
10 29 21829
29 10 21829
10 30 2624
30 10 2624
10 31 19398
31 10 19398
10 32 4123
32 10 4123
10 33 19596
33 10 19596
10 34 23562
34 10 23562
10 35 2086
35 10 2086
10 36 2291
36 10 2291
10 37 17875
37 10 17875
10 38 13501
38 10 13501
10 39 15703
39 10 15703
10 40 540
40 10 540
10 41 8928
41 10 8928
10 42 19646
42 10 19646
10 43 7832
43 10 7832
10 44 5096
44 10 5096
10 45 1135
45 10 1135
10 46 11277
46 10 11277
10 47 21048
47 10 21048
10 48 4527
48 10 4527
10 49 907
49 10 907
10 50 31837
50 10 31837
10 51 1341
51 10 1341
10 52 2774
52 10 2774
10 53 27012
53 10 27012
10 54 5718
54 10 5718
10 55 2763
55 10 2763
10 56 19441
56 10 19441
10 57 18849
57 10 18849
10 58 7867
58 10 7867
10 59 31202
59 10 31202
10 60 8240
60 10 8240
10 61 19245
61 10 19245
10 62 14975
62 10 14975
10 63 16588
63 10 16588
10 64 18019
64 10 18019
10 65 4248
65 10 4248
10 66 10098
66 10 10098
10 67 16735
67 10 16735
10 68 8083
68 10 8083
10 69 30218
69 10 30218
10 70 12804
70 10 12804
10 71 3973
71 10 3973
10 72 19360
72 10 19360
10 73 19694
73 10 19694
10 74 32802
74 10 32802
10 75 22707
75 10 22707
10 76 15138
76 10 15138
10 77 29023
77 10 29023
10 78 10050
78 10 10050
10 79 26689
79 10 26689
10 80 12330
80 10 12330
10 81 7117
81 10 7117
10 82 2151
82 10 2151
10 83 5741
83 10 5741
10 84 10406
84 10 10406
10 85 28435
85 10 28435
10 86 11022
86 10 11022
10 87 12168
87 10 12168
10 88 29030
88 10 29030
10 89 5464
89 10 5464
10 90 17236
90 10 17236
10 91 23145
91 10 23145
10 92 17122
92 10 17122
10 93 24365
93 10 24365
10 94 27187
94 10 27187
10 95 2065
95 10 2065
10 96 22346
96 10 22346
10 97 20258
97 10 20258
10 98 9779
98 10 9779
10 99 11625
99 10 11625
10 100 6692
100 10 6692
10 101 10992
101 10 10992
10 102 22045
102 10 22045
10 103 29972
103 10 29972
10 104 4163
104 10 4163
10 105 31797
105 10 31797
10 106 3500
106 10 3500
10 107 28364
107 10 28364
10 108 9155
108 10 9155
10 109 21823
109 10 21823
10 110 22873
110 10 22873
10 111 13561
111 10 13561
10 112 29285
112 10 29285
10 113 10976
113 10 10976
10 114 6305
114 10 6305
10 115 5732
115 10 5732
10 116 27495
116 10 27495
10 117 6328
117 10 6328
10 118 4287
118 10 4287
10 119 23254
119 10 23254
10 120 6038
120 10 6038
10 121 20191
121 10 20191
10 122 4685
122 10 4685
10 123 1780
123 10 1780
10 124 11774
124 10 11774
10 125 12031
125 10 12031
10 126 22467
126 10 22467
10 127 10931
127 10 10931
10 128 3482
128 10 3482
10 129 23698
129 10 23698
10 130 13786
130 10 13786
10 131 33139
131 10 33139
10 132 13131
132 10 13131
10 133 12125
133 10 12125
10 134 19321
134 10 19321
10 135 345
135 10 345
10 136 14390
136 10 14390
10 137 15353
137 10 15353
10 138 28473
138 10 28473
10 139 1643
139 10 1643
10 140 23537
140 10 23537
10 141 3773
141 10 3773
10 142 21040
142 10 21040
10 143 3405
143 10 3405
10 144 11353
144 10 11353
10 145 17758
145 10 17758
10 146 29251
146 10 29251
10 147 13431
147 10 13431
10 148 4763
148 10 4763
10 149 20061
149 10 20061
11 12 10482
12 11 10482
11 13 33490
13 11 33490
11 14 3756
14 11 3756
11 15 12096
15 11 12096
11 16 17379
16 11 17379
11 17 22154
17 11 22154
11 18 24484
18 11 24484
11 19 9857
19 11 9857
11 20 19223
20 11 19223
11 21 6066
21 11 6066
11 22 8657
22 11 8657
11 23 20020
23 11 20020
11 24 27603
24 11 27603
11 25 6085
25 11 6085
11 26 3468
26 11 3468
11 27 18712
27 11 18712
11 28 28447
28 11 28447
11 29 27309
29 11 27309
11 30 18720
30 11 18720
11 31 33319
31 11 33319
11 32 16246
32 11 16246
11 33 7503
33 11 7503
11 34 16413
34 11 16413
11 35 15241
35 11 15241
11 36 15377
36 11 15377
11 37 17029
37 11 17029
11 38 14515
38 11 14515
11 39 10019
39 11 10019
11 40 21088
40 11 21088
11 41 10038
41 11 10038
11 42 24160
42 11 24160
11 43 22693
43 11 22693
11 44 5130
44 11 5130
11 45 25114
45 11 25114
11 46 7327
46 11 7327
11 47 27903
47 11 27903
11 48 21962
48 11 21962
11 49 21809
49 11 21809
11 50 14143
50 11 14143
11 51 12198
51 11 12198
11 52 5010
52 11 5010
11 53 287
53 11 287
11 54 28597
54 11 28597
11 55 24796
55 11 24796
11 56 7797
56 11 7797
11 57 12951
57 11 12951
11 58 32027
58 11 32027
11 59 8761
59 11 8761
11 60 10676
60 11 10676
11 61 18359
61 11 18359
11 62 9234
62 11 9234
11 63 11144
63 11 11144
11 64 15954
64 11 15954
11 65 26628
65 11 26628
11 66 32043
66 11 32043
11 67 25062
67 11 25062
11 68 5967
68 11 5967
11 69 33427
69 11 33427
11 70 22898
70 11 22898
11 71 23834
71 11 23834
11 72 703
72 11 703
11 73 12296
73 11 12296
11 74 30281
74 11 30281
11 75 12196
75 11 12196
11 76 19458
76 11 19458
11 77 20117
77 11 20117
11 78 20121
78 11 20121
11 79 13295
79 11 13295
11 80 32900
80 11 32900
11 81 17333
81 11 17333
11 82 26755
82 11 26755
11 83 19715
83 11 19715
11 84 26396
84 11 26396
11 85 14865
85 11 14865
11 86 4622
86 11 4622
11 87 29727
87 11 29727
11 88 3591
88 11 3591
11 89 6225
89 11 6225
11 90 13810
90 11 13810
11 91 14452
91 11 14452
11 92 1583
92 11 1583
11 93 6022
93 11 6022
11 94 5772
94 11 5772
11 95 22407
95 11 22407
11 96 763
96 11 763
11 97 29202
97 11 29202
11 98 32606
98 11 32606
11 99 5424
99 11 5424
11 100 19757
100 11 19757
11 101 19173
101 11 19173
11 102 9870
102 11 9870
11 103 15871
103 11 15871
11 104 8841
104 11 8841
11 105 15057
105 11 15057
11 106 7034
106 11 7034
11 107 15025
107 11 15025
11 108 12000
108 11 12000
11 109 20597
109 11 20597
11 110 26153
110 11 26153
11 111 17896
111 11 17896
11 112 12646
112 11 12646
11 113 20564
113 11 20564
11 114 23009
114 11 23009
11 115 5237
115 11 5237
11 116 13508
116 11 13508
11 117 28111
117 11 28111
11 118 30291
118 11 30291
11 119 3913
119 11 3913
11 120 7970
120 11 7970
11 121 28098
121 11 28098
11 122 20611
122 11 20611
11 123 31001
123 11 31001
11 124 19148
124 11 19148
11 125 12563
125 11 12563
11 126 5643
126 11 5643
11 127 5820
127 11 5820
11 128 18055
128 11 18055
11 129 24242
129 11 24242
11 130 4088
130 11 4088
11 131 19702
131 11 19702
11 132 5163
132 11 5163
11 133 31916
133 11 31916
11 134 31913
134 11 31913
11 135 261
135 11 261
11 136 9867
136 11 9867
11 137 2248
137 11 2248
11 138 873
138 11 873
11 139 13101
139 11 13101
11 140 7070
140 11 7070
11 141 23528
141 11 23528
11 142 3723
142 11 3723
11 143 14065
143 11 14065
11 144 24199
144 11 24199
11 145 17687
145 11 17687
11 146 20415
146 11 20415
11 147 9378
147 11 9378
11 148 14803
148 11 14803
11 149 17734
149 11 17734
12 13 30130
13 12 30130
12 14 15576
14 12 15576
12 15 32393
15 12 32393
12 16 22437
16 12 22437
12 17 3920
17 12 3920
12 18 17983
18 12 17983
12 19 11378
19 12 11378
12 20 9605
20 12 9605
12 21 29873
21 12 29873
12 22 605
22 12 605
12 23 25590
23 12 25590
12 24 29997
24 12 29997
12 25 24832
25 12 24832
12 26 14478
26 12 14478
12 27 13664
27 12 13664
12 28 31265
28 12 31265
12 29 2120
29 12 2120
12 30 4352
30 12 4352
12 31 2771
31 12 2771
12 32 10426
32 12 10426
12 33 18423
33 12 18423
12 34 1182
34 12 1182
12 35 10656
35 12 10656
12 36 16780
36 12 16780
12 37 23054
37 12 23054
12 38 3373
38 12 3373
12 39 5871
39 12 5871
12 40 11384
40 12 11384
12 41 13648
41 12 13648
12 42 3921
42 12 3921
12 43 19169
43 12 19169
12 44 13189
44 12 13189
12 45 28859
45 12 28859
12 46 28441
46 12 28441
12 47 7318
47 12 7318
12 48 4072
48 12 4072
12 49 3208
49 12 3208
12 50 25774
50 12 25774
12 51 18403
51 12 18403
12 52 29815
52 12 29815
12 53 19650
53 12 19650
12 54 26414
54 12 26414
12 55 1571
55 12 1571
12 56 23443
56 12 23443
12 57 13381
57 12 13381
12 58 17779
58 12 17779
12 59 16483
59 12 16483
12 60 11233
60 12 11233
12 61 32152
61 12 32152
12 62 11969
62 12 11969
12 63 12501
63 12 12501
12 64 1001
64 12 1001
12 65 13545
65 12 13545
12 66 6837
66 12 6837
12 67 19190
67 12 19190
12 68 9131
68 12 9131
12 69 4217
69 12 4217
12 70 12498
70 12 12498
12 71 28695
71 12 28695
12 72 31780
72 12 31780
12 73 8382
73 12 8382
12 74 23654
74 12 23654
12 75 15124
75 12 15124
12 76 11142
76 12 11142
12 77 30523
77 12 30523
12 78 6068
78 12 6068
12 79 27990
79 12 27990
12 80 1818
80 12 1818
12 81 28216
81 12 28216
12 82 30656
82 12 30656
