15 156 14
0 1 222
1 0 222
0 2 230
2 0 230
0 4 205
4 0 205
0 5 124
5 0 124
0 6 12
6 0 12
0 7 168
7 0 168
0 8 17
8 0 17
0 9 41
9 0 41
0 10 197
10 0 197
0 12 68
12 0 68
0 13 30
13 0 30
0 14 139
14 0 139
1 2 128
2 1 128
1 3 128
3 1 128
1 4 205
4 1 205
1 5 214
5 1 214
1 6 174
6 1 174
1 7 7
7 1 7
1 9 89
9 1 89
1 10 75
10 1 75
1 11 24
11 1 24
1 12 102
12 1 102
1 13 77
13 1 77
1 14 28
14 1 28
2 3 175
3 2 175
2 4 98
4 2 98
2 5 29
5 2 29
2 7 174
7 2 174
2 8 2
8 2 2
2 9 230
9 2 230
2 10 33
10 2 33
2 12 46
12 2 46
2 14 173
14 2 173
3 4 16
4 3 16
3 6 149
6 3 149
3 7 133
7 3 133
3 13 108
13 3 108
4 7 44
7 4 44
4 8 35
8 4 35
4 9 206
9 4 206
4 11 29
11 4 29
4 12 25
12 4 25
5 6 177
6 5 177
5 7 148
7 5 148
5 8 51
8 5 51
5 9 190
9 5 190
5 10 124
10 5 124
5 11 97
11 5 97
5 12 104
12 5 104
5 13 213
13 5 213
5 14 88
14 5 88
6 10 106
10 6 106
6 11 50
11 6 50
6 12 106
12 6 106
6 14 13
14 6 13
7 8 115
8 7 115
7 9 36
9 7 36
7 10 99
10 7 99
7 11 63
11 7 63
7 12 86
12 7 86
7 13 15
13 7 15
7 14 38
14 7 38
8 9 143
9 8 143
8 10 68
10 8 68
8 11 227
11 8 227
8 13 181
13 8 181
8 14 75
14 8 75
9 10 20
10 9 20
9 11 172
11 9 172
9 13 119
13 9 119
10 11 121
11 10 121
10 13 126
13 10 126
10 14 46
14 10 46
11 12 143
12 11 143
11 13 170
13 11 170
12 13 138
13 12 138
12 14 44
14 12 44
13 14 215
14 13 215
