100 2474 73
0 65 699
65 0 699
0 66 1408
66 0 1408
0 4 131
4 0 131
0 70 2254
70 0 2254
0 1 1245
1 0 1245
0 10 2138
10 0 2138
0 75 1813
75 0 1813
0 77 3217
77 0 3217
0 19 3250
19 0 3250
0 23 2131
23 0 2131
0 35 2246
35 0 2246
0 99 2038
99 0 2038
0 36 726
36 0 726
0 38 3034
38 0 3034
0 39 1023
39 0 1023
0 40 2297
40 0 2297
0 41 943
41 0 943
0 45 1409
45 0 1409
0 48 178
48 0 178
0 83 3118
83 0 3118
0 61 694
61 0 694
0 62 634
62 0 634
1 64 3693
64 1 3693
1 3 1292
3 1 1292
1 4 1431
4 1 1431
1 22 2702
22 1 2702
1 6 2373
6 1 2373
1 71 2248
71 1 2248
1 10 2211
10 1 2211
1 11 676
11 1 676
1 12 1072
12 1 1072
1 79 273
79 1 273
1 81 2651
81 1 2651
1 19 3170
19 1 3170
1 84 65
84 1 65
1 85 360
85 1 360
1 86 3174
86 1 3174
1 23 975
23 1 975
1 88 3487
88 1 3487
1 68 3356
68 1 3356
1 94 1825
94 1 1825
1 96 621
96 1 621
1 98 362
98 1 362
1 38 2223
38 1 2223
1 17 1607
17 1 1607
1 42 2846
42 1 2846
1 44 577
44 1 577
1 47 60
47 1 60
1 48 3500
48 1 3500
1 50 3437
50 1 3437
1 51 1904
51 1 1904
1 20 2692
20 1 2692
1 53 746
53 1 746
1 55 2023
55 1 2023
1 57 1362
57 1 1362
1 60 196
60 1 196
1 61 529
61 1 529
2 64 1917
64 2 1917
2 3 3186
3 2 3186
2 72 2487
72 2 2487
2 77 2057
77 2 2057
2 80 3111
80 2 3111
2 18 720
18 2 720
2 19 3307
19 2 3307
2 85 3434
85 2 3434
2 86 2642
86 2 2642
2 87 1459
87 2 1459
2 24 2812
24 2 2812
2 28 2783
28 2 2783
2 29 1922
29 2 1922
2 30 519
30 2 519
2 31 1080
31 2 1080
2 35 2182
35 2 2182
2 92 430
92 2 430
2 42 2074
42 2 2074
2 45 2440
45 2 2440
2 47 1758
47 2 1758
2 53 898
53 2 898
2 56 2524
56 2 2524
2 58 946
58 2 946
2 60 11
60 2 11
2 62 2091
62 2 2091
3 75 1438
75 3 1438
3 32 1556
32 3 1556
3 11 679
11 3 679
3 12 955
12 3 955
3 14 3521
14 3 3521
3 81 637
81 3 637
3 99 1371
99 3 1371
3 25 3366
25 3 3366
3 90 2800
90 3 2800
3 92 2534
92 3 2534
3 29 1325
29 3 1325
3 96 2880
96 3 2880
3 98 536
98 3 536
3 35 899
35 3 899
3 7 1358
7 3 1358
3 46 845
46 3 845
3 47 845
47 3 845
3 52 1418
52 3 1418
3 56 3133
56 3 3133
3 62 3429
62 3 3429
4 66 624
66 4 624
4 36 2539
36 4 2539
4 37 470
37 4 470
4 6 378
6 4 378
4 7 2296
7 4 2296
4 11 2832
11 4 2832
4 12 3086
12 4 3086
4 77 3482
77 4 3482
4 46 1102
46 4 1102
4 79 2556
79 4 2556
4 19 2838
19 4 2838
4 85 3657
85 4 3657
4 54 1968
54 4 1968
4 90 2718
90 4 2718
4 70 2788
70 4 2788
4 61 2126
61 4 2126
4 62 3139
62 4 3139
4 63 3438
63 4 3438
5 64 1022
64 5 1022
5 97 2028
97 5 2028
5 34 2970
34 5 2970
5 38 768
38 5 768
5 70 2477
70 5 2477
5 44 113
44 5 113
5 95 2343
95 5 2343
5 12 3537
12 5 3537
5 13 443
13 5 443
5 14 1470
14 5 1470
5 47 1207
47 5 1207
5 85 88
85 5 88
5 59 1376
59 5 1376
5 30 459
30 5 459
5 31 3589
31 5 3589
6 51 443
51 6 443
6 66 2836
66 6 2836
6 81 596
81 6 596
6 71 1561
71 6 1561
6 41 2615
41 6 2615
6 43 232
43 6 232
6 12 1962
12 6 1962
6 77 3217
77 6 3217
6 14 765
14 6 765
6 79 2412
79 6 2412
6 17 1522
17 6 1522
6 19 2294
19 6 2294
6 20 2381
20 6 2381
6 62 283
62 6 283
6 61 226
61 6 226
6 30 2005
30 6 2005
7 68 3454
68 7 3454
7 64 140
64 7 140
7 72 2430
72 7 2430
7 11 268
11 7 268
7 98 2720
98 7 2720
7 13 3449
13 7 3449
7 16 2060
16 7 2060
7 17 2279
17 7 2279
7 75 776
75 7 776
7 85 1508
85 7 1508
7 22 1427
22 7 1427
7 89 2323
89 7 2323
7 26 270
26 7 270
7 94 3181
94 7 3181
7 96 1874
96 7 1874
7 34 530
34 7 530
7 40 2860
40 7 2860
7 41 2000
41 7 2000
7 43 1736
43 7 1736
7 44 567
44 7 567
7 46 2854
46 7 2854
7 47 1781
47 7 1781
7 56 3634
56 7 3634
7 58 68
58 7 68
7 59 1462
59 7 1462
8 32 1661
32 8 1661
8 67 530
67 8 530
8 86 3506
86 8 3506
8 70 1908
70 8 1908
8 71 1481
71 8 1481
8 9 2842
9 8 2842
8 10 596
10 8 596
8 78 1412
78 8 1412
8 80 1773
80 8 1773
8 21 1251
21 8 1251
8 22 2195
22 8 2195
8 88 282
88 8 282
8 89 695
89 8 695
8 26 2205
26 8 2205
8 92 3232
92 8 3232
8 29 1567
29 8 1567
8 69 2604
69 8 2604
8 96 2561
96 8 2561
8 97 686
97 8 686
8 99 1917
99 8 1917
8 37 1703
37 8 1703
8 49 255
49 8 255
8 53 2466
53 8 2466
8 57 3359
57 8 3359
8 58 622
58 8 622
8 61 1833
61 8 1833
8 63 2475
63 8 2475
9 73 758
73 9 758
9 11 2213
11 9 2213
9 12 3298
12 9 3298
9 79 310
79 9 310
9 16 335
16 9 335
9 17 119
17 9 119
9 82 1910
82 9 1910
9 22 1729
22 9 1729
9 23 914
23 9 914
9 24 2327
24 9 2327
9 26 3580
26 9 3580
9 27 1857
27 9 1857
9 95 1825
95 9 1825
9 32 210
32 9 210
9 97 1032
97 9 1032
9 34 2778
34 9 2778
9 99 1546
99 9 1546
9 36 2071
36 9 2071
9 42 2355
42 9 2355
9 43 2021
43 9 2021
9 47 776
47 9 776
9 49 1394
49 9 1394
9 52 3400
52 9 3400
9 54 2030
54 9 2030
9 56 389
56 9 389
10 34 1518
34 10 1518
10 36 3070
36 10 3070
10 25 2680
25 10 2680
10 70 3216
70 10 3216
10 28 3163
28 10 3163
10 74 1044
74 10 1044
10 79 2836
79 10 2836
10 72 2948
72 10 2948
10 82 851
82 10 851
10 19 1569
19 10 1569
10 52 2347
52 10 2347
10 23 1892
23 10 1892
10 89 3436
89 10 3436
10 59 916
59 10 916
10 60 3538
60 10 3538
10 94 2918
94 10 2918
10 31 2125
31 10 2125
11 66 1839
66 11 1839
11 70 2575
70 11 2575
11 72 2089
72 11 2089
11 76 1289
76 11 1289
11 77 2011
77 11 2011
11 78 1649
78 11 1649
11 15 1023
15 11 1023
11 16 2341
16 11 2341
11 82 680
82 11 680
11 84 1685
84 11 1685
11 86 563
86 11 563
11 24 1233
24 11 1233
11 25 2069
25 11 2069
11 92 3027
92 11 3027
11 30 1391
30 11 1391
11 31 2066
31 11 2066
11 96 2761
96 11 2761
11 35 3141
35 11 3141
11 32 591
32 11 591
11 41 1780
41 11 1780
11 43 251
43 11 251
11 46 526
46 11 526
11 48 1581
48 11 1581
11 51 3102
51 11 3102
11 52 3694
52 11 3694
11 53 3176
53 11 3176
11 54 1612
54 11 1612
11 95 3363
95 11 3363
11 63 801
63 11 801
12 96 2752
96 12 2752
12 34 3598
34 12 3598
12 72 1975
72 12 1975
12 55 2381
55 12 2381
12 15 1583
15 12 1583
12 92 1080
92 12 1080
12 99 290
99 12 290
12 51 3111
51 12 3111
12 86 703
86 12 703
12 41 56
41 12 56
12 56 2099
56 12 2099
12 27 330
27 12 330
12 28 455
28 12 455
12 29 3412
29 12 3412
12 31 2863
31 12 2863
13 64 442
64 13 442
13 96 1781
96 13 1781
13 66 957
66 13 957
13 69 3212
69 13 3212
13 70 553
70 13 553
13 16 2377
16 13 2377
13 82 1988
82 13 1988
13 20 1503
20 13 1503
13 85 2749
85 13 2749
13 93 836
93 13 836
13 94 3132
94 13 3132
13 32 668
32 13 668
13 80 3418
80 13 3418
13 35 1575
35 13 1575
13 43 1750
43 13 1750
13 29 3472
29 13 3472
13 47 1944
47 13 1944
13 48 3102
48 13 3102
13 52 150
52 13 150
13 55 2295
55 13 2295
13 56 3139
56 13 3139
13 59 634
59 13 634
14 68 414
68 14 414
14 70 3475
70 14 3475
14 78 2081
78 14 2081
14 17 2183
17 14 2183
14 82 1853
82 14 1853
14 99 1838
99 14 1838
14 84 3660
84 14 3660
14 85 2691
85 14 2691
14 87 549
87 14 549
14 88 4
88 14 4
14 27 3440
27 14 3440
14 31 1072
31 14 1072
14 33 3113
33 14 3113
14 35 1468
35 14 1468
14 95 1167
95 14 1167
14 44 62
44 14 62
14 46 574
46 14 574
14 19 3033
19 14 3033
14 55 2028
55 14 2028
14 56 2982
56 14 2982
14 58 194
58 14 194
14 59 490
59 14 490
14 62 1966
62 14 1966
15 75 612
75 15 612
15 71 3343
71 15 3343
15 74 846
74 15 846
15 16 3587
16 15 3587
15 18 1858
18 15 1858
15 83 1827
83 15 1827
15 86 1236
86 15 1236
15 87 2614
87 15 2614
15 24 2799
24 15 2799
15 89 3008
89 15 3008
15 90 652
90 15 652
15 92 2349
92 15 2349
15 29 1486
29 15 1486
15 94 1866
94 15 1866
15 95 2831
95 15 2831
15 96 2146
96 15 2146
15 33 2839
33 15 2839
15 36 2754
36 15 2754
15 37 633
37 15 633
15 38 2116
38 15 2116
15 28 939
28 15 939
15 43 2670
43 15 2670
15 45 3206
45 15 3206
15 50 351
50 15 351
15 55 190
55 15 190
15 60 1585
60 15 1585
16 64 2726
64 16 2726
16 97 2811
97 16 2811
16 35 3145
35 16 3145
16 99 837
99 16 837
16 22 2972
22 16 2972
16 38 257
38 16 257
16 40 1214
40 16 1214
16 77 696
77 16 696
16 91 2019
91 16 2019
16 83 3082
83 16 3082
16 86 3005
86 16 3005
16 58 1997
58 16 1997
16 47 2483
47 16 2483
16 60 1886
60 16 1886
16 61 429
61 16 429
16 31 507
31 16 507
17 66 2291
66 17 2291
17 68 2353
68 17 2353
17 72 3217
72 17 3217
17 74 1298
74 17 1298
17 76 268
76 17 268
17 77 3579
77 17 3579
17 18 3269
18 17 3269
17 85 157
85 17 157
17 86 1960
86 17 1960
17 28 714
28 17 714
17 93 3708
93 17 3708
17 96 1733
96 17 1733
17 33 3490
33 17 3490
17 98 1896
98 17 1896
17 92 648
92 17 648
17 45 1738
45 17 1738
17 48 1501
48 17 1501
17 73 331
73 17 331
17 59 983
59 17 983
17 60 3111
60 17 3111
18 65 2340
65 18 2340
18 25 1371
25 18 1371
18 74 510
74 18 510
18 77 3523
77 18 3523
18 87 2758
87 18 2758
18 89 2381
89 18 2381
18 91 1370
91 18 1370
18 94 171
94 18 171
18 31 1845
31 18 1845
18 32 1206
32 18 1206
18 35 932
35 18 932
18 37 204
37 18 204
18 95 3246
95 18 3246
18 47 1134
47 18 1134
18 27 2663
27 18 2663
18 50 1128
50 18 1128
18 51 3650
51 18 3650
18 52 1446
52 18 1446
18 59 1853
59 18 1853
18 61 1293
61 18 1293
18 62 126
62 18 126
19 69 3089
69 19 3089
19 73 3484
73 19 3484
19 77 1806
77 19 1806
19 79 2609
79 19 2609
19 87 1940
87 19 1940
19 88 3340
88 19 3340
19 25 238
25 19 238
19 26 2410
26 19 2410
19 27 1943
27 19 1943
19 28 254
28 19 254
19 93 1107
93 19 1107
19 68 1097
68 19 1097
19 33 3129
33 19 3129
19 36 1038
36 19 1038
19 38 1898
38 19 1898
19 39 239
39 19 239
19 40 916
40 19 916
19 61 226
61 19 226
19 63 2806
63 19 2806
20 65 3575
65 20 3575
20 67 1921
67 20 1921
20 28 85
28 20 85
20 84 2423
84 20 2423
20 85 744
85 20 744
20 23 2380
23 20 2380
20 91 166
91 20 166
20 92 376
92 20 376
20 29 1729
29 20 1729
20 94 327
94 20 327
20 95 1843
95 20 1843
20 33 1739
33 20 1739
20 98 1016
98 20 1016
20 40 2448
40 20 2448
20 41 1281
41 20 1281
20 44 2956
44 20 2956
20 47 1686
47 20 1686
20 48 1048
48 20 1048
20 57 1108
57 20 1108
20 21 1925
21 20 1925
21 32 3226
32 21 3226
21 65 2346
65 21 2346
21 83 1425
83 21 1425
21 91 369
91 21 369
21 68 239
68 21 239
21 69 2380
69 21 2380
21 38 1577
38 21 1577
21 39 200
39 21 200
21 40 234
40 21 234
21 41 2166
41 21 2166
21 97 2143
97 21 2143
21 66 341
66 21 341
21 51 2499
51 21 2499
21 53 2231
53 21 2231
21 56 3645
56 21 3645
21 27 800
27 21 800
21 28 1024
28 21 1024
21 93 3096
93 21 3096
22 74 3710
74 22 3710
22 76 1593
76 22 1593
22 77 3441
77 22 3441
22 79 1125
79 22 1125
22 81 2062
81 22 2062
22 99 632
99 22 632
22 85 783
85 22 783
22 88 2214
88 22 2214
22 90 159
90 22 159
22 91 1346
91 22 1346
22 92 2369
92 22 2369
22 32 298
32 22 298
22 35 2147
35 22 2147
22 44 1782
44 22 1782
22 47 7
47 22 7
22 55 1013
55 22 1013
22 56 831
56 22 831
22 59 2280
59 22 2280
22 62 877
62 22 877
23 67 737
67 23 737
23 69 3411
69 23 3411
23 64 2168
64 23 2168
23 98 1310
98 23 1310
23 77 1726
77 23 1726
23 88 351
88 23 351
23 82 1406
82 23 1406
23 24 2881
24 23 2881
23 90 1616
90 23 1616
23 31 408
31 23 408
23 34 2835
34 23 2835
23 99 3649
99 23 3649
23 37 2739
37 23 2739
23 38 1747
38 23 1747
23 39 738
39 23 738
23 42 1167
42 23 1167
23 43 3301
43 23 3301
23 49 3058
49 23 3058
23 52 506
52 23 506
23 53 2569
53 23 2569
23 56 2848
56 23 2848
23 57 1416
57 23 1416
23 61 3272
61 23 3272
24 71 2367
71 24 2367
24 79 794
79 24 794
24 87 242
87 24 242
24 76 2507
76 24 2507
24 77 3352
77 24 3352
24 86 3709
86 24 3709
24 88 982
88 24 982
24 89 2497
89 24 2497
24 26 615
26 24 615
24 27 1091
27 24 1091
24 96 3026
96 24 3026
24 99 2426
99 24 2426
24 36 285
36 24 285
24 38 675
38 24 675
24 49 31
49 24 31
24 52 3375
52 24 3375
24 54 2635
54 24 2635
24 55 2270
55 24 2270
24 59 3560
59 24 3560
24 60 3594
60 24 3594
25 65 1945
65 25 1945
25 66 1009
66 25 1009
25 67 149
67 25 149
25 69 2844
69 25 2844
25 71 221
71 25 221
25 76 936
76 25 936
25 75 1079
75 25 1079
25 87 3284
87 25 3284
25 32 3641
32 25 3641
25 34 2857
34 25 2857
25 35 1604
35 25 1604
25 36 976
36 25 976
25 42 1868
42 25 1868
25 44 2540
44 25 2540
25 45 2995
45 25 2995
25 47 2033
47 25 2033
25 48 71
48 25 71
25 52 1619
52 25 1619
25 57 53
57 25 53
25 58 1501
58 25 1501
25 61 2265
61 25 2265
25 62 1489
62 25 1489
26 66 3070
66 26 3070
26 70 931
70 26 931
26 72 2574
72 26 2574
26 81 2659
81 26 2659
26 84 1362
84 26 1362
26 85 1647
85 26 1647
26 89 804
89 26 804
26 91 830
91 26 830
26 28 1656
28 26 1656
26 95 2586
95 26 2586
26 98 400
98 26 400
26 37 2696
37 26 2696
26 38 2821
38 26 2821
26 42 2448
42 26 2448
26 71 2080
71 26 2080
26 50 3317
50 26 3317
26 73 2942
73 26 2942
26 57 1443
57 26 1443
26 61 1945
61 26 1945
26 63 1798
63 26 1798
27 96 2070
96 27 2070
27 67 3482
67 27 3482
27 68 1606
68 27 1606
27 70 977
70 27 977
27 90 2791
90 27 2791
27 91 2101
91 27 2101
27 92 487
92 27 487
27 32 1038
32 27 1038
27 99 1675
99 27 1675
27 41 1433
41 27 1433
27 44 71
44 27 71
27 50 767
50 27 767
27 57 5
57 27 5
27 58 1348
58 27 1348
27 63 1632
63 27 1632
27 62 1969
62 27 1969
27 85 518
85 27 518
28 64 2127
64 28 2127
28 74 1431
74 28 1431
28 75 446
75 28 446
28 76 3349
76 28 3349
28 77 2749
77 28 2749
28 79 2557
79 28 2557
28 88 428
88 28 428
28 92 3364
92 28 3364
28 90 3309
90 28 3309
28 91 807
91 28 807
28 39 724
39 28 724
28 41 2720
41 28 2720
28 93 3241
93 28 3241
28 51 3586
51 28 3586
28 59 2138
59 28 2138
28 61 286
61 28 286
29 64 3274
64 29 3274
29 66 3638
66 29 3638
29 68 1583
68 29 1583
29 76 90
76 29 90
29 77 916
77 29 916
29 78 1979
78 29 1979
29 80 103
80 29 103
29 82 1418
82 29 1418
29 93 755
93 29 755
29 32 2440
32 29 2440
29 98 3208
98 29 3208
29 36 3339
36 29 3339
29 37 430
37 29 430
29 42 2954
42 29 2954
29 47 1634
47 29 1634
29 50 81
50 29 81
29 53 2019
53 29 2019
30 64 1655
64 30 1655
30 73 2586
73 30 2586
30 76 2168
76 30 2168
30 66 3709
66 30 3709
30 80 3256
80 30 3256
30 84 70
84 30 70
30 89 2664
89 30 2664
30 91 1139
91 30 1139
30 93 2064
93 30 2064
30 95 618
95 30 618
30 32 3434
32 30 3434
30 97 1406
97 30 1406
30 42 3692
42 30 3692
30 50 1157
50 30 1157
30 58 3379
58 30 3379
30 59 382
59 30 382
30 61 2158
61 30 2158
30 62 611
62 30 611
31 68 1163
68 31 1163
31 69 3340
69 31 3340
31 70 2398
70 31 2398
31 73 651
73 31 651
31 78 3194
78 31 3194
31 81 1407
81 31 1407
31 85 1410
85 31 1410
31 86 2146
86 31 2146
31 87 3268
87 31 3268
31 90 3425
90 31 3425
31 92 121
92 31 121
31 93 3407
93 31 3407
31 32 1772
32 31 1772
31 35 2700
35 31 2700
31 38 1387
38 31 1387
31 95 1184
95 31 1184
31 46 2287
46 31 2287
31 47 1688
47 31 1688
31 76 1412
76 31 1412
31 56 1623
56 31 1623
31 53 3371
53 31 3371
31 52 2529
52 31 2529
31 59 3162
59 31 3162
31 61 3334
61 31 3334
32 64 1791
64 32 1791
32 65 1360
65 32 1360
32 66 2174
66 32 2174
32 69 1660
69 32 1660
32 75 3182
75 32 3182
32 82 3563
82 32 3563
32 89 2987
89 32 2987
32 90 1696
90 32 1696
32 86 3488
86 32 3488
32 97 3654
97 32 3654
32 38 925
38 32 925
32 41 2744
41 32 2744
32 51 88
51 32 88
32 57 891
57 32 891
32 58 2328
58 32 2328
32 60 281
60 32 281
33 64 3199
64 33 3199
33 65 2941
65 33 2941
33 98 2304
98 33 2304
33 35 2817
35 33 2817
33 72 2519
72 33 2519
33 47 3155
47 33 3155
33 74 2352
74 33 2352
33 39 1734
39 33 1734
33 77 1438
77 33 1438
33 93 2765
93 33 2765
33 81 3269
81 33 3269
33 86 1783
86 33 1783
33 89 3108
89 33 3108
33 57 1537
57 33 1537
33 92 2529
92 33 2529
33 61 239
61 33 239
34 84 3552
84 34 3552
34 67 1223
67 34 1223
34 72 2547
72 34 2547
34 55 995
55 34 995
34 76 1535
76 34 1535
34 47 3346
47 34 3346
34 51 1736
51 34 1736
34 41 628
41 34 628
34 56 2953
56 34 2953
34 57 1268
57 34 1268
34 58 3035
58 34 3035
34 60 2582
60 34 2582
34 61 840
61 34 840
34 62 2148
62 34 2148
35 86 1500
86 35 1500
35 70 2462
70 35 2462
35 97 385
97 35 385
35 73 1845
73 35 1845
35 74 1142
74 35 1142
35 77 2208
77 35 2208
35 69 1648
69 35 1648
35 91 2395
91 35 2395
35 94 2478
94 35 2478
35 37 3324
37 35 3324
35 39 898
39 35 898
35 45 2296
45 35 2296
35 48 2950
48 35 2950
35 53 1963
53 35 1963
35 56 759
56 35 759
35 57 1974
57 35 1974
36 67 2304
67 36 2304
36 69 1898
69 36 1898
36 71 658
71 36 658
36 75 2007
75 36 2007
36 88 3135
88 36 3135
36 84 3419
84 36 3419
36 87 2786
87 36 2786
36 89 1481
89 36 1481
36 94 2283
94 36 2283
36 38 126
38 36 126
36 46 334
46 36 334
36 47 2908
47 36 2908
36 48 650
48 36 650
36 49 2039
49 36 2039
36 51 1177
51 36 1177
36 58 3658
58 36 3658
37 64 1470
64 37 1470
37 66 3168
66 37 3168
37 71 253
71 37 253
37 74 2630
74 37 2630
37 76 1125
76 37 1125
37 79 3093
79 37 3093
37 80 2465
80 37 2465
37 83 2980
83 37 2980
37 84 2670
84 37 2670
37 40 2453
40 37 2453
37 41 1519
41 37 1519
37 43 2190
43 37 2190
37 44 2604
44 37 2604
37 48 1264
48 37 1264
37 49 44
49 37 44
37 51 1462
51 37 1462
37 52 498
52 37 498
37 56 2879
56 37 2879
37 57 432
57 37 432
37 59 2995
59 37 2995
37 63 2703
63 37 2703
38 64 1757
64 38 1757
38 66 2443
66 38 2443
38 67 2211
67 38 2211
38 68 1303
68 38 1303
38 71 849
71 38 849
38 72 1492
72 38 1492
38 73 789
73 38 789
38 75 645
75 38 645
38 77 3607
77 38 3607
38 78 2446
78 38 2446
38 83 590
83 38 590
38 85 606
85 38 606
38 87 1391
87 38 1391
38 98 3074
98 38 3074
38 70 2183
70 38 2183
38 43 1574
43 38 1574
38 48 2967
48 38 2967
38 49 519
49 38 519
38 50 3650
50 38 3650
38 51 2251
51 38 2251
38 63 2814
63 38 2814
39 83 2761
83 39 2761
39 69 176
69 39 176
39 92 1205
92 39 1205
39 62 1912
62 39 1912
39 60 456
60 39 456
39 78 1705
78 39 1705
39 79 2445
79 39 2445
39 48 3334
48 39 3334
39 81 1367
81 39 1367
39 84 3159
84 39 3159
39 53 3581
53 39 3581
39 99 864
99 39 864
39 94 2359
94 39 2359
40 66 1796
66 40 1796
40 77 3089
77 40 3089
40 86 203
86 40 203
40 87 3301
87 40 3301
40 89 3690
89 40 3690
40 93 2215
93 40 2215
40 94 1577
94 40 1577
40 96 2440
96 40 2440
40 42 447
42 40 447
40 44 35
44 40 35
40 49 1702
49 40 1702
40 50 2885
50 40 2885
40 52 2761
52 40 2761
40 54 2095
54 40 2095
40 58 2062
58 40 2062
40 61 507
61 40 507
41 75 1488
75 41 1488
41 68 578
68 41 578
41 72 3155
72 41 3155
41 73 703
73 41 703
41 98 1840
98 41 1840
41 78 2869
78 41 2869
41 67 1082
67 41 1082
41 85 1848
85 41 1848
41 86 3328
86 41 3328
41 94 3431
94 41 3431
41 42 777
42 41 777
41 48 921
48 41 921
41 50 655
50 41 655
41 58 3102
58 41 3102
41 70 2846
70 41 2846
41 62 2116
62 41 2116
42 74 2069
74 42 2069
42 80 2076
80 42 2076
42 82 1664
82 42 1664
42 86 1394
86 42 1394
42 87 137
87 42 137
42 45 2468
45 42 2468
42 46 3328
46 42 3328
42 47 136
47 42 136
42 52 2362
52 42 2362
42 94 2826
94 42 2826
42 54 1657
54 42 1657
42 55 196
55 42 196
42 59 1096
59 42 1096
43 64 1489
64 43 1489
43 67 1020
67 43 1020
43 78 1141
78 43 1141
43 47 1558
47 43 1558
43 80 262
80 43 262
43 75 2719
75 43 2719
43 52 2823
52 43 2823
43 58 2208
58 43 2208
43 59 2642
59 43 2642
43 93 3064
93 43 3064
44 64 3445
64 44 3445
44 73 1741
73 44 1741
44 75 1527
75 44 1527
44 85 2846
85 44 2846
44 87 1228
87 44 1228
44 91 1636
91 44 1636
44 97 3196
97 44 3196
44 46 1230
46 44 1230
44 89 1380
89 44 1380
44 57 3340
57 44 3340
44 62 3111
62 44 3111
44 63 685
63 44 685
45 64 3236
64 45 3236
45 66 3611
66 45 3611
45 69 469
69 45 469
45 71 2515
71 45 2515
45 76 2248
76 45 2248
45 78 98
78 45 98
45 82 3657
82 45 3657
45 83 1753
83 45 1753
45 88 3028
88 45 3028
45 79 3258
79 45 3258
45 94 3125
94 45 3125
45 48 1656
48 45 1656
45 50 2857
50 45 2857
45 54 3084
54 45 3084
45 60 51
60 45 51
46 70 301
70 46 301
46 76 605
76 46 605
46 80 2299
80 46 2299
46 83 3631
83 46 3631
46 85 975
85 46 975
46 73 2928
73 46 2928
46 89 1764
89 46 1764
46 62 3006
62 46 3006
47 76 3705
76 47 3705
47 83 3614
83 47 3614
47 91 277
91 47 277
47 98 923
98 47 923
47 93 1285
93 47 1285
47 49 1276
49 47 1276
47 53 453
53 47 453
47 56 1908
56 47 1908
47 84 1135
84 47 1135
47 58 2397
58 47 2397
47 59 2578
59 47 2578
47 63 1623
63 47 1623
48 68 1604
68 48 1604
48 78 2082
78 48 2082
48 77 911
77 48 911
48 85 2759
85 48 2759
48 90 276
90 48 276
48 91 2928
91 48 2928
48 92 3350
92 48 3350
48 93 1648
93 48 1648
48 94 1551
94 48 1551
48 96 2311
96 48 2311
48 49 2876
49 48 2876
48 50 2851
50 48 2851
48 51 3583
51 48 3583
48 58 3346
58 48 3346
48 61 405
61 48 405
48 62 1975
62 48 1975
49 67 2538
67 49 2538
49 69 1845
69 49 1845
49 72 672
72 49 672
49 87 3573
87 49 3573
49 82 1638
82 49 1638
49 89 2733
89 49 2733
49 94 798
94 49 798
49 97 796
97 49 796
49 99 910
99 49 910
49 50 3495
50 49 3495
49 57 524
57 49 524
49 60 1614
60 49 1614
49 62 2451
62 49 2451
50 70 624
70 50 624
50 72 948
72 50 948
50 81 2397
81 50 2397
50 83 1035
83 50 1035
50 90 872
90 50 872
50 89 2139
89 50 2139
50 79 3301
79 50 3301
50 54 622
54 50 622
50 55 2553
55 50 2553
50 57 142
57 50 142
51 66 1167
66 51 1167
51 68 3694
68 51 3694
51 98 3477
98 51 3477
51 71 771
71 51 771
51 77 2768
77 51 2768
51 78 3080
78 51 3080
51 80 3484
80 51 3484
51 86 2090
86 51 2090
51 88 1924
88 51 1924
51 95 1115
95 51 1115
51 54 2099
54 51 2099
51 56 707
56 51 707
52 64 3518
64 52 3518
52 93 328
93 52 328
52 80 1393
80 52 1393
52 89 1378
89 52 1378
52 57 1010
57 52 1010
52 95 3702
95 52 3702
53 68 2245
68 53 2245
53 76 2542
76 53 2542
53 66 2230
66 53 2230
53 81 639
81 53 639
53 84 438
84 53 438
53 86 611
86 53 611
53 92 79
92 53 79
53 98 1612
98 53 1612
53 72 2696
72 53 2696
53 54 3694
54 53 3694
53 57 2392
57 53 2392
53 59 625
59 53 625
54 64 2793
64 54 2793
54 66 990
66 54 990
54 67 2386
67 54 2386
54 69 999
69 54 999
54 72 2648
72 54 2648
54 74 818
74 54 818
54 79 608
79 54 608
54 85 3061
85 54 3061
54 89 3297
89 54 3297
54 94 2723
94 54 2723
54 97 2761
97 54 2761
54 59 740
59 54 740
54 63 1727
63 54 1727
55 96 3410
96 55 3410
55 67 1913
67 55 1913
55 86 1049
86 55 1049
55 65 1499
65 55 1499
55 73 2183
73 55 2183
55 76 2750
76 55 2750
55 83 1895
83 55 1895
55 85 2563
85 55 2563
55 87 2173
87 55 2173
55 57 1708
57 55 1708
56 64 1984
64 56 1984
56 65 2692
65 56 2692
56 77 245
77 56 245
56 80 2643
80 56 2643
56 93 3529
93 56 3529
56 97 2194
97 56 2194
56 98 1742
98 56 1742
56 99 2944
99 56 2944
56 83 75
83 56 75
57 68 2725
68 57 2725
57 73 3624
73 57 3624
57 98 1722
98 57 1722
57 77 3587
77 57 3587
57 94 411
94 57 411
57 72 3047
72 57 3047
57 62 2462
62 57 2462
58 64 1313
64 58 1313
58 65 1353
65 58 1353
58 67 2808
67 58 2808
58 71 607
71 58 607
58 73 3090
73 58 3090
58 80 251
80 58 251
58 83 2474
83 58 2474
58 93 2272
93 58 2272
58 95 1273
95 58 1273
58 99 3287
99 58 3287
59 64 2268
64 59 2268
59 65 1649
65 59 1649
59 70 3196
70 59 3196
59 74 3328
74 59 3328
59 75 833
75 59 833
59 94 1597
94 59 1597
59 77 2882
77 59 2882
59 79 701
79 59 701
59 97 3161
97 59 3161
59 98 3188
98 59 3188
59 95 3323
95 59 3323
60 96 3663
96 60 3663
60 69 3687
69 60 3687
60 77 1393
77 60 1393
60 83 634
83 60 634
60 92 3470
92 60 3470
60 95 195
95 60 195
61 68 1238
68 61 1238
61 66 1937
66 61 1937
61 76 894
76 61 894
61 86 2043
86 61 2043
61 91 1955
91 61 1955
61 99 2005
99 61 2005
61 72 320
72 61 320
61 94 1515
94 61 1515
62 64 2519
64 62 2519
62 70 2997
70 62 2997
62 73 2946
73 62 2946
62 78 418
78 62 418
62 81 571
81 62 571
62 67 2864
67 62 2864
62 84 1592
84 62 1592
62 86 2532
86 62 2532
62 87 927
87 62 927
62 89 1376
89 62 1376
62 83 1296
83 62 1296
62 94 1382
94 62 1382
63 96 1855
96 63 1855
63 98 1960
98 63 1960
63 74 1148
74 63 1148
63 83 863
83 63 863
63 68 3556
68 63 3556
63 92 1268
92 63 1268
64 65 2397
65 64 2397
64 70 3196
70 64 3196
64 81 3181
81 64 3181
64 84 1289
84 64 1289
64 87 2560
87 64 2560
64 98 1830
98 64 1830
65 97 2334
97 65 2334
65 96 3042
96 65 3042
65 78 986
78 65 986
65 72 3259
72 65 3259
65 82 3387
82 65 3387
65 84 3156
84 65 3156
65 86 1707
86 65 1707
65 94 2921
94 65 2921
65 85 3623
85 65 3623
66 68 1042
68 66 1042
66 74 1793
74 66 1793
66 75 2202
75 66 2202
66 80 165
80 66 165
66 82 907
82 66 907
66 90 386
90 66 386
66 86 262
86 66 262
66 89 1083
89 66 1083
66 96 1956
96 66 1956
67 68 2492
68 67 2492
67 73 156
73 67 156
67 74 3151
74 67 3151
67 78 2993
78 67 2993
67 81 1026
81 67 1026
67 93 1866
93 67 1866
67 72 2665
72 67 2665
68 70 956
70 68 956
68 74 2509
74 68 2509
68 78 2812
78 68 2812
68 80 1214
80 68 1214
68 82 2997
82 68 2997
68 84 88
84 68 88
68 86 3178
86 68 3178
68 89 1194
89 68 1194
68 93 3100
93 68 3100
68 95 1873
95 68 1873
69 73 1793
73 69 1793
69 76 1185
76 69 1185
69 77 2849
77 69 2849
69 81 3558
81 69 3558
69 83 3654
83 69 3654
69 86 435
86 69 435
69 88 1470
88 69 1470
69 89 1703
89 69 1703
69 91 2489
91 69 2489
69 93 911
93 69 911
69 98 533
98 69 533
69 72 768
72 69 768
70 75 1746
75 70 1746
70 71 2262
71 70 2262
70 77 3575
77 70 3575
70 80 1878
80 70 1878
70 88 2669
88 70 2669
70 92 1950
92 70 1950
70 98 1038
98 70 1038
70 74 3041
74 70 3041
71 97 2817
97 71 2817
71 98 3371
98 71 3371
71 75 214
75 71 214
71 86 3670
86 71 3670
71 87 2788
87 71 2788
71 89 2326
89 71 2326
72 75 3291
75 72 3291
72 73 3340
73 72 3340
72 77 648
77 72 648
72 78 3350
78 72 3350
72 79 3183
79 72 3183
72 80 861
80 72 861
72 81 2655
81 72 2655
72 82 907
82 72 907
72 86 1546
86 72 1546
72 88 1144
88 72 1144
72 89 3447
89 72 3447
72 98 3345
98 72 3345
73 75 1728
75 73 1728
73 77 2886
77 73 2886
73 78 2122
78 73 2122
73 90 1575
90 73 1575
73 92 851
92 73 851
73 97 1916
97 73 1916
73 93 2073
93 73 2073
73 94 3335
94 73 3335
74 75 3335
75 74 3335
74 78 2695
78 74 2695
74 85 2404
85 74 2404
74 89 376
89 74 376
74 91 183
91 74 183
74 92 3247
92 74 3247
74 79 223
79 74 223
75 87 2692
87 75 2692
75 77 3604
77 75 3604
75 82 2218
82 75 2218
75 86 2384
86 75 2384
75 89 3578
89 75 3578
75 95 3223
95 75 3223
75 99 1522
99 75 1522
76 84 1404
84 76 1404
76 94 1226
94 76 1226
76 91 2317
91 76 2317
76 92 2188
92 76 2188
76 93 993
93 76 993
76 88 3418
88 76 3418
77 78 2575
78 77 2575
77 79 2200
79 77 2200
77 82 1369
82 77 1369
77 84 1057
84 77 1057
77 89 2783
89 77 2783
77 94 3312
94 77 3312
77 95 3589
95 77 3589
77 80 490
80 77 490
77 92 3266
92 77 3266
78 86 2432
86 78 2432
78 94 2222
94 78 2222
78 97 2751
97 78 2751
79 82 1363
82 79 1363
79 85 898
85 79 898
79 86 644
86 79 644
79 87 2982
87 79 2982
79 89 1657
89 79 1657
79 93 2898
93 79 2898
79 94 1635
94 79 1635
80 81 2801
81 80 2801
80 85 1747
85 80 1747
80 86 2700
86 80 2700
80 87 2854
87 80 2854
80 88 726
88 80 726
80 93 1974
93 80 1974
80 97 923
97 80 923
80 98 2912
98 80 2912
81 97 3583
97 81 3583
81 96 2527
96 81 2527
81 93 3489
93 81 3489
82 87 636
87 82 636
82 90 1500
90 82 1500
82 92 1182
92 82 1182
82 98 2329
98 82 2329
83 98 1582
98 83 1582
83 84 166
84 83 166
83 86 2473
86 83 2473
84 85 3222
85 84 3222
84 91 960
91 84 960
84 96 2239
96 84 2239
84 94 3221
94 84 3221
85 89 1351
89 85 1351
85 92 1636
92 85 1636
85 95 781
95 85 781
86 90 73
90 86 73
86 94 528
94 86 528
86 98 2907
98 86 2907
86 91 3604
91 86 3604
87 89 1924
89 87 1924
88 93 2904
93 88 2904
88 94 673
94 88 673
88 95 1866
95 88 1866
89 96 51
96 89 51
89 91 2148
91 89 2148
90 93 2296
93 90 2296
90 95 989
95 90 989
91 92 3429
92 91 3429
92 93 2608
93 92 2608
92 94 1343
94 92 1343
92 98 264
98 92 264
93 97 1591
97 93 1591
93 95 2622
95 93 2622
94 95 2721
95 94 2721
96 97 2840
97 96 2840
