20 284 10
0 2 404
2 0 404
0 3 191
3 0 191
0 4 169
4 0 169
0 5 369
5 0 369
0 7 328
7 0 328
0 8 343
8 0 343
0 9 262
9 0 262
0 10 2
10 0 2
0 11 61
11 0 61
0 12 173
12 0 173
0 13 300
13 0 300
0 17 215
17 0 215
0 18 241
18 0 241
0 19 277
19 0 277
1 2 39
2 1 39
1 4 284
4 1 284
1 6 43
6 1 43
1 7 62
7 1 62
1 8 213
8 1 213
1 9 21
9 1 21
1 10 323
10 1 323
1 12 380
12 1 380
1 14 218
14 1 218
1 16 52
16 1 52
1 17 362
17 1 362
1 18 203
18 1 203
1 19 218
19 1 218
2 5 28
5 2 28
2 6 325
6 2 325
2 7 348
7 2 348
2 9 204
9 2 204
2 10 343
10 2 343
2 11 379
11 2 379
2 12 167
12 2 167
2 13 381
13 2 381
2 14 416
14 2 416
2 15 301
15 2 301
2 16 319
16 2 319
2 17 372
17 2 372
2 18 293
18 2 293
2 19 36
19 2 36
3 4 235
4 3 235
3 5 182
5 3 182
3 6 221
6 3 221
3 7 313
7 3 313
3 8 278
8 3 278
3 9 212
9 3 212
3 10 170
10 3 170
3 11 127
11 3 127
3 12 58
12 3 58
3 13 367
13 3 367
3 14 178
14 3 178
3 15 166
15 3 166
3 16 133
16 3 133
3 19 376
19 3 376
4 6 88
6 4 88
4 8 116
8 4 116
4 9 329
9 4 329
4 11 66
11 4 66
4 12 25
12 4 25
4 13 233
13 4 233
4 14 324
14 4 324
4 15 105
15 4 105
4 16 261
16 4 261
4 17 30
17 4 30
4 18 358
18 4 358
5 6 394
6 5 394
5 7 219
7 5 219
5 9 22
9 5 22
5 10 155
10 5 155
5 11 172
11 5 172
5 12 257
12 5 257
5 13 197
13 5 197
5 14 351
14 5 351
5 15 32
15 5 32
5 18 360
18 5 360
5 19 210
19 5 210
6 7 384
7 6 384
6 8 279
8 6 279
6 9 371
9 6 371
6 10 37
10 6 37
6 12 210
12 6 210
6 13 307
13 6 307
6 19 375
19 6 375
7 9 418
9 7 418
7 10 364
10 7 364
7 11 45
11 7 45
7 12 194
12 7 194
7 13 93
13 7 93
7 14 254
14 7 254
7 18 169
18 7 169
7 19 158
19 7 158
8 9 2
9 8 2
8 10 285
10 8 285
8 11 398
11 8 398
8 12 70
12 8 70
8 13 350
13 8 350
8 14 128
14 8 128
8 15 113
15 8 113
8 16 206
16 8 206
8 18 84
18 8 84
8 19 59
19 8 59
9 10 242
10 9 242
9 11 21
11 9 21
9 12 74
12 9 74
9 13 398
13 9 398
9 14 217
14 9 217
9 16 13
16 9 13
9 17 346
17 9 346
9 19 375
19 9 375
10 11 341
11 10 341
10 12 371
12 10 371
10 13 394
13 10 394
10 16 81
16 10 81
10 17 270
17 10 270
10 19 23
19 10 23
11 12 196
12 11 196
11 13 136
13 11 136
11 16 148
16 11 148
12 13 255
13 12 255
12 14 243
14 12 243
12 15 15
15 12 15
12 16 383
16 12 383
12 17 67
17 12 67
12 18 177
18 12 177
12 19 286
19 12 286
13 14 40
14 13 40
13 15 375
15 13 375
13 18 165
18 13 165
13 19 214
19 13 214
14 15 79
15 14 79
14 16 312
16 14 312
14 18 22
18 14 22
15 16 335
16 15 335
15 17 117
17 15 117
15 18 372
18 15 372
15 19 305
19 15 305
16 17 334
17 16 334
16 18 300
18 16 300
16 19 111
19 16 111
17 19 255
19 17 255
18 19 297
19 18 297
