30 216 14
0 16 305
16 0 305
0 18 292
18 0 292
0 3 283
3 0 283
0 21 145
21 0 145
0 22 178
22 0 178
0 8 238
8 0 238
0 9 310
9 0 310
0 28 81
28 0 81
0 5 79
5 0 79
1 16 216
16 1 216
1 18 69
18 1 69
1 3 33
3 1 33
1 20 204
20 1 204
1 7 78
7 1 78
1 8 63
8 1 63
1 10 106
10 1 106
2 25 89
25 2 89
2 18 277
18 2 277
2 20 101
20 2 101
2 21 262
21 2 262
2 15 231
15 2 231
3 25 43
25 3 43
3 9 214
9 3 214
3 26 182
26 3 182
3 29 153
29 3 153
3 13 62
13 3 62
4 16 316
16 4 316
4 24 61
24 4 61
4 21 63
21 4 63
4 8 25
8 4 25
4 25 296
25 4 296
4 26 106
26 4 106
4 11 254
11 4 254
4 12 176
12 4 176
5 17 87
17 5 87
5 21 179
21 5 179
5 6 203
6 5 203
5 24 88
24 5 88
5 12 68
12 5 68
5 27 190
27 5 190
5 28 12
28 5 12
5 13 84
13 5 84
6 10 262
10 6 262
6 28 7
28 6 7
6 18 58
18 6 58
7 16 246
16 7 246
7 27 6
27 7 6
7 21 200
21 7 200
7 17 29
17 7 29
8 10 39
10 8 39
8 27 223
27 8 223
8 14 315
14 8 315
9 28 225
28 9 225
9 21 71
21 9 71
10 20 231
20 10 231
10 27 183
27 10 183
10 15 258
15 10 258
11 16 298
16 11 298
11 25 22
25 11 22
11 22 210
22 11 210
12 16 294
16 12 294
12 17 211
17 12 211
12 22 246
22 12 246
12 23 69
23 12 69
12 24 210
24 12 210
12 26 189
26 12 189
12 29 53
29 12 53
12 13 203
13 12 203
13 19 59
19 13 59
13 16 216
16 13 216
13 22 138
22 13 138
13 26 253
26 13 253
13 15 113
15 13 113
13 28 84
28 13 84
13 29 39
29 13 39
13 21 149
21 13 149
14 26 285
26 14 285
14 19 16
19 14 16
14 22 165
22 14 165
15 17 60
17 15 60
15 20 267
20 15 267
15 25 114
25 15 114
15 27 260
27 15 260
16 28 147
28 16 147
16 26 158
26 16 158
17 18 134
18 17 134
17 25 85
25 17 85
17 29 71
29 17 71
18 20 205
20 18 205
18 25 91
25 18 91
18 26 48
26 18 48
18 27 6
27 18 6
18 28 60
28 18 60
19 22 308
22 19 308
19 21 180
21 19 180
20 24 305
24 20 305
20 26 259
26 20 259
20 27 306
27 20 306
21 27 309
27 21 309
22 27 69
27 22 69
22 24 265
24 22 265
22 25 11
25 22 11
23 25 15
25 23 15
24 27 247
27 24 247
25 26 161
26 25 161
25 27 254
27 25 254
27 28 131
28 27 131
28 29 285
29 28 285
