15 210 11
0 1 83
1 0 83
0 2 223
2 0 223
0 3 280
3 0 280
0 4 205
4 0 205
0 5 199
5 0 199
0 6 96
6 0 96
0 7 192
7 0 192
0 8 175
8 0 175
0 9 14
9 0 14
0 10 257
10 0 257
0 11 153
11 0 153
0 12 195
12 0 195
0 13 96
13 0 96
0 14 97
14 0 97
1 2 305
2 1 305
1 3 45
3 1 45
1 4 178
4 1 178
1 5 3
5 1 3
1 6 89
6 1 89
1 7 291
7 1 291
1 8 186
8 1 186
1 9 219
9 1 219
1 10 188
10 1 188
1 11 297
11 1 297
1 12 248
12 1 248
1 13 198
13 1 198
1 14 274
14 1 274
2 3 284
3 2 284
2 4 196
4 2 196
2 5 5
5 2 5
2 6 142
6 2 142
2 7 17
7 2 17
2 8 62
8 2 62
2 9 60
9 2 60
2 10 146
10 2 146
2 11 13
11 2 13
2 12 183
12 2 183
2 13 171
13 2 171
2 14 4
14 2 4
3 4 177
4 3 177
3 5 139
5 3 139
3 6 306
6 3 306
3 7 58
7 3 58
3 8 175
8 3 175
3 9 272
9 3 272
3 10 292
10 3 292
3 11 166
11 3 166
3 12 174
12 3 174
3 13 13
13 3 13
3 14 111
14 3 111
4 5 92
5 4 92
4 6 54
6 4 54
4 7 96
7 4 96
4 8 201
8 4 201
4 9 204
9 4 204
4 10 159
10 4 159
4 11 294
11 4 294
4 12 170
12 4 170
4 13 97
13 4 97
4 14 33
14 4 33
5 6 121
6 5 121
5 7 101
7 5 101
5 8 20
8 5 20
5 9 251
9 5 251
5 10 152
10 5 152
5 11 118
11 5 118
5 12 221
12 5 221
5 13 9
13 5 9
5 14 108
14 5 108
6 7 99
7 6 99
6 8 137
8 6 137
6 9 57
9 6 57
6 10 5
10 6 5
6 11 173
11 6 173
6 12 295
12 6 295
6 13 293
13 6 293
6 14 79
14 6 79
7 8 52
8 7 52
7 9 1
9 7 1
7 10 229
10 7 229
7 11 66
11 7 66
7 12 249
12 7 249
7 13 206
13 7 206
7 14 269
14 7 269
8 9 210
9 8 210
8 10 48
10 8 48
8 11 270
11 8 270
8 12 175
12 8 175
8 13 162
13 8 162
8 14 95
14 8 95
9 10 294
10 9 294
9 11 311
11 9 311
9 12 192
12 9 192
9 13 245
13 9 245
9 14 229
14 9 229
10 11 57
11 10 57
10 12 34
12 10 34
10 13 131
13 10 131
10 14 43
14 10 43
11 12 155
12 11 155
11 13 174
13 11 174
11 14 285
14 11 285
12 13 142
13 12 142
12 14 244
14 12 244
13 14 51
14 13 51
