150 16762 111
0 1 21945
1 0 21945
0 2 9621
2 0 9621
0 3 10331
3 0 10331
0 5 20593
5 0 20593
0 7 5170
7 0 5170
0 8 25055
8 0 25055
0 9 24964
9 0 24964
0 10 3176
10 0 3176
0 11 4281
11 0 4281
0 12 6305
12 0 6305
0 14 14960
14 0 14960
0 15 17261
15 0 17261
0 16 1188
16 0 1188
0 17 16700
17 0 16700
0 18 22792
18 0 22792
0 19 11925
19 0 11925
0 20 23798
20 0 23798
0 21 5815
21 0 5815
0 22 6362
22 0 6362
0 23 9201
23 0 9201
0 24 7176
24 0 7176
0 25 24454
25 0 24454
0 27 12561
27 0 12561
0 30 7479
30 0 7479
0 31 4354
31 0 4354
0 32 6127
32 0 6127
0 34 15214
34 0 15214
0 35 20374
35 0 20374
0 36 24103
36 0 24103
0 37 3794
37 0 3794
0 38 557
38 0 557
0 39 17891
39 0 17891
0 41 21108
41 0 21108
0 43 2751
43 0 2751
0 44 22306
44 0 22306
0 45 11902
45 0 11902
0 46 1324
46 0 1324
0 48 11645
48 0 11645
0 49 11298
49 0 11298
0 50 15228
50 0 15228
0 51 17847
51 0 17847
0 53 12160
53 0 12160
0 54 10599
54 0 10599
0 55 24981
55 0 24981
0 56 24178
56 0 24178
0 58 4974
58 0 4974
0 61 16552
61 0 16552
0 62 9735
62 0 9735
0 63 5070
63 0 5070
0 64 14421
64 0 14421
0 65 24103
65 0 24103
0 66 3570
66 0 3570
0 67 22896
67 0 22896
0 68 10287
68 0 10287
0 71 5018
71 0 5018
0 73 23772
73 0 23772
0 74 11926
74 0 11926
0 75 11909
75 0 11909
0 77 4553
77 0 4553
0 78 14723
78 0 14723
0 79 22685
79 0 22685
0 81 23781
81 0 23781
0 82 4629
82 0 4629
0 83 13619
83 0 13619
0 86 18336
86 0 18336
0 89 13498
89 0 13498
0 92 7631
92 0 7631
0 93 11050
93 0 11050
0 94 17821
94 0 17821
0 96 14507
96 0 14507
0 97 5773
97 0 5773
0 99 14909
99 0 14909
0 100 5728
100 0 5728
0 103 16808
103 0 16808
0 104 5040
104 0 5040
0 106 14564
106 0 14564
0 107 20541
107 0 20541
0 108 12911
108 0 12911
0 110 7179
110 0 7179
0 111 20741
111 0 20741
0 112 7822
112 0 7822
0 114 9862
114 0 9862
0 115 14082
115 0 14082
0 116 926
116 0 926
0 117 23119
117 0 23119
0 118 11410
118 0 11410
0 120 11844
120 0 11844
0 121 5571
121 0 5571
0 122 22856
122 0 22856
0 123 24599
123 0 24599
0 124 19671
124 0 19671
0 125 15175
125 0 15175
0 126 1417
126 0 1417
0 127 20662
127 0 20662
0 129 15412
129 0 15412
0 130 593
130 0 593
0 131 9309
131 0 9309
0 132 7596
132 0 7596
0 133 18340
133 0 18340
0 136 21930
136 0 21930
0 137 2617
137 0 2617
0 138 19405
138 0 19405
0 139 12294
139 0 12294
0 140 20996
140 0 20996
0 143 14813
143 0 14813
0 144 16107
144 0 16107
0 146 9965
146 0 9965
0 147 22491
147 0 22491
0 148 18017
148 0 18017
0 149 22512
149 0 22512
1 2 24502
2 1 24502
1 4 22728
4 1 22728
1 5 17380
5 1 17380
1 6 11058
6 1 11058
1 7 15227
7 1 15227
1 8 12007
8 1 12007
1 9 1275
9 1 1275
1 10 17659
10 1 17659
1 11 4712
11 1 4712
1 12 12379
12 1 12379
1 13 5402
13 1 5402
1 15 16818
15 1 16818
1 16 6861
16 1 6861
1 19 24126
19 1 24126
1 20 10354
20 1 10354
1 21 14629
21 1 14629
1 22 1794
22 1 1794
1 23 10109
23 1 10109
1 24 127
24 1 127
1 25 257
25 1 257
1 26 285
26 1 285
1 28 22055
28 1 22055
1 29 23829
29 1 23829
1 31 24029
31 1 24029
1 32 4493
32 1 4493
1 33 16522
33 1 16522
1 35 8930
35 1 8930
1 36 11928
36 1 11928
1 37 2712
37 1 2712
1 38 19389
38 1 19389
1 40 22403
40 1 22403
1 42 2684
42 1 2684
1 43 23122
43 1 23122
1 44 12329
44 1 12329
1 45 8389
45 1 8389
1 46 3755
46 1 3755
1 47 13200
47 1 13200
1 48 15093
48 1 15093
1 50 4851
50 1 4851
1 51 5783
51 1 5783
1 52 18292
52 1 18292
1 53 24614
53 1 24614
1 54 19752
54 1 19752
1 55 14757
55 1 14757
1 58 2853
58 1 2853
1 59 16796
59 1 16796
1 60 7795
60 1 7795
1 61 7798
61 1 7798
1 62 4737
62 1 4737
1 63 3173
63 1 3173
1 64 6441
64 1 6441
1 66 7192
66 1 7192
1 67 5645
67 1 5645
1 69 23406
69 1 23406
1 70 11037
70 1 11037
1 71 4866
71 1 4866
1 72 967
72 1 967
1 74 11586
74 1 11586
1 75 17547
75 1 17547
1 76 21246
76 1 21246
1 77 19323
77 1 19323
1 78 12895
78 1 12895
1 79 19889
79 1 19889
1 80 19434
80 1 19434
1 82 20306
82 1 20306
1 83 6189
83 1 6189
1 85 9718
85 1 9718
1 86 7421
86 1 7421
1 92 7660
92 1 7660
1 93 2401
93 1 2401
1 94 22397
94 1 22397
1 95 19076
95 1 19076
1 96 2603
96 1 2603
1 98 805
98 1 805
1 99 1207
99 1 1207
1 101 4767
101 1 4767
1 102 11722
102 1 11722
1 103 25089
103 1 25089
1 105 11810
105 1 11810
1 108 17641
108 1 17641
1 111 13119
111 1 13119
1 112 6632
112 1 6632
1 113 18322
113 1 18322
1 114 20280
114 1 20280
1 115 426
115 1 426
1 116 1807
116 1 1807
1 117 15584
117 1 15584
1 119 15178
119 1 15178
1 120 19399
120 1 19399
1 122 7446
122 1 7446
1 123 18299
123 1 18299
1 124 21716
124 1 21716
1 125 3745
125 1 3745
1 126 20092
126 1 20092
1 128 9324
128 1 9324
1 129 7329
129 1 7329
1 130 4098
130 1 4098
1 131 20194
131 1 20194
1 132 8276
132 1 8276
1 133 8562
133 1 8562
1 134 13991
134 1 13991
1 136 14524
136 1 14524
1 137 17887
137 1 17887
1 138 12061
138 1 12061
1 139 22564
139 1 22564
1 140 22219
140 1 22219
1 143 17888
143 1 17888
1 144 872
144 1 872
1 145 6440
145 1 6440
1 146 1892
146 1 1892
1 148 8520
148 1 8520
1 149 17762
149 1 17762
2 3 20276
3 2 20276
2 4 16552
4 2 16552
2 7 4827
7 2 4827
2 8 2879
8 2 2879
2 10 5896
10 2 5896
2 11 2610
11 2 2610
2 12 19376
12 2 19376
2 13 5015
13 2 5015
2 14 83
14 2 83
2 15 11396
15 2 11396
2 16 22580
16 2 22580
2 19 3982
19 2 3982
2 20 21510
20 2 21510
2 21 14388
21 2 14388
2 23 12770
23 2 12770
2 24 10283
24 2 10283
2 27 3052
27 2 3052
2 29 17855
29 2 17855
2 30 10753
30 2 10753
2 31 17746
31 2 17746
2 32 20095
32 2 20095
2 33 13371
33 2 13371
2 36 22309
36 2 22309
2 37 6815
37 2 6815
2 38 10623
38 2 10623
2 40 21355
40 2 21355
2 41 3138
41 2 3138
2 42 518
42 2 518
2 43 7863
43 2 7863
2 44 20492
44 2 20492
2 46 10458
46 2 10458
2 47 10435
47 2 10435
2 48 15859
48 2 15859
2 50 10579
50 2 10579
2 51 11091
51 2 11091
2 52 22306
52 2 22306
2 53 6866
53 2 6866
2 54 22661
54 2 22661
2 55 8892
55 2 8892
2 56 4583
56 2 4583
2 57 7342
57 2 7342
2 58 11126
58 2 11126
2 59 4740
59 2 4740
2 60 23156
60 2 23156
2 61 17516
61 2 17516
2 62 3199
62 2 3199
2 63 8807
63 2 8807
2 66 9428
66 2 9428
2 70 24916
70 2 24916
2 71 3504
71 2 3504
2 72 17260
72 2 17260
2 73 4984
73 2 4984
2 74 10621
74 2 10621
2 75 7142
75 2 7142
2 76 24555
76 2 24555
2 77 18750
77 2 18750
2 78 5290
78 2 5290
2 79 3976
79 2 3976
2 82 16911
82 2 16911
2 84 14372
84 2 14372
2 85 8011
85 2 8011
2 86 52
86 2 52
2 87 4601
87 2 4601
2 88 12022
88 2 12022
2 89 515
89 2 515
2 90 456
90 2 456
2 94 9455
94 2 9455
2 95 2143
95 2 2143
2 96 11187
96 2 11187
2 97 15011
97 2 15011
2 99 15638
99 2 15638
2 100 19079
100 2 19079
2 101 4008
101 2 4008
2 102 2498
102 2 2498
2 103 10408
103 2 10408
2 104 12080
104 2 12080
2 105 16365
105 2 16365
2 106 5738
106 2 5738
2 107 10084
107 2 10084
2 108 17918
108 2 17918
2 109 23832
109 2 23832
2 110 21873
110 2 21873
2 111 19409
111 2 19409
2 112 18888
112 2 18888
2 113 8826
113 2 8826
2 114 2487
114 2 2487
2 115 3932
115 2 3932
2 116 14272
116 2 14272
2 117 22472
117 2 22472
2 119 12885
119 2 12885
2 120 10327
120 2 10327
2 121 7453
121 2 7453
2 122 9469
122 2 9469
2 123 14223
123 2 14223
2 124 24667
124 2 24667
2 125 9600
125 2 9600
2 126 5696
126 2 5696
2 127 10957
127 2 10957
2 129 894
129 2 894
2 130 11281
130 2 11281
2 131 23854
131 2 23854
2 133 6880
133 2 6880
2 134 23564
134 2 23564
2 135 9025
135 2 9025
2 136 727
136 2 727
2 137 10971
137 2 10971
2 139 11576
139 2 11576
2 140 3628
140 2 3628
2 141 22646
141 2 22646
2 142 11083
142 2 11083
2 144 3755
144 2 3755
2 145 23980
145 2 23980
2 146 24318
146 2 24318
2 149 24596
149 2 24596
3 4 2715
4 3 2715
3 5 3238
5 3 3238
3 6 2365
6 3 2365
3 7 14077
7 3 14077
3 8 23632
8 3 23632
3 10 13550
10 3 13550
3 12 20341
12 3 20341
3 13 7000
13 3 7000
3 14 14061
14 3 14061
3 15 9988
15 3 9988
3 16 4117
16 3 4117
3 17 9953
17 3 9953
3 19 17092
19 3 17092
3 21 8581
21 3 8581
3 23 14434
23 3 14434
3 24 3763
24 3 3763
3 26 16391
26 3 16391
3 27 6091
27 3 6091
3 28 18283
28 3 18283
3 29 9706
29 3 9706
3 30 11662
30 3 11662
3 31 20582
31 3 20582
3 32 15899
32 3 15899
3 33 16170
33 3 16170
3 34 1029
34 3 1029
3 35 14796
35 3 14796
3 36 6958
36 3 6958
3 37 5172
37 3 5172
3 38 19306
38 3 19306
3 39 17665
39 3 17665
3 41 13502
41 3 13502
3 42 2791
42 3 2791
3 44 5201
44 3 5201
3 46 21886
46 3 21886
3 47 10896
47 3 10896
3 49 16533
49 3 16533
3 50 8036
50 3 8036
3 52 23776
52 3 23776
3 53 10580
53 3 10580
3 56 20972
56 3 20972
3 57 21497
57 3 21497
3 58 20713
58 3 20713
3 59 20307
59 3 20307
3 60 13782
60 3 13782
3 61 4215
61 3 4215
3 62 15639
62 3 15639
3 63 8997
63 3 8997
3 64 21409
64 3 21409
3 65 21705
65 3 21705
3 68 4245
68 3 4245
3 69 10899
69 3 10899
3 70 5678
70 3 5678
3 71 628
71 3 628
3 73 12348
73 3 12348
3 74 22247
74 3 22247
3 75 16059
75 3 16059
3 76 1846
76 3 1846
3 77 7817
77 3 7817
3 79 281
79 3 281
3 80 20541
80 3 20541
3 81 4030
81 3 4030
3 82 15403
82 3 15403
3 84 24113
84 3 24113
3 85 17316
85 3 17316
3 86 21912
86 3 21912
3 87 9920
87 3 9920
3 89 3264
89 3 3264
3 90 16534
90 3 16534
3 91 4010
91 3 4010
3 94 13517
94 3 13517
3 97 12017
97 3 12017
3 100 7439
100 3 7439
3 101 785
101 3 785
3 104 18816
104 3 18816
3 105 17039
105 3 17039
3 106 220
106 3 220
3 108 11987
108 3 11987
3 110 11882
110 3 11882
3 111 11973
111 3 11973
3 114 14343
114 3 14343
3 115 4366
115 3 4366
3 116 3622
116 3 3622
3 118 2142
118 3 2142
3 119 16362
119 3 16362
3 121 5944
121 3 5944
3 123 2010
123 3 2010
3 126 10207
126 3 10207
3 127 12982
127 3 12982
3 128 20234
128 3 20234
3 129 8247
129 3 8247
3 130 2743
130 3 2743
3 131 22030
131 3 22030
3 132 23699
132 3 23699
3 133 18159
133 3 18159
3 134 24628
134 3 24628
3 136 10203
136 3 10203
3 138 21182
138 3 21182
3 139 12498
139 3 12498
3 140 19190
140 3 19190
3 141 16481
141 3 16481
3 142 13332
142 3 13332
3 143 3863
143 3 3863
3 145 22382
145 3 22382
3 146 15705
146 3 15705
3 148 7783
148 3 7783
3 149 19120
149 3 19120
4 5 1889
5 4 1889
4 6 15611
6 4 15611
4 10 11279
10 4 11279
4 11 18224
11 4 18224
4 12 2782
12 4 2782
4 14 4308
14 4 4308
4 15 10105
15 4 10105
4 16 5662
16 4 5662
4 20 18380
20 4 18380
4 22 10987
22 4 10987
4 23 12310
23 4 12310
4 24 17587
24 4 17587
4 25 8096
25 4 8096
4 26 24544
26 4 24544
4 27 18859
27 4 18859
4 29 21783
29 4 21783
4 30 4159
30 4 4159
4 32 14794
32 4 14794
4 33 465
33 4 465
4 35 5949
35 4 5949
4 36 11390
36 4 11390
4 37 7854
37 4 7854
4 39 5776
39 4 5776
4 41 1836
41 4 1836
4 43 1510
43 4 1510
4 44 17301
44 4 17301
4 47 6721
47 4 6721
4 48 663
48 4 663
4 49 11117
49 4 11117
4 50 17688
50 4 17688
4 51 1936
51 4 1936
4 53 17342
53 4 17342
4 54 24246
54 4 24246
4 56 4534
56 4 4534
4 57 8383
57 4 8383
4 58 16451
58 4 16451
4 59 21297
59 4 21297
4 60 11171
60 4 11171
4 61 13826
61 4 13826
4 62 14763
62 4 14763
4 65 15265
65 4 15265
4 67 12203
67 4 12203
4 68 2432
68 4 2432
4 69 23305
69 4 23305
4 70 23332
70 4 23332
4 71 14551
71 4 14551
4 72 8048
72 4 8048
4 73 12963
73 4 12963
4 75 19041
75 4 19041
4 76 19396
76 4 19396
4 77 1537
77 4 1537
4 78 12787
78 4 12787
4 80 16297
80 4 16297
4 82 14474
82 4 14474
4 83 8168
83 4 8168
4 84 16141
84 4 16141
4 85 9719
85 4 9719
4 86 21934
86 4 21934
4 89 20825
89 4 20825
4 90 20372
90 4 20372
4 91 18682
91 4 18682
4 93 20636
93 4 20636
4 95 3176
95 4 3176
4 96 15081
96 4 15081
4 97 18949
97 4 18949
4 98 23138
98 4 23138
4 99 10546
99 4 10546
4 100 21530
100 4 21530
4 103 23883
103 4 23883
4 104 9463
104 4 9463
4 105 3319
105 4 3319
4 106 12834
106 4 12834
4 107 4232
107 4 4232
4 108 22037
108 4 22037
4 110 15880
110 4 15880
4 111 23845
111 4 23845
4 112 1007
112 4 1007
4 114 23038
114 4 23038
4 115 19511
115 4 19511
4 120 14686
120 4 14686
4 121 12988
121 4 12988
4 123 5223
123 4 5223
4 124 14563
124 4 14563
4 125 22450
125 4 22450
4 126 11674
126 4 11674
4 127 15003
127 4 15003
4 129 18720
129 4 18720
4 130 13197
130 4 13197
4 132 5180
132 4 5180
4 134 8613
134 4 8613
4 135 3582
135 4 3582
4 136 18739
136 4 18739
4 137 14262
137 4 14262
4 138 18836
138 4 18836
4 139 5324
139 4 5324
4 141 24112
141 4 24112
4 142 17007
142 4 17007
4 143 20137
143 4 20137
4 144 16410
144 4 16410
4 146 16952
146 4 16952
4 148 13423
148 4 13423
4 149 22310
149 4 22310
5 6 1121
6 5 1121
5 9 5109
9 5 5109
5 10 18052
10 5 18052
5 12 17017
12 5 17017
5 13 14379
13 5 14379
5 15 23854
15 5 23854
5 16 3574
16 5 3574
5 17 1557
17 5 1557
5 18 7903
18 5 7903
5 19 22649
19 5 22649
5 20 19539
20 5 19539
5 21 10506
21 5 10506
5 23 24951
23 5 24951
5 24 2987
24 5 2987
5 25 3656
25 5 3656
5 26 5766
26 5 5766
5 27 11491
27 5 11491
5 28 7835
28 5 7835
5 30 16980
30 5 16980
5 31 20343
31 5 20343
5 32 18826
32 5 18826
5 33 11335
33 5 11335
5 35 16259
35 5 16259
5 36 9125
36 5 9125
5 37 7694
37 5 7694
5 38 13395
38 5 13395
5 40 3148
40 5 3148
5 41 4968
41 5 4968
5 42 9726
42 5 9726
5 43 10315
43 5 10315
5 45 21511
45 5 21511
5 46 2404
46 5 2404
5 47 9750
47 5 9750
5 48 20848
48 5 20848
5 49 23580
49 5 23580
5 51 22841
51 5 22841
5 53 1810
53 5 1810
5 54 3385
54 5 3385
5 56 20419
56 5 20419
5 57 17108
57 5 17108
5 59 23233
59 5 23233
5 60 15489
60 5 15489
5 61 4342
61 5 4342
5 62 15790
62 5 15790
5 63 1190
63 5 1190
5 64 11511
64 5 11511
5 66 10452
66 5 10452
5 67 3308
67 5 3308
5 68 20052
68 5 20052
5 69 21243
69 5 21243
5 70 12170
70 5 12170
5 72 18466
72 5 18466
5 73 3521
73 5 3521
5 74 25085
74 5 25085
5 76 10906
76 5 10906
5 77 17093
77 5 17093
5 78 429
78 5 429
5 79 19636
79 5 19636
5 81 2600
81 5 2600
5 82 2810
82 5 2810
5 83 3952
83 5 3952
5 84 11080
84 5 11080
5 86 19289
86 5 19289
5 87 3308
87 5 3308
5 88 436
88 5 436
5 89 10401
89 5 10401
5 90 13287
90 5 13287
5 91 24789
91 5 24789
5 92 7342
92 5 7342
5 93 16157
93 5 16157
5 94 7159
94 5 7159
5 97 9868
97 5 9868
5 98 18269
98 5 18269
5 99 919
99 5 919
5 100 8910
100 5 8910
5 101 6095
101 5 6095
5 103 9466
103 5 9466
5 104 16135
104 5 16135
5 105 2057
105 5 2057
5 106 19693
106 5 19693
5 108 19143
108 5 19143
5 110 10925
110 5 10925
5 111 10998
111 5 10998
5 112 1744
112 5 1744
5 113 1358
113 5 1358
5 114 17536
114 5 17536
5 115 22936
115 5 22936
5 117 2389
117 5 2389
5 118 11482
118 5 11482
5 120 10849
120 5 10849
5 121 10958
121 5 10958
5 122 9134
122 5 9134
5 123 22712
123 5 22712
5 124 23964
124 5 23964
5 125 16953
125 5 16953
5 126 17267
126 5 17267
5 127 14818
127 5 14818
5 128 17617
128 5 17617
5 130 14792
130 5 14792
5 131 3190
131 5 3190
5 134 17797
134 5 17797
5 136 18706
136 5 18706
5 139 9878
139 5 9878
5 141 5197
141 5 5197
5 142 14850
142 5 14850
5 144 5955
144 5 5955
5 148 7181
148 5 7181
5 149 2362
149 5 2362
6 7 21413
7 6 21413
6 12 10090
12 6 10090
6 13 5783
13 6 5783
6 14 3870
14 6 3870
6 15 18451
15 6 18451
6 18 14675
18 6 14675
6 20 20222
20 6 20222
6 21 7331
21 6 7331
6 22 11341
22 6 11341
6 23 13117
23 6 13117
6 24 10947
24 6 10947
6 26 13955
26 6 13955
6 27 3160
27 6 3160
6 30 4109
30 6 4109
6 31 10741
31 6 10741
6 32 581
32 6 581
6 33 9425
33 6 9425
6 34 13026
34 6 13026
6 35 19626
35 6 19626
6 36 20296
36 6 20296
6 37 13895
37 6 13895
6 38 21655
38 6 21655
6 39 3625
39 6 3625
6 41 11248
41 6 11248
6 42 1538
42 6 1538
6 43 2712
43 6 2712
6 44 13448
44 6 13448
6 46 15257
46 6 15257
6 47 5845
47 6 5845
6 48 15290
48 6 15290
6 49 16016
49 6 16016
6 51 7219
51 6 7219
6 52 8086
52 6 8086
6 53 969
53 6 969
6 55 11205
55 6 11205
6 56 1148
56 6 1148
6 57 7376
57 6 7376
6 58 23765
58 6 23765
6 59 14459
59 6 14459
6 60 20206
60 6 20206
6 62 7867
62 6 7867
6 63 5410
63 6 5410
6 65 4898
65 6 4898
6 67 1810
67 6 1810
6 68 7703
68 6 7703
6 69 2919
69 6 2919
6 70 3591
70 6 3591
6 71 19460
71 6 19460
6 72 21630
72 6 21630
6 73 20104
73 6 20104
6 74 3868
74 6 3868
6 77 5078
77 6 5078
6 78 21983
78 6 21983
6 79 5138
79 6 5138
6 80 15372
80 6 15372
6 82 21164
82 6 21164
6 83 8468
83 6 8468
6 84 19681
84 6 19681
6 85 10041
85 6 10041
6 86 5852
86 6 5852
6 87 7840
87 6 7840
6 90 23475
90 6 23475
6 91 19617
91 6 19617
6 92 25035
92 6 25035
6 93 12424
93 6 12424
6 94 10215
94 6 10215
6 95 18383
95 6 18383
6 96 15085
96 6 15085
6 97 14991
97 6 14991
6 98 5698
98 6 5698
6 99 21703
99 6 21703
6 101 8781
101 6 8781
6 103 15237
103 6 15237
6 104 16699
104 6 16699
6 105 3910
105 6 3910
6 106 5980
106 6 5980
6 107 17870
107 6 17870
6 108 8427
108 6 8427
6 109 23572
109 6 23572
6 111 14334
111 6 14334
6 112 14996
112 6 14996
6 116 20140
116 6 20140
6 117 21951
117 6 21951
6 118 6154
118 6 6154
6 122 6723
122 6 6723
6 123 24958
123 6 24958
6 124 12077
124 6 12077
6 126 23729
126 6 23729
6 128 17291
128 6 17291
6 130 16145
130 6 16145
6 131 12292
131 6 12292
6 133 12064
133 6 12064
6 134 1913
134 6 1913
6 135 10052
135 6 10052
6 136 15348
136 6 15348
6 137 4007
137 6 4007
6 138 11640
138 6 11640
6 141 18324
141 6 18324
6 142 5981
142 6 5981
6 143 4546
143 6 4546
6 144 9727
144 6 9727
6 145 5908
145 6 5908
6 146 18595
146 6 18595
6 147 5832
147 6 5832
6 149 3684
149 6 3684
7 8 6568
8 7 6568
7 9 17
9 7 17
7 10 18806
10 7 18806
7 11 11897
11 7 11897
7 12 8178
12 7 8178
7 13 1408
13 7 1408
7 14 5397
14 7 5397
7 15 8086
15 7 8086
7 18 24002
18 7 24002
7 20 11058
20 7 11058
7 21 19428
21 7 19428
7 22 17590
22 7 17590
7 24 1501
24 7 1501
7 25 8892
25 7 8892
7 27 3903
27 7 3903
7 29 19211
29 7 19211
7 30 12672
30 7 12672
7 31 21102
31 7 21102
7 32 2790
32 7 2790
7 33 19397
33 7 19397
7 34 6635
34 7 6635
7 35 7938
35 7 7938
7 36 13428
36 7 13428
7 37 7824
37 7 7824
7 38 7439
38 7 7439
7 39 10601
39 7 10601
7 40 9912
40 7 9912
7 41 17389
41 7 17389
7 42 11689
42 7 11689
7 44 24815
44 7 24815
7 46 22821
46 7 22821
7 47 843
47 7 843
7 48 233
48 7 233
7 49 22761
49 7 22761
7 50 13250
50 7 13250
7 51 19095
51 7 19095
7 52 21869
52 7 21869
7 53 21916
53 7 21916
7 57 20646
57 7 20646
7 59 9613
59 7 9613
7 61 13540
61 7 13540
7 62 712
62 7 712
7 63 5588
63 7 5588
7 64 3564
64 7 3564
7 68 10511
68 7 10511
7 69 3201
69 7 3201
7 70 14174
70 7 14174
7 71 2320
71 7 2320
7 72 24251
72 7 24251
7 73 9503
73 7 9503
7 74 2162
74 7 2162
7 75 612
75 7 612
7 79 39
79 7 39
7 80 23692
80 7 23692
7 81 23020
81 7 23020
7 84 2034
84 7 2034
7 86 22414
86 7 22414
7 87 508
87 7 508
7 89 9866
89 7 9866
7 90 15760
90 7 15760
7 91 22523
91 7 22523
7 92 19392
92 7 19392
7 94 10589
94 7 10589
7 95 11597
95 7 11597
7 96 8262
96 7 8262
7 97 12503
97 7 12503
7 99 12156
99 7 12156
7 100 13522
100 7 13522
7 101 909
101 7 909
7 103 4496
103 7 4496
7 104 8631
104 7 8631
7 105 1847
105 7 1847
7 106 9720
106 7 9720
7 107 980
107 7 980
7 108 2397
108 7 2397
7 109 19842
109 7 19842
7 110 18345
110 7 18345
7 111 16500
111 7 16500
7 112 23692
112 7 23692
7 116 20542
116 7 20542
7 117 1952
117 7 1952
7 118 6425
118 7 6425
7 119 23439
119 7 23439
7 120 2512
120 7 2512
7 121 1324
121 7 1324
7 122 7030
122 7 7030
7 123 18861
123 7 18861
7 124 18987
124 7 18987
7 125 5415
125 7 5415
7 126 23957
126 7 23957
7 128 21186
128 7 21186
7 129 6429
129 7 6429
7 130 10590
130 7 10590
7 133 808
133 7 808
7 136 2770
136 7 2770
7 137 5116
137 7 5116
7 138 10178
138 7 10178
7 139 4471
139 7 4471
7 140 20598
140 7 20598
7 141 600
141 7 600
7 142 12886
142 7 12886
7 143 14131
143 7 14131
7 144 24459
144 7 24459
7 145 14195
145 7 14195
7 146 17561
146 7 17561
7 147 20528
147 7 20528
7 149 8558
149 7 8558
8 9 11370
9 8 11370
8 10 2214
10 8 2214
8 11 15543
11 8 15543
8 12 21802
12 8 21802
8 13 765
13 8 765
8 14 20997
14 8 20997
8 15 23250
15 8 23250
8 16 23080
16 8 23080
8 17 17458
17 8 17458
8 18 8361
18 8 8361
8 19 20597
19 8 20597
8 21 23874
21 8 23874
8 22 22745
22 8 22745
8 23 11708
23 8 11708
8 24 17845
24 8 17845
8 25 14373
25 8 14373
8 26 22133
26 8 22133
8 28 20082
28 8 20082
8 29 2198
29 8 2198
8 32 14055
32 8 14055
8 33 12047
33 8 12047
8 35 12808
35 8 12808
8 36 11147
36 8 11147
8 37 17296
37 8 17296
8 38 13959
38 8 13959
8 39 9800
39 8 9800
8 41 3049
41 8 3049
8 42 20698
42 8 20698
8 43 14957
43 8 14957
8 45 10124
45 8 10124
8 48 18701
48 8 18701
8 50 1582
50 8 1582
8 51 3936
51 8 3936
8 52 7399
52 8 7399
8 54 22113
54 8 22113
8 55 21622
55 8 21622
8 56 11187
56 8 11187
8 57 23289
57 8 23289
8 58 2905
58 8 2905
8 59 19236
59 8 19236
8 60 9759
60 8 9759
8 61 16974
61 8 16974
8 62 16024
62 8 16024
8 64 6826
64 8 6826
8 65 2334
65 8 2334
8 69 4081
69 8 4081
8 71 16247
71 8 16247
8 72 2090
72 8 2090
8 73 19895
73 8 19895
8 76 16774
76 8 16774
8 77 6297
77 8 6297
8 78 1951
78 8 1951
8 79 64
79 8 64
8 80 1762
80 8 1762
8 81 18222
81 8 18222
8 82 21392
82 8 21392
8 83 11031
83 8 11031
8 84 9776
84 8 9776
8 85 3329
85 8 3329
8 88 1054
88 8 1054
8 89 20088
89 8 20088
8 90 11364
90 8 11364
8 91 5683
91 8 5683
8 92 9981
92 8 9981
8 94 24466
94 8 24466
8 95 18094
95 8 18094
8 96 10056
96 8 10056
8 97 15886
97 8 15886
8 98 9960
98 8 9960
8 99 16011
99 8 16011
8 100 15902
100 8 15902
8 101 12149
101 8 12149
8 102 16334
102 8 16334
8 103 2404
103 8 2404
8 104 16618
104 8 16618
8 105 15278
105 8 15278
8 106 16037
106 8 16037
8 107 19425
107 8 19425
8 110 9297
110 8 9297
8 111 753
111 8 753
8 112 23253
112 8 23253
8 114 4850
114 8 4850
8 115 5208
115 8 5208
8 116 18144
116 8 18144
8 117 20401
117 8 20401
8 118 15585
118 8 15585
8 119 18949
119 8 18949
8 120 8790
120 8 8790
8 121 11537
121 8 11537
8 122 19447
122 8 19447
8 123 16062
123 8 16062
8 125 4782
125 8 4782
8 128 1566
128 8 1566
8 129 24762
129 8 24762
8 130 7929
130 8 7929
8 132 23255
132 8 23255
8 133 21825
133 8 21825
8 135 4160
135 8 4160
8 136 4661
136 8 4661
8 137 22277
137 8 22277
8 138 9602
138 8 9602
8 139 15465
139 8 15465
8 141 14924
141 8 14924
8 142 23298
142 8 23298
8 143 22365
143 8 22365
8 144 18036
144 8 18036
8 145 7768
145 8 7768
8 147 8614
147 8 8614
8 148 13473
148 8 13473
8 149 9002
149 8 9002
9 10 22769
10 9 22769
9 12 3989
12 9 3989
9 14 9920
14 9 9920
9 15 15568
15 9 15568
9 16 15414
16 9 15414
9 17 22555
17 9 22555
9 18 17281
18 9 17281
9 19 10727
19 9 10727
9 20 13137
20 9 13137
9 21 12755
21 9 12755
9 22 6675
22 9 6675
9 23 3706
23 9 3706
9 24 22608
24 9 22608
9 27 13690
27 9 13690
9 28 6081
28 9 6081
9 29 11991
29 9 11991
9 30 11357
30 9 11357
9 31 463
31 9 463
9 32 16276
32 9 16276
9 33 24646
33 9 24646
9 34 431
34 9 431
9 35 6198
35 9 6198
9 37 5617
37 9 5617
9 38 18121
38 9 18121
9 39 5022
39 9 5022
9 40 17559
40 9 17559
9 41 8190
41 9 8190
9 42 15145
42 9 15145
9 43 22612
43 9 22612
9 44 14130
44 9 14130
9 45 22460
45 9 22460
9 47 20348
47 9 20348
9 48 13814
48 9 13814
9 49 12867
49 9 12867
9 50 20948
50 9 20948
9 51 8596
51 9 8596
9 52 20330
52 9 20330
9 53 19226
53 9 19226
9 54 12257
54 9 12257
9 55 22114
55 9 22114
9 57 2394
57 9 2394
9 58 18081
58 9 18081
9 59 9004
59 9 9004
9 60 20572
60 9 20572
9 61 7940
61 9 7940
9 62 11304
62 9 11304
9 64 11375
64 9 11375
9 66 15796
66 9 15796
9 67 16436
67 9 16436
9 68 3193
68 9 3193
9 70 4581
70 9 4581
9 71 4064
71 9 4064
9 73 12743
73 9 12743
9 74 2243
74 9 2243
9 76 13726
76 9 13726
9 77 17571
77 9 17571
9 78 21133
78 9 21133
9 79 24763
79 9 24763
9 83 20958
83 9 20958
9 84 3535
84 9 3535
9 85 19658
85 9 19658
9 86 13294
86 9 13294
9 89 11257
89 9 11257
9 90 14700
90 9 14700
9 91 2015
91 9 2015
9 92 14440
92 9 14440
9 94 9051
94 9 9051
9 95 6156
95 9 6156
9 97 14141
97 9 14141
9 98 21986
98 9 21986
9 100 5621
100 9 5621
9 103 15422
103 9 15422
9 104 16860
104 9 16860
9 106 9909
106 9 9909
9 107 17719
107 9 17719
9 108 13794
108 9 13794
9 110 10079
110 9 10079
9 113 25043
113 9 25043
9 114 14959
114 9 14959
9 117 15335
117 9 15335
9 119 1667
119 9 1667
9 120 7340
120 9 7340
9 121 24137
121 9 24137
9 124 8051
124 9 8051
9 127 14105
127 9 14105
9 128 13640
128 9 13640
9 130 24599
130 9 24599
9 132 8500
132 9 8500
9 133 11843
133 9 11843
9 134 13931
134 9 13931
9 135 9632
135 9 9632
9 136 15068
136 9 15068
9 137 12221
137 9 12221
9 138 22270
138 9 22270
9 139 19195
139 9 19195
9 140 23002
140 9 23002
9 141 11645
141 9 11645
9 143 11455
143 9 11455
9 144 12750
144 9 12750
9 145 1931
145 9 1931
9 146 24131
146 9 24131
9 147 18958
147 9 18958
9 148 16205
148 9 16205
9 149 22682
149 9 22682
10 12 6390
12 10 6390
10 14 10492
14 10 10492
10 15 17721
15 10 17721
10 16 4198
16 10 4198
10 17 6527
17 10 6527
10 18 24486
18 10 24486
10 19 12927
19 10 12927
10 20 12368
20 10 12368
10 21 5366
21 10 5366
10 22 23731
22 10 23731
10 23 9086
23 10 9086
10 24 22593
24 10 22593
10 25 2452
25 10 2452
10 26 14442
26 10 14442
10 27 25059
27 10 25059
10 30 21873
30 10 21873
10 31 14291
31 10 14291
10 32 7266
32 10 7266
10 36 5181
36 10 5181
10 37 16742
37 10 16742
10 38 13352
38 10 13352
10 39 10667
39 10 10667
10 40 24529
40 10 24529
10 41 15036
41 10 15036
10 42 14729
42 10 14729
10 43 14369
43 10 14369
10 44 10684
44 10 10684
10 45 1408
45 10 1408
10 46 25061
46 10 25061
10 47 19555
47 10 19555
10 49 24072
49 10 24072
10 51 17433
51 10 17433
10 52 9581
52 10 9581
10 53 14321
53 10 14321
10 54 17596
54 10 17596
10 55 20477
55 10 20477
10 58 9215
58 10 9215
10 59 21609
59 10 21609
10 61 1066
61 10 1066
10 64 12130
64 10 12130
10 65 24430
65 10 24430
10 66 20286
66 10 20286
10 67 22060
67 10 22060
10 68 14482
68 10 14482
10 69 10211
69 10 10211
10 70 4874
70 10 4874
10 71 16339
71 10 16339
10 72 5408
72 10 5408
10 73 16430
73 10 16430
10 74 14
74 10 14
10 75 5623
75 10 5623
10 76 4276
76 10 4276
10 77 18148
77 10 18148
10 78 11654
78 10 11654
10 79 6297
79 10 6297
10 80 21342
80 10 21342
10 81 22308
81 10 22308
10 83 19466
83 10 19466
10 84 22300
84 10 22300
10 86 3277
86 10 3277
10 88 24969
88 10 24969
10 89 22263
89 10 22263
10 90 482
90 10 482
10 91 3295
91 10 3295
10 92 5198
92 10 5198
10 93 7520
93 10 7520
10 94 19975
94 10 19975
10 95 9477
95 10 9477
10 98 16697
98 10 16697
10 99 18779
99 10 18779
10 100 20882
100 10 20882
10 102 1859
102 10 1859
10 103 18380
103 10 18380
10 104 12040
104 10 12040
10 105 8100
105 10 8100
10 106 8130
106 10 8130
10 108 19124
108 10 19124
10 109 22999
109 10 22999
10 110 989
110 10 989
10 111 20855
111 10 20855
10 112 10341
112 10 10341
10 113 18954
113 10 18954
10 114 19124
114 10 19124
10 117 4306
117 10 4306
10 118 6457
118 10 6457
10 123 15792
123 10 15792
10 125 17765
125 10 17765
10 126 22064
126 10 22064
10 127 11219
127 10 11219
10 129 16465
129 10 16465
10 130 507
130 10 507
10 131 23098
131 10 23098
10 132 7903
132 10 7903
10 133 753
133 10 753
10 135 14199
135 10 14199
10 137 5289
137 10 5289
10 139 10735
139 10 10735
10 140 16877
140 10 16877
10 141 2833
141 10 2833
10 142 11050
142 10 11050
10 143 3092
143 10 3092
10 144 14660
144 10 14660
10 148 5545
148 10 5545
10 149 10643
149 10 10643
11 13 4673
13 11 4673
11 14 22226
14 11 22226
11 15 9675
15 11 9675
11 17 21493
17 11 21493
11 18 9352
18 11 9352
11 19 19661
19 11 19661
11 20 23023
20 11 23023
11 21 2922
21 11 2922
11 24 25069
24 11 25069
11 25 9791
25 11 9791
11 27 2634
27 11 2634
11 28 3872
28 11 3872
11 29 23425
29 11 23425
11 30 24875
30 11 24875
11 31 21254
31 11 21254
11 32 22897
32 11 22897
11 33 21653
33 11 21653
11 34 1981
34 11 1981
11 35 14800
35 11 14800
11 36 437
36 11 437
11 38 10654
38 11 10654
11 39 21914
39 11 21914
11 41 19960
41 11 19960
11 42 6075
42 11 6075
11 43 15821
43 11 15821
11 46 25112
46 11 25112
11 49 16938
49 11 16938
11 50 18568
50 11 18568
11 51 24294
51 11 24294
11 52 13581
52 11 13581
11 53 13612
53 11 13612
11 54 24793
54 11 24793
11 55 5769
55 11 5769
11 56 23633
56 11 23633
11 57 13157
57 11 13157
11 58 7116
58 11 7116
11 61 11743
61 11 11743
11 63 4158
63 11 4158
11 64 23243
64 11 23243
11 65 9700
65 11 9700
11 66 14650
66 11 14650
11 68 9227
68 11 9227
11 69 19151
69 11 19151
11 70 21167
70 11 21167
11 71 10830
71 11 10830
11 72 24090
72 11 24090
11 73 17305
73 11 17305
11 74 5157
74 11 5157
11 75 21067
75 11 21067
11 76 11875
76 11 11875
11 77 20152
77 11 20152
11 79 446
79 11 446
11 81 22111
81 11 22111
11 82 14934
82 11 14934
11 83 16403
83 11 16403
11 84 18183
84 11 18183
11 85 19550
85 11 19550
11 87 24060
87 11 24060
11 88 13076
88 11 13076
11 89 6184
89 11 6184
11 90 15660
90 11 15660
11 91 5758
91 11 5758
11 92 7438
92 11 7438
11 94 2991
94 11 2991
11 96 22906
96 11 22906
11 98 11587
98 11 11587
11 99 1208
99 11 1208
11 102 22116
102 11 22116
11 104 19202
104 11 19202
11 105 24394
105 11 24394
11 107 20285
107 11 20285
11 108 17581
108 11 17581
11 110 16639
110 11 16639
11 111 11267
111 11 11267
11 112 16096
112 11 16096
11 115 10960
115 11 10960
11 116 5359
116 11 5359
11 117 17201
117 11 17201
11 118 9709
118 11 9709
11 119 3083
119 11 3083
11 120 9143
120 11 9143
11 121 22095
121 11 22095
11 122 21168
122 11 21168
11 123 11454
123 11 11454
11 124 1314
124 11 1314
11 125 13618
125 11 13618
11 126 14979
126 11 14979
11 127 11979
127 11 11979
11 128 24040
128 11 24040
11 129 2361
129 11 2361
11 131 17955
131 11 17955
11 134 15381
134 11 15381
11 135 25025
135 11 25025
11 137 4657
137 11 4657
11 139 12648
139 11 12648
11 143 4562
143 11 4562
11 144 12367
144 11 12367
11 145 23858
145 11 23858
11 147 21370
147 11 21370
11 148 15607
148 11 15607
12 13 16112
13 12 16112
12 14 12612
14 12 12612
12 15 19079
15 12 19079
12 16 18981
16 12 18981
12 17 7691
17 12 7691
12 18 3951
18 12 3951
12 19 2303
19 12 2303
12 20 4703
20 12 4703
12 24 17432
24 12 17432
12 25 5236
25 12 5236
12 27 10126
27 12 10126
12 29 4194
29 12 4194
12 30 17334
30 12 17334
12 31 16377
31 12 16377
12 32 6961
32 12 6961
12 33 12505
33 12 12505
12 34 20411
34 12 20411
12 36 3711
36 12 3711
12 37 19889
37 12 19889
12 38 16320
38 12 16320
12 39 19341
39 12 19341
12 41 13168
41 12 13168
12 44 9930
44 12 9930
12 45 5031
45 12 5031
12 46 8142
46 12 8142
12 47 20852
47 12 20852
12 49 18739
49 12 18739
12 50 17364
50 12 17364
12 51 3793
51 12 3793
12 52 21774
52 12 21774
12 53 22046
53 12 22046
12 54 11784
54 12 11784
12 55 408
55 12 408
12 56 20372
56 12 20372
12 57 1494
57 12 1494
12 58 12783
58 12 12783
12 59 16441
59 12 16441
12 60 6591
60 12 6591
12 61 24593
61 12 24593
12 62 11241
62 12 11241
12 64 18099
64 12 18099
12 65 4988
65 12 4988
12 66 23906
66 12 23906
12 68 4856
68 12 4856
12 69 16358
69 12 16358
12 70 14630
70 12 14630
12 71 24440
71 12 24440
12 72 2605
72 12 2605
12 73 11366
73 12 11366
12 74 19738
74 12 19738
12 75 12484
75 12 12484
12 76 22556
76 12 22556
12 77 14733
77 12 14733
12 80 24768
80 12 24768
12 84 14826
84 12 14826
12 85 23094
85 12 23094
12 86 11997
86 12 11997
12 87 19387
87 12 19387
12 88 14419
88 12 14419
12 89 4966
89 12 4966
12 90 18730
90 12 18730
12 91 7761
91 12 7761
12 92 18040
92 12 18040
12 94 17582
94 12 17582
12 95 15901
95 12 15901
12 97 3234
97 12 3234
12 98 24120
98 12 24120
12 99 2590
99 12 2590
12 100 13553
100 12 13553
12 101 24680
101 12 24680
12 102 3359
102 12 3359
12 103 15720
103 12 15720
12 104 2184
104 12 2184
12 105 16220
105 12 16220
12 108 14410
108 12 14410
12 109 14014
109 12 14014
12 110 24570
110 12 24570
12 112 4400
112 12 4400
12 116 13076
116 12 13076
12 117 8927
117 12 8927
12 118 1487
118 12 1487
12 119 20803
119 12 20803
12 120 8547
120 12 8547
12 121 16356
121 12 16356
12 123 7543
123 12 7543
12 125 1702
125 12 1702
12 126 4349
126 12 4349
12 127 5745
127 12 5745
12 128 6881
128 12 6881
12 130 856
130 12 856
12 132 15183
132 12 15183
12 133 4517
133 12 4517
12 135 10051
135 12 10051
12 136 3499
136 12 3499
12 137 16481
137 12 16481
12 138 18602
138 12 18602
12 139 15254
139 12 15254
12 142 6567
142 12 6567
12 143 11496
143 12 11496
12 145 9602
145 12 9602
12 146 9711
146 12 9711
12 148 19029
148 12 19029
12 149 17732
149 12 17732
13 14 22535
14 13 22535
13 15 3527
15 13 3527
13 16 17158
16 13 17158
13 17 16852
17 13 16852
13 18 13437
18 13 13437
13 19 12338
19 13 12338
13 20 10687
20 13 10687
13 21 2011
21 13 2011
13 22 23945
22 13 23945
13 23 1030
23 13 1030
13 24 17421
24 13 17421
13 25 15471
25 13 15471
13 26 15525
26 13 15525
13 27 19865
27 13 19865
13 28 397
28 13 397
13 29 19051
29 13 19051
13 31 22956
31 13 22956
13 32 5701
32 13 5701
13 34 4395
34 13 4395
13 35 7470
35 13 7470
13 37 9613
37 13 9613
13 41 14569
41 13 14569
13 42 15655
42 13 15655
13 43 5031
43 13 5031
13 45 11637
45 13 11637
13 46 17839
46 13 17839
13 47 392
47 13 392
13 48 16286
48 13 16286
13 51 19811
51 13 19811
13 53 4150
53 13 4150
13 54 20060
54 13 20060
13 55 8349
55 13 8349
13 56 13091
56 13 13091
13 59 2174
59 13 2174
13 60 20416
60 13 20416
13 61 9583
61 13 9583
13 62 6856
62 13 6856
13 63 3604
63 13 3604
13 66 7027
66 13 7027
13 67 13980
67 13 13980
13 69 16691
69 13 16691
13 70 6445
70 13 6445
13 71 23065
71 13 23065
13 72 22073
72 13 22073
13 73 11606
73 13 11606
13 75 14420
75 13 14420
13 76 7856
76 13 7856
13 77 2436
77 13 2436
13 78 16661
78 13 16661
13 82 22989
82 13 22989
13 83 5553
83 13 5553
13 84 23086
84 13 23086
13 85 5965
85 13 5965
13 87 14447
87 13 14447
13 88 22193
88 13 22193
13 89 19626
89 13 19626
13 90 19405
90 13 19405
13 91 7605
91 13 7605
13 92 19412
92 13 19412
13 93 13804
93 13 13804
13 94 13788
94 13 13788
13 95 4762
95 13 4762
13 97 5328
97 13 5328
13 99 1681
99 13 1681
13 101 2649
101 13 2649
13 102 19337
102 13 19337
13 105 15814
105 13 15814
13 106 3034
106 13 3034
13 110 14032
110 13 14032
13 111 18708
111 13 18708
13 113 22231
113 13 22231
13 114 23853
114 13 23853
13 115 6166
115 13 6166
13 116 24293
116 13 24293
13 118 10825
118 13 10825
13 119 903
119 13 903
13 122 11747
122 13 11747
13 123 324
123 13 324
13 124 13885
124 13 13885
13 125 6264
125 13 6264
13 127 5986
127 13 5986
13 128 19281
128 13 19281
13 129 2986
129 13 2986
13 130 7021
130 13 7021
13 131 926
131 13 926
13 135 5702
135 13 5702
13 136 24122
136 13 24122
13 137 4386
137 13 4386
13 138 20494
138 13 20494
13 139 16651
139 13 16651
13 140 16803
140 13 16803
13 141 13930
141 13 13930
13 143 12067
143 13 12067
13 144 17928
144 13 17928
13 146 15638
146 13 15638
13 147 4485
147 13 4485
13 148 24884
148 13 24884
13 149 12251
149 13 12251
14 15 6070
15 14 6070
14 17 4723
17 14 4723
14 18 18496
18 14 18496
14 20 4864
20 14 4864
14 21 10580
21 14 10580
14 22 5213
22 14 5213
14 23 15832
23 14 15832
14 24 18707
24 14 18707
14 25 1947
25 14 1947
14 27 10699
27 14 10699
14 28 14713
28 14 14713
14 29 7236
29 14 7236
14 30 4084
30 14 4084
14 31 24016
31 14 24016
14 33 16211
33 14 16211
14 34 23869
34 14 23869
14 36 3622
36 14 3622
14 37 4355
37 14 4355
14 39 8709
39 14 8709
14 40 12422
40 14 12422
14 44 7839
44 14 7839
14 45 13398
45 14 13398
14 46 17241
46 14 17241
14 47 19346
47 14 19346
14 48 23650
48 14 23650
14 50 17065
50 14 17065
14 53 22650
53 14 22650
14 55 10319
55 14 10319
14 56 968
56 14 968
14 57 11822
57 14 11822
14 58 13009
58 14 13009
14 59 24488
59 14 24488
14 61 9562
61 14 9562
14 62 17292
62 14 17292
14 63 14697
63 14 14697
14 64 7422
64 14 7422
14 67 15190
67 14 15190
14 68 7261
68 14 7261
14 71 18082
71 14 18082
14 72 2885
72 14 2885
14 73 3708
73 14 3708
14 74 15542
74 14 15542
14 76 5529
76 14 5529
14 77 2634
77 14 2634
14 78 7282
78 14 7282
14 79 9829
79 14 9829
14 80 9656
80 14 9656
14 82 23400
82 14 23400
14 84 21271
84 14 21271
14 85 23228
85 14 23228
14 86 6688
86 14 6688
14 88 8712
88 14 8712
14 89 12171
89 14 12171
14 90 14403
90 14 14403
14 91 24789
91 14 24789
14 93 5059
93 14 5059
14 94 6110
94 14 6110
14 95 11320
95 14 11320
14 96 5663
96 14 5663
14 97 3998
97 14 3998
14 98 9151
98 14 9151
14 99 4820
99 14 4820
14 100 10417
100 14 10417
14 104 1235
104 14 1235
14 106 21608
106 14 21608
14 107 3013
107 14 3013
14 109 14494
109 14 14494
14 112 9052
112 14 9052
14 114 3315
114 14 3315
14 115 15116
115 14 15116
14 116 18777
116 14 18777
14 117 10120
117 14 10120
14 118 20983
118 14 20983
14 120 244
120 14 244
14 121 5815
121 14 5815
14 122 17172
122 14 17172
14 124 13468
124 14 13468
14 125 3764
125 14 3764
14 126 9463
126 14 9463
14 129 1903
129 14 1903
14 130 11317
130 14 11317
14 131 4675
131 14 4675
14 132 11784
132 14 11784
14 134 2869
134 14 2869
14 138 293
138 14 293
14 139 10700
139 14 10700
14 140 22368
140 14 22368
14 141 4049
141 14 4049
14 142 23315
142 14 23315
14 143 21261
143 14 21261
14 146 11948
146 14 11948
14 148 18185
148 14 18185
14 149 13827
149 14 13827
15 16 13559
16 15 13559
15 18 160
18 15 160
15 19 21633
19 15 21633
15 20 13762
20 15 13762
15 22 21791
22 15 21791
15 23 6577
23 15 6577
15 25 114
25 15 114
15 26 1696
26 15 1696
15 27 14470
27 15 14470
15 29 15049
29 15 15049
15 30 12121
30 15 12121
15 31 23171
31 15 23171
15 32 6223
32 15 6223
15 33 3266
33 15 3266
15 34 20644
34 15 20644
15 35 3734
35 15 3734
15 39 2472
39 15 2472
15 40 9532
40 15 9532
15 42 18049
42 15 18049
15 43 648
43 15 648
15 44 24629
44 15 24629
15 45 4319
45 15 4319
15 46 2935
46 15 2935
15 48 20477
48 15 20477
15 49 4455
49 15 4455
15 50 21291
50 15 21291
15 51 12532
51 15 12532
15 54 18270
54 15 18270
15 56 1134
56 15 1134
15 57 10693
57 15 10693
15 58 18969
58 15 18969
15 59 14200
59 15 14200
15 60 7869
60 15 7869
15 63 17071
63 15 17071
15 64 6665
64 15 6665
15 66 22217
66 15 22217
15 67 8102
67 15 8102
15 68 628
68 15 628
15 69 17460
69 15 17460
15 70 3829
70 15 3829
15 71 15906
71 15 15906
15 73 22875
73 15 22875
15 74 2136
74 15 2136
15 75 10418
75 15 10418
15 78 4345
78 15 4345
15 79 1474
79 15 1474
15 80 4280
80 15 4280
15 81 10941
81 15 10941
15 84 7332
84 15 7332
15 85 12745
85 15 12745
15 86 25063
86 15 25063
15 87 12904
87 15 12904
15 88 24062
88 15 24062
15 89 11269
89 15 11269
15 90 23408
90 15 23408
15 91 18144
91 15 18144
15 92 8055
92 15 8055
15 93 1978
93 15 1978
15 94 18252
94 15 18252
15 95 22675
95 15 22675
15 96 2468
96 15 2468
15 97 6889
97 15 6889
15 99 5516
99 15 5516
15 100 11395
100 15 11395
15 103 19631
103 15 19631
15 104 16190
104 15 16190
15 105 20591
105 15 20591
15 106 1381
106 15 1381
15 107 15230
107 15 15230
15 109 12418
109 15 12418
15 110 4195
110 15 4195
15 111 9255
111 15 9255
15 114 9356
114 15 9356
15 115 4130
115 15 4130
15 117 17516
117 15 17516
15 118 14980
118 15 14980
15 119 7940
119 15 7940
15 120 13189
120 15 13189
15 121 13811
121 15 13811
15 123 12476
123 15 12476
15 125 22618
125 15 22618
15 126 22217
126 15 22217
15 127 10920
127 15 10920
15 128 7640
128 15 7640
15 129 23294
129 15 23294
15 130 8960
130 15 8960
15 131 17368
131 15 17368
15 133 17376
133 15 17376
15 134 10148
134 15 10148
15 136 23232
136 15 23232
15 137 10815
137 15 10815
15 138 7520
138 15 7520
15 139 15733
139 15 15733
15 140 838
140 15 838
15 141 23911
141 15 23911
15 142 21091
142 15 21091
15 143 11971
143 15 11971
15 144 12458
144 15 12458
15 145 357
145 15 357
15 146 24014
146 15 24014
15 147 3507
147 15 3507
15 148 8284
148 15 8284
15 149 16855
149 15 16855
16 17 7718
17 16 7718
16 19 13427
19 16 13427
16 20 13233
20 16 13233
16 21 11496
21 16 11496
16 23 4672
23 16 4672
16 24 11966
24 16 11966
16 25 21069
25 16 21069
16 26 17419
26 16 17419
16 27 23091
27 16 23091
16 28 2610
28 16 2610
16 29 9562
29 16 9562
16 31 1678
31 16 1678
16 32 9207
32 16 9207
16 33 20196
33 16 20196
16 37 21444
37 16 21444
16 38 23318
38 16 23318
16 40 20301
40 16 20301
16 41 13078
41 16 13078
16 46 4842
46 16 4842
16 47 18030
47 16 18030
16 48 21520
48 16 21520
16 50 8314
50 16 8314
16 51 247
51 16 247
16 52 18173
52 16 18173
16 53 575
53 16 575
16 54 3274
54 16 3274
16 56 2002
56 16 2002
16 57 13238
57 16 13238
16 58 15975
58 16 15975
16 60 21783
60 16 21783
16 61 19308
61 16 19308
16 64 24789
64 16 24789
16 66 5979
66 16 5979
16 67 24229
67 16 24229
16 70 5226
70 16 5226
16 71 19091
71 16 19091
16 73 1365
73 16 1365
16 77 21852
77 16 21852
16 78 4884
78 16 4884
16 79 6321
79 16 6321
16 80 8285
80 16 8285
16 84 5433
84 16 5433
16 85 1408
85 16 1408
16 86 18796
86 16 18796
16 87 23491
87 16 23491
16 88 15977
88 16 15977
16 89 3282
89 16 3282
16 90 18262
90 16 18262
16 94 23129
94 16 23129
16 95 24630
95 16 24630
16 96 11380
96 16 11380
16 97 17980
97 16 17980
16 98 17650
98 16 17650
16 101 6221
101 16 6221
16 102 16746
102 16 16746
16 104 3322
104 16 3322
16 105 23287
105 16 23287
16 108 6871
108 16 6871
16 109 16470
109 16 16470
16 111 10165
111 16 10165
16 112 7428
112 16 7428
16 113 25087
113 16 25087
16 115 25029
115 16 25029
16 116 7925
116 16 7925
16 117 11967
117 16 11967
16 118 4329
118 16 4329
16 119 19834
119 16 19834
16 120 9818
120 16 9818
16 121 7971
121 16 7971
16 122 12413
122 16 12413
16 123 2844
123 16 2844
16 124 2216
124 16 2216
16 126 197
126 16 197
16 127 9706
127 16 9706
16 128 23177
128 16 23177
16 129 24052
129 16 24052
16 130 4850
130 16 4850
16 131 20112
131 16 20112
16 133 11241
133 16 11241
16 134 17947
134 16 17947
16 136 7011
136 16 7011
16 137 16288
137 16 16288
16 138 4477
138 16 4477
16 139 23012
139 16 23012
16 140 18958
140 16 18958
16 141 1342
141 16 1342
16 143 20729
143 16 20729
16 144 7525
144 16 7525
16 145 1045
145 16 1045
16 146 11393
146 16 11393
16 148 19740
148 16 19740
16 149 1715
149 16 1715
