200 19900 163
0 1 26020
1 0 26020
0 6 22728
6 0 22728
0 11 19565
11 0 19565
0 14 6039
14 0 6039
0 15 940
15 0 940
0 16 6279
16 0 6279
0 19 1760
19 0 1760
0 20 12271
20 0 12271
0 21 1497
21 0 1497
0 23 29289
23 0 29289
0 24 17916
24 0 17916
0 25 22463
25 0 22463
0 26 19389
26 0 19389
0 28 6473
28 0 6473
0 29 11199
29 0 11199
0 30 6359
30 0 6359
0 34 16382
34 0 16382
0 35 11927
35 0 11927
0 36 13660
36 0 13660
0 37 9391
37 0 9391
0 40 26965
40 0 26965
0 44 14254
44 0 14254
0 45 18146
45 0 18146
0 47 8841
47 0 8841
0 49 12054
49 0 12054
0 51 4978
51 0 4978
0 56 17197
56 0 17197
0 59 6021
59 0 6021
0 61 18084
61 0 18084
0 62 27906
62 0 27906
0 63 19209
63 0 19209
0 65 26812
65 0 26812
0 66 29533
66 0 29533
0 69 7247
69 0 7247
0 71 16617
71 0 16617
0 73 4184
73 0 4184
0 78 15621
78 0 15621
0 80 14017
80 0 14017
0 82 27071
82 0 27071
0 83 35
83 0 35
0 89 8853
89 0 8853
0 91 9594
91 0 9594
0 94 15320
94 0 15320
0 95 22197
95 0 22197
0 97 16601
97 0 16601
0 99 9811
99 0 9811
0 101 23417
101 0 23417
0 102 9997
102 0 9997
0 103 9949
103 0 9949
0 104 22270
104 0 22270
0 105 25106
105 0 25106
0 107 15260
107 0 15260
0 108 12618
108 0 12618
0 109 15197
109 0 15197
0 110 6512
110 0 6512
0 112 1440
112 0 1440
0 113 15772
113 0 15772
0 115 5323
115 0 5323
0 116 308
116 0 308
0 119 25859
119 0 25859
0 120 2988
120 0 2988
0 123 5996
123 0 5996
0 124 3763
124 0 3763
0 127 51
127 0 51
0 128 16460
128 0 16460
0 130 6469
130 0 6469
0 133 11957
133 0 11957
0 137 21285
137 0 21285
0 138 13673
138 0 13673
0 140 26899
140 0 26899
0 141 8889
141 0 8889
0 143 27307
143 0 27307
0 146 2899
146 0 2899
0 147 8410
147 0 8410
0 148 6642
148 0 6642
0 154 12447
154 0 12447
0 157 9905
157 0 9905
0 158 27319
158 0 27319
0 159 27017
159 0 27017
0 161 5604
161 0 5604
0 162 26030
162 0 26030
0 163 22409
163 0 22409
0 164 22375
164 0 22375
0 167 9819
167 0 9819
0 168 3725
168 0 3725
0 170 21690
170 0 21690
0 173 10623
173 0 10623
0 175 18417
175 0 18417
0 176 10674
176 0 10674
0 177 4183
177 0 4183
0 184 12006
184 0 12006
0 185 20079
185 0 20079
0 186 29387
186 0 29387
0 187 14154
187 0 14154
0 188 12112
188 0 12112
0 189 19254
189 0 19254
0 190 4111
190 0 4111
0 191 6280
191 0 6280
0 193 18024
193 0 18024
0 195 25513
195 0 25513
0 196 23118
196 0 23118
1 3 24553
3 1 24553
1 4 29233
4 1 29233
1 7 23364
7 1 23364
1 8 11844
8 1 11844
1 9 23971
9 1 23971
1 10 28806
10 1 28806
1 11 3514
11 1 3514
1 21 18170
21 1 18170
1 22 22423
22 1 22423
1 26 13704
26 1 13704
1 27 9499
27 1 9499
1 29 2387
29 1 2387
1 35 8194
35 1 8194
1 36 22274
36 1 22274
1 38 2156
38 1 2156
1 40 8850
40 1 8850
1 41 10027
41 1 10027
1 42 24614
42 1 24614
1 43 13178
43 1 13178
1 44 23999
44 1 23999
1 46 16621
46 1 16621
1 47 10967
47 1 10967
1 48 29590
48 1 29590
1 60 15365
60 1 15365
1 62 7613
62 1 7613
1 63 16103
63 1 16103
1 72 8791
72 1 8791
1 73 18892
73 1 18892
1 74 1618
74 1 1618
1 75 1019
75 1 1019
1 76 9638
76 1 9638
1 78 25929
78 1 25929
1 81 17385
81 1 17385
1 82 11928
82 1 11928
1 83 3729
83 1 3729
1 84 27941
84 1 27941
1 85 20867
85 1 20867
1 87 16598
87 1 16598
1 90 27683
90 1 27683
1 94 86
94 1 86
1 95 22889
95 1 22889
1 97 12624
97 1 12624
1 98 9378
98 1 9378
1 99 8411
99 1 8411
1 101 29524
101 1 29524
1 103 28405
103 1 28405
1 105 28731
105 1 28731
1 106 54
106 1 54
1 107 10827
107 1 10827
1 109 26596
109 1 26596
1 112 27894
112 1 27894
1 113 12482
113 1 12482
1 116 29334
116 1 29334
1 117 8161
117 1 8161
1 118 2905
118 1 2905
1 120 22125
120 1 22125
1 123 16872
123 1 16872
1 124 9959
124 1 9959
1 125 15049
125 1 15049
1 128 23580
128 1 23580
1 129 19121
129 1 19121
1 130 18118
130 1 18118
1 132 5047
132 1 5047
1 135 21533
135 1 21533
1 137 25494
137 1 25494
1 141 1053
141 1 1053
1 144 8009
144 1 8009
1 145 6238
145 1 6238
1 147 9089
147 1 9089
1 148 5947
148 1 5947
1 155 24945
155 1 24945
1 158 18354
158 1 18354
1 161 15516
161 1 15516
1 166 5618
166 1 5618
1 167 87
167 1 87
1 170 11546
170 1 11546
1 174 19817
174 1 19817
1 175 11549
175 1 11549
1 176 19269
176 1 19269
1 177 527
177 1 527
1 178 17548
178 1 17548
1 181 23446
181 1 23446
1 182 9754
182 1 9754
1 184 7184
184 1 7184
1 190 26510
190 1 26510
1 191 15467
191 1 15467
1 192 28754
192 1 28754
1 193 27361
193 1 27361
1 195 3871
195 1 3871
1 196 20211
196 1 20211
1 197 19286
197 1 19286
1 198 10901
198 1 10901
1 199 28373
199 1 28373
2 3 24719
3 2 24719
2 4 11565
4 2 11565
2 6 12572
6 2 12572
2 7 24571
7 2 24571
2 8 26602
8 2 26602
2 11 7328
11 2 7328
2 12 18017
12 2 18017
2 14 13352
14 2 13352
2 19 1838
19 2 1838
2 22 10706
22 2 10706
2 23 23444
23 2 23444
2 24 18154
24 2 18154
2 25 29370
25 2 29370
2 26 24803
26 2 24803
2 28 21368
28 2 21368
2 29 23886
29 2 23886
2 30 25182
30 2 25182
2 32 12109
32 2 12109
2 33 27256
33 2 27256
2 35 4553
35 2 4553
2 37 28189
37 2 28189
2 38 13657
38 2 13657
2 40 4233
40 2 4233
2 44 17721
44 2 17721
2 45 2880
45 2 2880
2 47 21564
47 2 21564
2 49 24320
49 2 24320
2 51 22292
51 2 22292
2 53 16355
53 2 16355
2 54 3971
54 2 3971
2 55 2
55 2 2
2 56 6141
56 2 6141
2 59 7902
59 2 7902
2 60 17805
60 2 17805
2 62 12163
62 2 12163
2 64 23830
64 2 23830
2 65 20680
65 2 20680
2 67 20309
67 2 20309
2 68 86
68 2 86
2 69 25017
69 2 25017
2 72 21478
72 2 21478
2 73 19480
73 2 19480
2 75 11912
75 2 11912
2 76 17182
76 2 17182
2 77 10594
77 2 10594
2 78 21308
78 2 21308
2 80 74
80 2 74
2 81 19257
81 2 19257
2 83 25247
83 2 25247
2 85 20447
85 2 20447
2 86 11182
86 2 11182
2 87 6980
87 2 6980
2 88 4595
88 2 4595
2 90 28124
90 2 28124
2 92 25136
92 2 25136
2 93 17894
93 2 17894
2 95 1295
95 2 1295
2 99 29209
99 2 29209
2 100 17737
100 2 17737
2 101 7396
101 2 7396
2 105 28170
105 2 28170
2 107 21849
107 2 21849
2 109 16843
109 2 16843
2 112 2148
112 2 2148
2 113 3376
113 2 3376
2 114 26137
114 2 26137
2 115 4779
115 2 4779
2 120 14810
120 2 14810
2 124 7609
124 2 7609
2 125 24559
125 2 24559
2 128 26598
128 2 26598
2 129 18148
129 2 18148
2 132 10337
132 2 10337
2 133 6327
133 2 6327
2 135 25439
135 2 25439
2 140 19941
140 2 19941
2 142 22617
142 2 22617
2 151 17456
151 2 17456
2 152 25678
152 2 25678
2 153 23743
153 2 23743
2 154 23519
154 2 23519
2 157 24524
157 2 24524
2 159 19710
159 2 19710
2 160 3888
160 2 3888
2 161 24300
161 2 24300
2 162 17740
162 2 17740
2 163 14756
163 2 14756
2 164 12081
164 2 12081
2 167 28354
167 2 28354
2 170 13026
170 2 13026
2 171 23406
171 2 23406
2 173 20171
173 2 20171
2 174 16922
174 2 16922
2 175 8459
175 2 8459
2 177 8718
177 2 8718
2 181 28518
181 2 28518
2 183 29002
183 2 29002
2 186 530
186 2 530
2 187 8193
187 2 8193
2 189 29182
189 2 29182
2 191 12271
191 2 12271
2 193 17418
193 2 17418
2 196 9098
196 2 9098
2 198 8456
198 2 8456
3 5 13175
5 3 13175
3 8 29424
8 3 29424
3 9 25168
9 3 25168
3 11 29521
11 3 29521
3 12 6738
12 3 6738
3 17 2011
17 3 2011
3 18 28770
18 3 28770
3 20 7632
20 3 7632
3 21 10877
21 3 10877
3 23 23487
23 3 23487
3 24 23534
24 3 23534
3 26 19924
26 3 19924
3 27 12332
27 3 12332
3 28 6796
28 3 6796
3 29 7887
29 3 7887
3 30 25872
30 3 25872
3 31 19959
31 3 19959
3 32 7606
32 3 7606
3 34 9823
34 3 9823
3 37 14287
37 3 14287
3 39 14376
39 3 14376
3 43 7358
43 3 7358
3 44 27392
44 3 27392
3 45 7188
45 3 7188
3 46 10687
46 3 10687
3 48 8939
48 3 8939
3 51 26615
51 3 26615
3 53 23336
53 3 23336
3 55 1130
55 3 1130
3 59 9769
59 3 9769
3 61 17214
61 3 17214
3 62 9294
62 3 9294
3 63 10614
63 3 10614
3 64 4662
64 3 4662
3 66 8862
66 3 8862
3 67 29115
67 3 29115
3 68 1698
68 3 1698
3 70 3925
70 3 3925
3 71 29390
71 3 29390
3 72 26397
72 3 26397
3 74 6778
74 3 6778
3 77 10463
77 3 10463
3 78 24496
78 3 24496
3 80 25505
80 3 25505
3 83 11643
83 3 11643
3 88 5534
88 3 5534
3 91 6879
91 3 6879
3 93 3218
93 3 3218
3 94 27158
94 3 27158
3 95 6795
95 3 6795
3 97 24038
97 3 24038
3 98 12004
98 3 12004
3 99 834
99 3 834
3 101 20879
101 3 20879
3 102 26071
102 3 26071
3 103 12249
103 3 12249
3 104 3395
104 3 3395
3 105 13170
105 3 13170
3 106 19412
106 3 19412
3 107 25696
107 3 25696
3 110 22395
110 3 22395
3 111 22111
111 3 22111
3 112 9837
112 3 9837
3 114 4858
114 3 4858
3 115 866
115 3 866
3 116 16419
116 3 16419
3 117 13873
117 3 13873
3 118 27013
118 3 27013
3 122 7838
122 3 7838
3 123 19962
123 3 19962
3 124 15019
124 3 15019
3 127 24438
127 3 24438
3 128 11050
128 3 11050
3 129 19705
129 3 19705
3 136 27366
136 3 27366
3 137 11267
137 3 11267
3 139 7623
139 3 7623
3 142 20235
142 3 20235
3 144 26073
144 3 26073
3 146 14407
146 3 14407
3 147 5659
147 3 5659
3 149 22155
149 3 22155
3 150 8782
150 3 8782
3 151 26857
151 3 26857
3 152 18136
152 3 18136
3 153 22473
153 3 22473
3 154 26251
154 3 26251
3 156 17787
156 3 17787
3 157 5366
157 3 5366
3 160 4595
160 3 4595
3 164 12192
164 3 12192
3 165 4797
165 3 4797
3 166 19032
166 3 19032
3 170 4508
170 3 4508
3 175 21202
175 3 21202
3 176 25896
176 3 25896
3 182 21995
182 3 21995
3 184 17519
184 3 17519
3 189 1400
189 3 1400
3 191 27825
191 3 27825
3 192 19851
192 3 19851
3 194 27449
194 3 27449
3 195 7611
195 3 7611
3 196 24893
196 3 24893
3 198 28645
198 3 28645
3 199 1889
199 3 1889
4 8 1961
8 4 1961
4 12 17032
12 4 17032
4 14 14396
14 4 14396
4 15 20108
15 4 20108
4 17 1024
17 4 1024
4 19 20681
19 4 20681
4 20 23041
20 4 23041
4 21 28482
21 4 28482
4 25 2448
25 4 2448
4 26 7236
26 4 7236
4 28 16661
28 4 16661
4 29 2084
29 4 2084
4 32 11838
32 4 11838
4 37 19728
37 4 19728
4 38 5211
38 4 5211
4 40 9838
40 4 9838
4 44 19606
44 4 19606
4 45 29686
45 4 29686
4 52 2278
52 4 2278
4 55 27889
55 4 27889
4 58 22755
58 4 22755
4 60 11607
60 4 11607
4 61 27147
61 4 27147
4 65 3893
65 4 3893
4 66 24829
66 4 24829
4 68 4366
68 4 4366
4 70 5593
70 4 5593
4 71 25165
71 4 25165
4 72 10592
72 4 10592
4 73 1524
73 4 1524
4 75 24734
75 4 24734
4 76 6597
76 4 6597
4 78 3788
78 4 3788
4 80 17039
80 4 17039
4 81 24270
81 4 24270
4 83 11908
83 4 11908
4 85 18217
85 4 18217
4 86 16684
86 4 16684
4 89 23697
89 4 23697
4 90 9613
90 4 9613
4 92 7946
92 4 7946
4 94 8387
94 4 8387
4 96 11111
96 4 11111
4 97 22036
97 4 22036
4 98 11329
98 4 11329
4 99 5644
99 4 5644
4 103 13687
103 4 13687
4 104 22710
104 4 22710
4 106 22680
106 4 22680
4 108 8196
108 4 8196
4 112 4150
112 4 4150
4 114 20412
114 4 20412
4 115 25513
115 4 25513
4 116 20945
116 4 20945
4 117 21972
117 4 21972
4 118 8257
118 4 8257
4 119 23309
119 4 23309
4 120 29445
120 4 29445
4 121 7864
121 4 7864
4 122 18045
122 4 18045
4 123 15530
123 4 15530
4 124 6738
124 4 6738
4 126 11164
126 4 11164
4 127 14465
127 4 14465
4 130 727
130 4 727
4 132 1838
132 4 1838
4 135 2299
135 4 2299
4 136 19374
136 4 19374
4 138 17669
138 4 17669
4 141 2507
141 4 2507
4 143 22804
143 4 22804
4 144 10021
144 4 10021
4 147 27110
147 4 27110
4 153 7631
153 4 7631
4 155 7796
155 4 7796
4 160 14900
160 4 14900
4 161 21272
161 4 21272
4 165 28429
165 4 28429
4 170 28177
170 4 28177
4 175 23935
175 4 23935
4 177 10144
177 4 10144
4 180 3441
180 4 3441
4 182 19442
182 4 19442
4 183 27700
183 4 27700
4 184 21601
184 4 21601
4 185 22718
185 4 22718
4 188 8866
188 4 8866
4 194 7121
194 4 7121
4 197 23705
197 4 23705
5 8 5766
8 5 5766
5 9 21981
9 5 21981
5 13 20615
13 5 20615
5 14 26431
14 5 26431
5 17 18753
17 5 18753
5 18 2039
18 5 2039
5 19 6247
19 5 6247
5 24 18933
24 5 18933
5 27 3161
27 5 3161
5 28 20249
28 5 20249
5 30 18652
30 5 18652
5 40 4749
40 5 4749
5 41 2675
41 5 2675
5 42 19904
42 5 19904
5 45 19201
45 5 19201
5 46 7129
46 5 7129
5 47 21247
47 5 21247
5 49 17769
49 5 17769
5 52 3771
52 5 3771
5 53 19987
53 5 19987
5 58 10893
58 5 10893
5 60 10931
60 5 10931
5 61 17593
61 5 17593
5 63 17992
63 5 17992
5 66 21828
66 5 21828
5 68 22112
68 5 22112
5 72 19496
72 5 19496
5 73 11055
73 5 11055
5 75 26074
75 5 26074
5 76 22432
76 5 22432
5 77 22254
77 5 22254
5 78 12352
78 5 12352
5 83 17365
83 5 17365
5 86 19283
86 5 19283
5 88 1072
88 5 1072
5 89 29794
89 5 29794
5 90 21156
90 5 21156
5 92 26730
92 5 26730
5 94 936
94 5 936
5 96 29503
96 5 29503
5 98 10734
98 5 10734
5 99 12171
99 5 12171
5 101 9976
101 5 9976
5 107 12032
107 5 12032
5 108 6132
108 5 6132
5 109 14336
109 5 14336
5 111 27295
111 5 27295
5 114 27703
114 5 27703
5 115 15247
115 5 15247
5 116 29733
116 5 29733
5 118 17767
118 5 17767
5 119 24927
119 5 24927
5 120 25436
120 5 25436
5 121 15035
121 5 15035
5 122 1025
122 5 1025
5 123 2758
123 5 2758
5 124 26055
124 5 26055
5 125 347
125 5 347
5 126 11178
126 5 11178
5 131 11948
131 5 11948
5 133 20537
133 5 20537
5 134 477
134 5 477
5 135 25800
135 5 25800
5 138 20129
138 5 20129
5 139 22347
139 5 22347
5 140 25672
140 5 25672
5 141 15951
141 5 15951
5 142 4112
142 5 4112
5 148 12565
148 5 12565
5 151 3849
151 5 3849
5 153 16934
153 5 16934
5 154 3485
154 5 3485
5 155 3023
155 5 3023
5 156 15836
156 5 15836
5 157 11946
157 5 11946
5 158 7952
158 5 7952
5 160 25793
160 5 25793
5 166 16800
166 5 16800
5 169 1550
169 5 1550
5 170 17179
170 5 17179
5 173 2502
173 5 2502
5 174 24587
174 5 24587
5 177 22313
177 5 22313
5 178 28673
178 5 28673
5 180 11601
180 5 11601
5 181 9301
181 5 9301
5 182 13497
182 5 13497
5 183 12591
183 5 12591
5 184 15841
184 5 15841
5 186 9664
186 5 9664
5 187 26373
187 5 26373
5 188 16319
188 5 16319
5 189 21067
189 5 21067
5 191 23517
191 5 23517
5 192 15397
192 5 15397
5 193 18510
193 5 18510
5 194 17320
194 5 17320
5 195 2235
195 5 2235
5 197 13850
197 5 13850
5 199 898
199 5 898
6 8 17931
8 6 17931
6 11 27048
11 6 27048
6 12 5027
12 6 5027
6 14 7283
14 6 7283
6 15 20754
15 6 20754
6 17 14323
17 6 14323
6 18 4624
18 6 4624
6 21 5134
21 6 5134
6 23 1997
23 6 1997
6 28 11359
28 6 11359
6 30 2933
30 6 2933
6 31 2402
31 6 2402
6 35 23171
35 6 23171
6 36 16654
36 6 16654
6 37 27187
37 6 27187
6 39 22396
39 6 22396
6 40 19458
40 6 19458
6 41 13811
41 6 13811
6 45 2991
45 6 2991
6 46 24748
46 6 24748
6 48 2518
48 6 2518
6 49 1603
49 6 1603
6 50 24094
50 6 24094
6 51 25743
51 6 25743
6 53 2222
53 6 2222
6 55 1043
55 6 1043
6 56 20994
56 6 20994
6 59 26183
59 6 26183
6 60 24539
60 6 24539
6 62 25205
62 6 25205
6 64 29218
64 6 29218
6 65 4511
65 6 4511
6 69 16570
69 6 16570
6 75 24604
75 6 24604
6 77 25185
77 6 25185
6 78 14242
78 6 14242
6 79 27095
79 6 27095
6 81 20541
81 6 20541
6 85 23748
85 6 23748
6 86 13519
86 6 13519
6 88 25607
88 6 25607
6 90 21258
90 6 21258
6 91 20639
91 6 20639
6 96 8671
96 6 8671
6 100 4547
100 6 4547
6 107 8428
107 6 8428
6 109 8978
109 6 8978
6 110 10487
110 6 10487
6 112 15974
112 6 15974
6 113 22487
113 6 22487
6 114 12670
114 6 12670
6 115 22843
115 6 22843
6 117 18679
117 6 18679
6 122 20901
122 6 20901
6 123 12845
123 6 12845
6 125 17910
125 6 17910
6 126 9745
126 6 9745
6 127 5272
127 6 5272
6 128 22214
128 6 22214
6 133 8663
133 6 8663
6 134 16187
134 6 16187
6 135 29620
135 6 29620
6 136 1875
136 6 1875
6 144 8399
144 6 8399
6 145 2703
145 6 2703
6 147 7071
147 6 7071
6 148 27929
148 6 27929
6 151 1850
151 6 1850
6 152 28677
152 6 28677
6 154 28545
154 6 28545
6 158 22401
158 6 22401
6 159 22063
159 6 22063
6 162 28247
162 6 28247
6 164 29775
164 6 29775
6 165 27876
165 6 27876
6 168 25055
168 6 25055
6 169 25903
169 6 25903
6 170 14225
170 6 14225
6 172 13631
172 6 13631
6 176 12239
176 6 12239
6 177 26066
177 6 26066
6 179 22396
179 6 22396
6 181 8581
181 6 8581
6 183 297
183 6 297
6 190 11482
190 6 11482
6 194 4528
194 6 4528
6 198 25742
198 6 25742
7 10 8588
10 7 8588
7 11 10750
11 7 10750
7 14 17114
14 7 17114
7 17 21394
17 7 21394
7 19 14567
19 7 14567
7 25 28517
25 7 28517
7 27 8087
27 7 8087
7 28 14203
28 7 14203
7 29 1463
29 7 1463
7 31 13565
31 7 13565
7 34 20706
34 7 20706
7 36 25863
36 7 25863
7 37 2036
37 7 2036
7 39 25095
39 7 25095
7 40 16321
40 7 16321
7 44 20495
44 7 20495
7 46 8302
46 7 8302
7 51 22884
51 7 22884
7 53 22661
53 7 22661
7 55 19560
55 7 19560
7 64 29048
64 7 29048
7 65 20551
65 7 20551
7 67 23327
67 7 23327
7 70 750
70 7 750
7 73 20064
73 7 20064
7 74 15261
74 7 15261
7 75 12825
75 7 12825
7 77 8331
77 7 8331
7 78 28128
78 7 28128
7 80 19284
80 7 19284
7 83 2011
83 7 2011
7 88 13678
88 7 13678
7 89 17990
89 7 17990
7 91 6358
91 7 6358
7 93 12457
93 7 12457
7 94 28395
94 7 28395
7 95 9487
95 7 9487
7 103 20785
103 7 20785
7 105 9764
105 7 9764
7 106 19675
106 7 19675
7 107 15262
107 7 15262
7 111 26387
111 7 26387
7 115 27047
115 7 27047
7 118 28267
118 7 28267
7 119 4126
119 7 4126
7 123 5122
123 7 5122
7 124 10928
124 7 10928
7 125 4206
125 7 4206
7 126 26782
126 7 26782
7 127 3769
127 7 3769
7 129 23869
129 7 23869
7 130 15587
130 7 15587
7 132 27395
132 7 27395
7 133 26906
133 7 26906
7 134 15251
134 7 15251
7 138 24400
138 7 24400
7 139 2584
139 7 2584
7 140 8320
140 7 8320
7 142 7618
142 7 7618
7 143 23146
143 7 23146
7 147 7583
147 7 7583
7 149 18571
149 7 18571
7 151 14863
151 7 14863
7 152 2581
152 7 2581
7 153 13022
153 7 13022
7 155 28892
155 7 28892
7 158 16713
158 7 16713
7 160 28343
160 7 28343
7 162 8218
162 7 8218
7 163 2100
163 7 2100
7 164 27389
164 7 27389
7 166 25460
166 7 25460
7 168 25256
168 7 25256
7 171 14202
171 7 14202
7 172 3564
172 7 3564
7 175 15610
175 7 15610
7 176 7559
176 7 7559
7 177 22123
177 7 22123
7 179 11639
179 7 11639
7 180 25230
180 7 25230
7 181 17171
181 7 17171
7 182 16989
182 7 16989
7 183 6037
183 7 6037
7 185 29231
185 7 29231
7 187 6807
187 7 6807
7 188 18042
188 7 18042
7 189 16708
189 7 16708
7 192 23226
192 7 23226
7 193 23042
193 7 23042
7 194 9431
194 7 9431
7 195 22349
195 7 22349
7 196 5554
196 7 5554
7 197 1241
197 7 1241
7 198 24786
198 7 24786
7 199 19576
199 7 19576
8 10 22145
10 8 22145
8 14 17015
14 8 17015
8 15 12441
15 8 12441
8 20 3315
20 8 3315
8 22 16784
22 8 16784
8 23 25509
23 8 25509
8 26 24238
26 8 24238
8 28 8661
28 8 8661
8 31 14314
31 8 14314
8 35 1339
35 8 1339
8 36 11216
36 8 11216
8 38 14499
38 8 14499
8 39 13708
39 8 13708
8 41 12051
41 8 12051
8 44 25220
44 8 25220
8 45 22569
45 8 22569
8 46 6830
46 8 6830
8 47 21440
47 8 21440
8 48 14773
48 8 14773
8 50 7087
50 8 7087
8 52 5035
52 8 5035
8 54 8453
54 8 8453
8 55 16162
55 8 16162
8 56 27181
56 8 27181
8 59 27768
59 8 27768
8 64 18744
64 8 18744
8 66 10007
66 8 10007
8 67 22244
67 8 22244
8 70 1056
70 8 1056
8 71 8598
71 8 8598
8 72 14751
72 8 14751
8 73 7284
73 8 7284
8 74 9936
74 8 9936
8 75 28243
75 8 28243
8 76 27776
76 8 27776
8 79 18335
79 8 18335
8 86 5828
86 8 5828
8 87 18107
87 8 18107
8 88 9111
88 8 9111
8 91 11795
91 8 11795
8 92 9495
92 8 9495
8 93 16059
93 8 16059
8 94 3457
94 8 3457
8 95 5899
95 8 5899
8 96 10021
96 8 10021
8 97 14509
97 8 14509
8 101 2263
101 8 2263
8 102 10213
102 8 10213
8 103 4906
103 8 4906
8 104 9534
104 8 9534
8 106 21994
106 8 21994
8 109 19450
109 8 19450
8 110 4710
110 8 4710
8 112 6705
112 8 6705
8 113 20003
113 8 20003
8 114 744
114 8 744
8 117 1406
117 8 1406
8 118 4762
118 8 4762
8 119 21170
119 8 21170
8 122 28587
122 8 28587
8 123 8142
123 8 8142
8 127 21463
127 8 21463
8 130 19938
130 8 19938
8 131 1264
131 8 1264
8 138 16298
138 8 16298
8 139 20698
139 8 20698
8 141 3204
141 8 3204
8 147 3308
147 8 3308
8 150 7926
150 8 7926
8 152 7904
152 8 7904
8 153 14692
153 8 14692
8 155 14332
155 8 14332
8 157 14842
157 8 14842
8 163 2534
163 8 2534
8 169 7639
169 8 7639
8 171 1631
171 8 1631
8 172 8691
172 8 8691
8 173 19116
173 8 19116
8 176 18920
176 8 18920
8 177 9473
177 8 9473
8 179 10545
179 8 10545
8 180 27303
180 8 27303
8 181 28419
181 8 28419
8 182 13075
182 8 13075
8 183 18930
183 8 18930
8 184 27228
184 8 27228
8 190 24593
190 8 24593
8 191 24262
191 8 24262
8 192 25125
192 8 25125
8 199 12924
199 8 12924
9 11 14762
11 9 14762
9 12 4755
12 9 4755
9 14 19093
14 9 19093
9 20 4692
20 9 4692
9 22 1922
22 9 1922
9 25 15937
25 9 15937
9 26 5549
26 9 5549
9 28 8831
28 9 8831
9 29 17941
29 9 17941
9 32 4934
32 9 4934
9 36 19942
36 9 19942
9 38 4207
38 9 4207
9 39 5511
39 9 5511
9 42 21429
42 9 21429
9 44 28964
44 9 28964
9 45 20073
45 9 20073
9 46 4698
46 9 4698
9 48 14032
48 9 14032
9 49 28047
49 9 28047
9 50 6266
50 9 6266
9 51 11640
51 9 11640
9 52 13063
52 9 13063
9 55 4629
55 9 4629
9 57 3397
57 9 3397
9 58 7534
58 9 7534
9 60 18366
60 9 18366
9 61 3359
61 9 3359
9 64 161
64 9 161
9 65 18345
65 9 18345
9 66 11555
66 9 11555
9 68 26627
68 9 26627
9 69 22071
69 9 22071
9 70 22445
70 9 22445
9 71 4755
71 9 4755
9 73 18114
73 9 18114
9 75 4307
75 9 4307
9 79 17340
79 9 17340
9 81 27344
81 9 27344
9 88 16932
88 9 16932
9 90 15103
90 9 15103
9 91 5149
91 9 5149
9 94 24672
94 9 24672
9 95 12642
95 9 12642
9 96 25025
96 9 25025
9 98 6153
98 9 6153
9 99 15128
99 9 15128
9 102 23865
102 9 23865
9 104 4525
104 9 4525
9 105 3881
105 9 3881
9 107 3071
107 9 3071
9 110 29583
110 9 29583
9 113 22270
113 9 22270
9 114 6467
114 9 6467
9 115 21344
115 9 21344
9 116 3833
116 9 3833
9 117 5634
117 9 5634
9 118 9942
118 9 9942
9 119 8237
119 9 8237
9 121 20436
121 9 20436
9 122 5373
122 9 5373
9 123 16711
123 9 16711
9 126 24674
126 9 24674
9 129 9934
129 9 9934
9 130 2795
130 9 2795
9 131 15187
131 9 15187
9 132 2754
132 9 2754
9 133 11886
133 9 11886
9 134 10155
134 9 10155
9 135 19662
135 9 19662
9 136 4102
136 9 4102
9 137 26250
137 9 26250
9 138 23954
138 9 23954
9 142 17823
142 9 17823
9 145 8515
145 9 8515
9 146 108
146 9 108
9 149 14709
149 9 14709
9 150 11994
150 9 11994
9 151 17451
151 9 17451
9 154 7692
154 9 7692
9 155 16133
155 9 16133
9 156 21536
156 9 21536
9 157 20898
157 9 20898
9 158 15967
158 9 15967
9 159 4029
159 9 4029
9 164 29394
164 9 29394
9 165 18487
165 9 18487
9 167 22484
167 9 22484
9 170 22199
170 9 22199
9 173 18340
173 9 18340
9 174 15605
174 9 15605
9 178 19224
178 9 19224
9 183 24220
183 9 24220
9 184 28090
184 9 28090
9 190 20190
190 9 20190
9 191 9169
191 9 9169
9 192 20562
192 9 20562
9 193 18796
193 9 18796
9 197 19674
197 9 19674
9 198 7469
198 9 7469
10 11 2991
11 10 2991
10 13 27959
13 10 27959
10 14 17092
14 10 17092
10 16 2967
16 10 2967
10 18 25770
18 10 25770
10 19 10668
19 10 10668
10 22 3630
22 10 3630
10 23 14058
23 10 14058
10 24 19429
24 10 19429
10 26 2553
26 10 2553
10 31 11776
31 10 11776
10 33 6332
33 10 6332
10 34 11116
34 10 11116
10 36 2370
36 10 2370
10 37 11052
37 10 11052
10 38 13373
38 10 13373
10 40 6537
40 10 6537
10 41 26426
41 10 26426
10 42 5349
42 10 5349
10 43 19455
43 10 19455
10 44 2837
44 10 2837
10 47 26822
47 10 26822
10 50 1415
50 10 1415
10 53 21942
53 10 21942
10 55 26597
55 10 26597
10 56 16468
56 10 16468
10 62 8138
62 10 8138
10 65 19664
65 10 19664
10 66 18124
66 10 18124
10 67 10908
67 10 10908
10 68 9509
68 10 9509
10 72 20039
72 10 20039
10 73 18924
73 10 18924
10 74 8815
74 10 8815
10 75 9649
75 10 9649
10 79 3784
79 10 3784
10 80 8742
80 10 8742
10 83 14254
83 10 14254
10 84 1967
84 10 1967
10 85 28359
85 10 28359
10 88 3145
88 10 3145
10 91 29790
91 10 29790
10 93 18420
93 10 18420
10 95 23193
95 10 23193
10 96 9825
96 10 9825
10 102 6653
102 10 6653
10 105 25019
105 10 25019
10 106 25787
106 10 25787
10 109 5001
109 10 5001
10 110 7627
110 10 7627
10 113 25064
113 10 25064
10 114 6409
114 10 6409
10 116 19743
116 10 19743
10 117 20412
117 10 20412
10 119 21681
119 10 21681
10 120 6151
120 10 6151
10 121 23789
121 10 23789
10 123 13445
123 10 13445
10 125 9004
125 10 9004
10 126 25051
126 10 25051
10 129 15423
129 10 15423
10 130 4528
130 10 4528
10 132 5376
132 10 5376
10 136 29042
136 10 29042
10 137 4257
137 10 4257
10 139 98
139 10 98
10 140 10733
140 10 10733
10 141 9044
141 10 9044
10 143 9896
143 10 9896
10 145 8400
145 10 8400
10 147 23839
147 10 23839
10 148 17850
148 10 17850
10 152 2166
152 10 2166
10 154 9497
154 10 9497
10 155 25723
155 10 25723
10 156 24107
156 10 24107
10 161 11411
161 10 11411
10 162 8912
162 10 8912
10 163 2134
163 10 2134
10 166 25614
166 10 25614
10 167 28656
167 10 28656
10 168 6524
168 10 6524
10 170 3923
170 10 3923
10 171 26273
171 10 26273
10 172 8802
172 10 8802
10 173 12919
173 10 12919
10 176 29279
176 10 29279
10 177 14225
177 10 14225
10 181 8419
181 10 8419
10 183 12043
183 10 12043
10 187 3721
187 10 3721
10 188 16674
188 10 16674
10 190 26428
190 10 26428
10 192 14300
192 10 14300
11 13 1713
13 11 1713
11 16 6203
16 11 6203
11 17 7288
17 11 7288
11 18 19182
18 11 19182
11 20 23361
20 11 23361
11 21 22470
21 11 22470
11 23 1366
23 11 1366
11 24 20841
24 11 20841
11 25 23102
25 11 23102
11 26 24489
26 11 24489
11 27 18200
27 11 18200
11 29 9244
29 11 9244
11 32 2714
32 11 2714
11 34 28546
34 11 28546
11 37 24090
37 11 24090
11 38 16971
38 11 16971
11 40 24578
40 11 24578
11 41 19899
41 11 19899
11 43 10181
43 11 10181
11 45 20632
45 11 20632
11 46 26788
46 11 26788
11 48 22213
48 11 22213
11 50 4151
50 11 4151
11 53 16417
53 11 16417
11 54 25849
54 11 25849
11 55 1933
55 11 1933
11 56 10316
56 11 10316
11 58 2405
58 11 2405
11 59 11716
59 11 11716
11 61 28336
61 11 28336
11 65 27581
65 11 27581
11 67 25196
67 11 25196
11 68 15002
68 11 15002
11 70 19149
70 11 19149
11 72 2274
72 11 2274
11 73 4222
73 11 4222
11 74 16438
74 11 16438
11 76 28977
76 11 28977
11 78 7691
78 11 7691
11 79 28718
79 11 28718
11 80 21484
80 11 21484
11 82 12907
82 11 12907
11 83 17595
83 11 17595
11 85 4781
85 11 4781
11 86 23998
86 11 23998
11 87 6075
87 11 6075
11 89 17034
89 11 17034
11 90 4284
90 11 4284
11 91 24542
91 11 24542
11 93 28698
93 11 28698
11 98 13243
98 11 13243
11 101 24679
101 11 24679
11 104 18634
104 11 18634
11 108 12277
108 11 12277
11 109 604
109 11 604
11 111 17166
111 11 17166
11 114 12700
114 11 12700
11 116 22909
116 11 22909
11 118 17999
118 11 17999
11 124 24072
124 11 24072
11 125 7846
125 11 7846
11 126 1105
126 11 1105
11 131 27273
131 11 27273
11 133 13222
133 11 13222
11 135 13677
135 11 13677
11 137 18385
137 11 18385
11 138 4735
138 11 4735
11 140 17159
140 11 17159
11 141 11033
141 11 11033
11 142 29374
142 11 29374
11 143 675
143 11 675
11 144 5410
144 11 5410
11 145 23987
145 11 23987
11 148 18791
148 11 18791
11 150 19799
150 11 19799
11 152 16730
152 11 16730
11 154 11372
154 11 11372
11 155 18436
155 11 18436
11 157 2652
157 11 2652
11 158 20805
158 11 20805
11 159 24162
159 11 24162
11 162 5567
162 11 5567
11 163 27401
163 11 27401
11 164 2598
164 11 2598
11 165 1858
165 11 1858
11 166 12227
166 11 12227
11 167 13515
167 11 13515
11 171 14414
171 11 14414
11 172 3443
172 11 3443
11 174 22359
174 11 22359
11 176 7141
176 11 7141
11 179 598
179 11 598
11 180 23099
180 11 23099
11 181 13861
181 11 13861
11 184 29255
184 11 29255
11 187 1173
187 11 1173
11 189 3343
189 11 3343
11 195 14820
195 11 14820
11 198 12275
198 11 12275
11 199 14322
199 11 14322
12 13 20545
13 12 20545
12 15 6578
15 12 6578
12 16 12706
16 12 12706
12 20 7184
20 12 7184
12 21 18655
21 12 18655
12 22 6382
22 12 6382
12 23 23705
23 12 23705
12 24 20940
24 12 20940
12 25 26545
25 12 26545
12 27 27084
27 12 27084
12 29 28141
29 12 28141
12 30 25368
30 12 25368
12 32 23391
32 12 23391
12 33 11121
33 12 11121
12 34 3722
34 12 3722
12 35 20887
35 12 20887
12 37 28151
37 12 28151
12 38 23104
38 12 23104
12 40 9297
40 12 9297
12 42 19476
42 12 19476
12 43 4277
43 12 4277
12 44 17325
44 12 17325
12 45 16097
45 12 16097
12 48 667
48 12 667
12 49 8200
49 12 8200
12 51 307
51 12 307
12 54 755
54 12 755
12 55 19493
55 12 19493
12 61 11849
61 12 11849
12 63 20757
63 12 20757
12 64 15688
64 12 15688
12 67 16880
67 12 16880
12 69 15660
69 12 15660
12 70 18951
70 12 18951
12 74 2776
74 12 2776
12 76 3295
76 12 3295
12 79 25950
79 12 25950
12 80 3932
80 12 3932
12 81 10939
81 12 10939
12 83 15694
83 12 15694
12 85 6812
85 12 6812
12 89 29088
89 12 29088
12 91 3488
91 12 3488
12 93 29225
93 12 29225
12 96 28390
96 12 28390
12 99 1563
99 12 1563
12 100 18243
100 12 18243
12 101 3887
101 12 3887
12 103 906
103 12 906
12 105 1483
105 12 1483
12 106 20674
106 12 20674
12 107 12889
107 12 12889
12 108 15985
108 12 15985
12 109 16312
109 12 16312
12 110 29013
110 12 29013
12 112 10203
112 12 10203
12 113 13491
113 12 13491
12 114 13996
114 12 13996
12 115 929
115 12 929
12 117 5758
117 12 5758
12 120 16646
120 12 16646
12 124 15130
124 12 15130
12 126 21905
126 12 21905
12 127 25349
127 12 25349
12 128 14292
128 12 14292
12 130 17684
130 12 17684
12 133 19274
133 12 19274
12 134 18307
134 12 18307
12 136 17492
136 12 17492
12 138 17173
138 12 17173
12 140 418
140 12 418
12 141 23162
141 12 23162
12 142 4463
142 12 4463
12 143 4110
143 12 4110
12 144 6627
144 12 6627
12 147 1009
147 12 1009
12 149 4630
149 12 4630
12 150 22993
150 12 22993
12 151 23792
151 12 23792
12 152 14076
152 12 14076
12 157 25115
157 12 25115
12 159 20039
159 12 20039
12 160 25924
160 12 25924
12 165 8710
165 12 8710
12 166 12189
166 12 12189
12 167 14010
167 12 14010
12 168 12036
168 12 12036
12 170 6164
170 12 6164
12 171 3299
171 12 3299
12 176 13910
176 12 13910
12 183 11321
183 12 11321
12 185 8200
185 12 8200
12 186 20444
186 12 20444
12 190 26868
190 12 26868
12 191 21706
191 12 21706
12 193 5338
193 12 5338
12 194 17777
194 12 17777
12 196 15579
196 12 15579
12 197 8094
197 12 8094
12 198 5705
198 12 5705
13 14 23174
14 13 23174
13 16 16398
16 13 16398
13 18 10776
18 13 10776
13 20 20292
20 13 20292
13 24 27771
24 13 27771
13 25 20487
25 13 20487
13 28 21260
28 13 21260
13 29 3864
29 13 3864
13 31 22095
31 13 22095
13 32 3073
32 13 3073
13 33 23190
33 13 23190
13 34 11190
34 13 11190
13 38 22983
38 13 22983
13 39 22388
39 13 22388
13 40 19738
40 13 19738
13 42 29268
42 13 29268
13 43 9627
43 13 9627
13 44 5439
44 13 5439
13 45 28865
45 13 28865
13 47 20264
47 13 20264
13 48 16616
48 13 16616
13 49 5280
49 13 5280
13 51 14245
51 13 14245
13 53 9604
53 13 9604
13 54 28292
54 13 28292
13 56 7883
56 13 7883
13 57 11976
57 13 11976
13 58 13625
58 13 13625
13 59 2610
59 13 2610
13 61 26902
61 13 26902
13 62 16407
62 13 16407
13 63 4601
63 13 4601
13 64 4077
64 13 4077
13 65 25897
65 13 25897
13 66 16850
66 13 16850
13 67 4334
67 13 4334
13 69 21397
69 13 21397
13 72 21611
72 13 21611
13 75 6361
75 13 6361
13 79 9659
79 13 9659
13 81 6186
81 13 6186
13 82 2799
82 13 2799
13 83 21921
83 13 21921
13 84 1932
84 13 1932
13 85 26650
85 13 26650
13 94 22579
94 13 22579
13 95 20926
95 13 20926
13 98 9666
98 13 9666
13 99 5299
99 13 5299
13 100 20646
100 13 20646
13 101 17390
101 13 17390
13 104 206
104 13 206
13 107 22530
107 13 22530
13 110 15721
110 13 15721
13 111 23246
111 13 23246
13 112 25836
112 13 25836
13 113 8669
113 13 8669
13 115 25969
115 13 25969
13 117 26342
117 13 26342
13 118 2980
118 13 2980
13 122 18692
122 13 18692
13 124 8264
124 13 8264
13 126 13774
126 13 13774
13 128 25812
128 13 25812
13 129 1403
129 13 1403
13 131 8187
131 13 8187
13 132 9161
132 13 9161
13 138 3228
138 13 3228
13 145 29477
145 13 29477
13 149 7730
149 13 7730
13 151 25470
151 13 25470
13 153 9665
153 13 9665
13 156 5780
156 13 5780
13 157 16376
157 13 16376
13 158 3853
158 13 3853
13 162 19064
162 13 19064
13 164 19254
164 13 19254
13 165 19300
165 13 19300
13 167 25448
167 13 25448
13 169 12535
169 13 12535
13 170 12665
170 13 12665
13 173 12143
173 13 12143
13 174 14187
174 13 14187
13 177 1536
177 13 1536
13 179 10788
179 13 10788
13 180 3433
180 13 3433
13 181 27156
181 13 27156
13 182 25311
182 13 25311
13 183 23829
183 13 23829
13 184 14556
184 13 14556
13 185 12130
185 13 12130
13 187 17638
187 13 17638
13 188 26037
188 13 26037
13 192 10122
192 13 10122
14 18 17022
18 14 17022
14 21 8604
21 14 8604
14 25 24228
25 14 24228
14 31 29106
31 14 29106
14 32 13142
32 14 13142
14 34 12694
34 14 12694
14 36 21348
36 14 21348
14 38 17754
38 14 17754
14 39 12124
39 14 12124
14 41 13276
41 14 13276
14 44 16770
44 14 16770
14 45 4022
45 14 4022
14 46 2181
46 14 2181
14 47 24886
47 14 24886
14 51 28027
51 14 28027
14 52 11497
52 14 11497
14 54 3069
54 14 3069
14 55 13545
55 14 13545
14 57 24664
57 14 24664
14 58 4044
58 14 4044
14 60 19141
60 14 19141
14 62 29719
62 14 29719
14 63 12788
63 14 12788
14 66 28151
66 14 28151
14 68 18021
68 14 18021
14 69 6562
69 14 6562
14 70 20600
70 14 20600
14 72 12621
72 14 12621
14 80 15162
80 14 15162
14 82 4920
82 14 4920
14 83 11403
83 14 11403
14 87 12664
87 14 12664
14 90 9668
90 14 9668
14 91 22411
91 14 22411
14 92 17276
92 14 17276
14 93 11713
93 14 11713
14 94 14194
94 14 14194
14 95 18862
95 14 18862
14 98 20371
98 14 20371
14 101 18859
101 14 18859
14 103 16346
103 14 16346
14 104 22762
104 14 22762
14 110 9807
110 14 9807
14 112 23917
112 14 23917
14 113 57
113 14 57
14 114 24622
114 14 24622
14 117 21395
117 14 21395
14 118 25094
118 14 25094
14 120 10039
120 14 10039
14 121 3734
121 14 3734
14 124 26091
124 14 26091
14 125 12489
125 14 12489
14 126 21337
126 14 21337
14 128 2324
128 14 2324
14 131 7141
131 14 7141
14 133 29508
133 14 29508
14 137 14298
137 14 14298
14 138 8406
138 14 8406
14 139 4506
139 14 4506
14 142 11135
142 14 11135
14 145 24049
145 14 24049
14 147 24921
147 14 24921
14 148 1682
148 14 1682
14 149 7727
149 14 7727
14 151 4592
151 14 4592
14 154 27617
154 14 27617
14 155 6715
155 14 6715
14 156 24706
156 14 24706
14 157 14633
157 14 14633
14 159 8906
159 14 8906
14 164 23445
164 14 23445
14 167 256
167 14 256
14 168 4918
168 14 4918
14 170 29010
170 14 29010
14 171 5459
171 14 5459
14 172 11879
172 14 11879
14 175 20209
175 14 20209
14 177 17281
177 14 17281
14 178 7761
178 14 7761
14 179 14849
179 14 14849
14 180 23140
180 14 23140
14 181 10937
181 14 10937
14 182 15119
182 14 15119
14 183 15678
183 14 15678
14 184 22033
184 14 22033
14 186 5937
186 14 5937
14 187 7184
187 14 7184
14 188 12157
188 14 12157
14 191 23264
191 14 23264
14 192 1913
192 14 1913
14 193 1389
193 14 1389
14 195 2348
195 14 2348
14 197 13027
197 14 13027
14 198 18707
198 14 18707
14 199 21877
199 14 21877
15 17 10894
17 15 10894
15 18 322
18 15 322
15 20 2203
20 15 2203
15 23 24212
23 15 24212
15 24 24629
24 15 24629
15 25 1754
25 15 1754
15 26 24645
26 15 24645
15 27 7570
27 15 7570
15 28 18450
28 15 18450
15 30 19577
30 15 19577
15 32 12086
32 15 12086
15 34 8579
34 15 8579
15 38 6758
38 15 6758
15 40 11057
40 15 11057
15 41 23391
41 15 23391
15 47 23380
47 15 23380
15 51 20121
51 15 20121
15 57 17176
57 15 17176
15 58 4113
58 15 4113
15 60 15050
60 15 15050
15 66 22319
66 15 22319
15 68 28744
68 15 28744
15 69 20589
69 15 20589
15 70 29745
70 15 29745
15 71 17881
71 15 17881
15 72 14744
72 15 14744
15 74 24957
74 15 24957
15 75 6168
75 15 6168
15 76 7380
76 15 7380
15 77 11391
77 15 11391
15 80 18658
80 15 18658
15 82 10252
82 15 10252
15 84 20458
84 15 20458
15 85 20477
85 15 20477
15 87 27792
87 15 27792
15 90 4382
90 15 4382
15 91 8263
91 15 8263
15 92 20045
92 15 20045
15 93 24697
93 15 24697
15 95 28157
95 15 28157
15 97 7801
97 15 7801
15 98 17230
98 15 17230
15 102 25431
102 15 25431
15 103 12307
103 15 12307
15 104 14617
104 15 14617
15 106 956
106 15 956
15 107 23846
107 15 23846
15 108 16710
108 15 16710
15 109 17215
109 15 17215
15 110 19343
110 15 19343
15 112 500
112 15 500
15 113 23736
113 15 23736
15 114 10741
114 15 10741
15 116 26044
116 15 26044
15 117 5378
117 15 5378
15 118 12163
118 15 12163
15 119 2748
119 15 2748
15 120 15127
120 15 15127
15 121 10780
121 15 10780
15 124 28430
124 15 28430
15 125 7345
125 15 7345
15 129 7758
129 15 7758
15 131 13884
131 15 13884
15 132 14129
132 15 14129
15 133 416
133 15 416
15 141 26555
141 15 26555
15 143 1382
143 15 1382
15 145 22086
145 15 22086
15 146 17396
146 15 17396
15 147 15505
147 15 15505
15 148 1464
148 15 1464
15 152 10351
152 15 10351
15 154 2531
154 15 2531
15 156 12954
156 15 12954
15 157 20801
157 15 20801
15 162 27726
162 15 27726
15 164 22770
164 15 22770
15 165 17350
165 15 17350
15 169 4483
169 15 4483
15 170 16540
170 15 16540
15 172 9269
172 15 9269
15 173 1671
173 15 1671
15 176 21116
176 15 21116
15 178 14294
178 15 14294
15 184 3382
184 15 3382
15 187 10819
187 15 10819
15 192 10755
192 15 10755
15 194 29050
194 15 29050
15 195 6685
195 15 6685
16 19 25686
19 16 25686
16 24 7352
24 16 7352
16 25 10718
25 16 10718
16 26 7623
26 16 7623
16 29 24597
29 16 24597
16 30 2123
30 16 2123
16 32 24187
32 16 24187
16 34 8358
34 16 8358
16 37 15940
37 16 15940
16 38 12137
38 16 12137
16 39 495
39 16 495
16 40 8878
40 16 8878
16 41 3005
41 16 3005
16 43 6892
43 16 6892
16 50 25355
50 16 25355
16 51 27464
51 16 27464
16 53 23329
53 16 23329
16 54 12524
54 16 12524
16 55 11961
55 16 11961
16 56 1082
56 16 1082
16 58 13641
58 16 13641
16 59 20958
59 16 20958
16 60 9070
60 16 9070
16 61 8104
61 16 8104
16 62 24857
62 16 24857
16 63 5295
63 16 5295
16 64 23767
64 16 23767
16 67 21281
67 16 21281
16 68 856
68 16 856
16 70 19174
70 16 19174
16 73 8736
73 16 8736
16 75 21902
75 16 21902
16 76 695
76 16 695
16 78 1103
78 16 1103
16 79 22637
79 16 22637
16 83 26694
83 16 26694
16 86 18289
86 16 18289
16 87 25780
87 16 25780
16 88 13537
88 16 13537
16 89 13201
89 16 13201
16 91 2070
91 16 2070
16 94 11838
94 16 11838
16 96 15809
96 16 15809
16 97 10645
97 16 10645
16 98 7578
98 16 7578
16 99 25016
99 16 25016
16 100 5229
100 16 5229
16 106 14829
106 16 14829
16 110 12987
110 16 12987
16 112 11390
112 16 11390
16 113 2490
113 16 2490
16 114 21149
114 16 21149
16 115 8345
115 16 8345
16 116 16562
116 16 16562
16 117 7802
117 16 7802
16 119 10771
119 16 10771
16 120 25244
120 16 25244
16 122 19827
122 16 19827
16 124 4230
124 16 4230
16 125 3215
125 16 3215
16 126 3293
126 16 3293
16 131 4633
131 16 4633
16 134 17462
134 16 17462
16 136 1148
136 16 1148
16 139 26929
139 16 26929
16 140 2062
140 16 2062
16 142 9797
142 16 9797
16 143 10347
143 16 10347
16 144 8444
144 16 8444
16 145 9294
145 16 9294
16 146 14870
146 16 14870
16 147 16058
147 16 16058
16 148 10537
148 16 10537
16 149 16706
149 16 16706
16 154 1557
154 16 1557
16 155 27660
155 16 27660
16 158 4024
158 16 4024
16 160 13421
160 16 13421
16 163 18371
163 16 18371
16 164 17142
164 16 17142
16 165 21275
165 16 21275
16 166 29312
166 16 29312
16 168 15324
168 16 15324
16 169 6297
169 16 6297
16 175 3421
175 16 3421
16 177 4628
177 16 4628
16 180 2346
180 16 2346
16 181 26027
181 16 26027
16 182 7265
182 16 7265
16 186 13790
186 16 13790
16 190 6111
190 16 6111
16 191 6993
191 16 6993
16 193 29818
193 16 29818
16 195 4161
195 16 4161
16 196 7832
196 16 7832
17 18 13410
18 17 13410
17 22 11442
22 17 11442
17 23 10408
23 17 10408
17 26 25163
26 17 25163
17 27 28805
27 17 28805
17 29 14284
29 17 14284
17 31 27252
31 17 27252
17 35 17365
35 17 17365
17 36 2205
36 17 2205
17 40 19640
40 17 19640
17 41 25374
41 17 25374
17 43 15438
43 17 15438
17 45 5260
45 17 5260
17 46 19430
46 17 19430
17 47 26191
47 17 26191
17 48 17154
48 17 17154
17 51 23463
51 17 23463
17 52 15313
52 17 15313
17 53 27933
53 17 27933
17 54 2141
54 17 2141
17 55 29588
55 17 29588
17 56 15941
56 17 15941
17 59 2033
59 17 2033
17 60 15204
60 17 15204
17 61 10410
61 17 10410
17 65 14296
65 17 14296
17 67 8013
67 17 8013
17 68 22349
68 17 22349
17 70 14599
70 17 14599
17 72 22690
72 17 22690
17 74 21526
74 17 21526
17 78 25140
78 17 25140
17 79 9123
79 17 9123
17 80 14501
80 17 14501
17 83 2556
83 17 2556
17 84 18289
84 17 18289
17 92 26702
92 17 26702
17 93 18287
93 17 18287
17 94 16903
94 17 16903
17 95 21971
95 17 21971
17 97 5878
97 17 5878
17 98 676
98 17 676
17 100 12646
100 17 12646
17 102 22257
102 17 22257
17 106 4465
106 17 4465
17 109 13409
109 17 13409
17 115 10807
115 17 10807
17 119 579
119 17 579
17 120 15198
120 17 15198
17 121 2571
121 17 2571
17 122 17406
122 17 17406
17 123 8794
123 17 8794
17 124 1600
124 17 1600
17 129 23691
129 17 23691
17 131 178
131 17 178
17 132 4701
132 17 4701
17 133 8845
133 17 8845
17 135 18325
135 17 18325
17 137 16495
137 17 16495
17 140 25254
140 17 25254
17 141 28386
141 17 28386
17 142 17429
142 17 17429
17 143 11864
143 17 11864
17 144 22375
144 17 22375
17 145 8030
145 17 8030
17 149 8056
149 17 8056
17 150 998
150 17 998
17 152 27413
152 17 27413
17 153 15035
153 17 15035
17 155 29826
155 17 29826
17 156 6028
156 17 6028
17 157 15818
157 17 15818
17 158 8848
158 17 8848
17 160 20559
160 17 20559
17 166 17639
166 17 17639
17 172 14875
172 17 14875
17 173 17364
173 17 17364
17 174 19997
174 17 19997
17 177 28041
177 17 28041
17 180 20883
180 17 20883
17 181 16875
181 17 16875
17 182 15912
182 17 15912
17 185 17615
185 17 17615
17 186 20901
186 17 20901
17 187 12284
187 17 12284
17 192 10609
192 17 10609
17 193 19749
193 17 19749
17 194 1041
194 17 1041
17 196 18420
196 17 18420
17 198 16245
198 17 16245
18 21 2333
21 18 2333
18 22 28760
22 18 28760
18 23 27545
23 18 27545
18 24 9015
24 18 9015
18 26 22074
26 18 22074
18 27 23840
