200 39800 160
0 1 37784
1 0 37784
0 2 53515
2 0 53515
0 3 28796
3 0 28796
0 4 42188
4 0 42188
0 5 8933
5 0 8933
0 6 16449
6 0 16449
0 7 43762
7 0 43762
0 8 27546
8 0 27546
0 9 20058
9 0 20058
0 10 41832
10 0 41832
0 11 42024
11 0 42024
0 12 23482
12 0 23482
0 13 820
13 0 820
0 14 32700
14 0 32700
0 15 43348
15 0 43348
0 16 1605
16 0 1605
0 17 46785
17 0 46785
0 18 15960
18 0 15960
0 19 48299
19 0 48299
0 20 42336
20 0 42336
0 21 54059
21 0 54059
0 22 32470
22 0 32470
0 23 24522
23 0 24522
0 24 6474
24 0 6474
0 25 45822
25 0 45822
0 26 48025
26 0 48025
0 27 5255
27 0 5255
0 28 26969
28 0 26969
0 29 2421
29 0 2421
0 30 24694
30 0 24694
0 31 55246
31 0 55246
0 32 29243
32 0 29243
0 33 36350
33 0 36350
0 34 806
34 0 806
0 35 47669
35 0 47669
0 36 42038
36 0 42038
0 37 16980
37 0 16980
0 38 18614
38 0 18614
0 39 34722
39 0 34722
0 40 50211
40 0 50211
0 41 36667
41 0 36667
0 42 41756
42 0 41756
0 43 27823
43 0 27823
0 44 7767
44 0 7767
0 45 26991
45 0 26991
0 46 41396
46 0 41396
0 47 54278
47 0 54278
0 48 21164
48 0 21164
0 49 9158
49 0 9158
0 50 30647
50 0 30647
0 51 8079
51 0 8079
0 52 32357
52 0 32357
0 53 50979
53 0 50979
0 54 22731
54 0 22731
0 55 46812
55 0 46812
0 56 26839
56 0 26839
0 57 46410
57 0 46410
0 58 39395
58 0 39395
0 59 20541
59 0 20541
0 60 6726
60 0 6726
0 61 45522
61 0 45522
0 62 54386
62 0 54386
0 63 24431
63 0 24431
0 64 58361
64 0 58361
0 65 22825
65 0 22825
0 66 25058
66 0 25058
0 67 19654
67 0 19654
0 68 16557
68 0 16557
0 69 30262
69 0 30262
0 70 33006
70 0 33006
0 71 25140
71 0 25140
0 72 28825
72 0 28825
0 73 39116
73 0 39116
0 74 14056
74 0 14056
0 75 21479
75 0 21479
0 76 55187
76 0 55187
0 77 19558
77 0 19558
0 78 37941
78 0 37941
0 79 28722
79 0 28722
0 80 10793
80 0 10793
0 81 38705
81 0 38705
0 82 17697
82 0 17697
0 83 23763
83 0 23763
0 84 59538
84 0 59538
0 85 19250
85 0 19250
0 86 2773
86 0 2773
0 87 54725
87 0 54725
0 88 5302
88 0 5302
0 89 45878
89 0 45878
0 90 1867
90 0 1867
0 91 27754
91 0 27754
0 92 14174
92 0 14174
0 93 11436
93 0 11436
0 94 12971
94 0 12971
0 95 29805
95 0 29805
0 96 47931
96 0 47931
0 97 12515
97 0 12515
0 98 32372
98 0 32372
0 99 3595
99 0 3595
0 100 24948
100 0 24948
0 101 8440
101 0 8440
0 102 27535
102 0 27535
0 103 37360
103 0 37360
0 104 38495
104 0 38495
0 105 6010
105 0 6010
0 106 50334
106 0 50334
0 107 45987
107 0 45987
0 108 50749
108 0 50749
0 109 56091
109 0 56091
0 110 18569
110 0 18569
0 111 34970
111 0 34970
0 112 31917
112 0 31917
0 113 37016
113 0 37016
0 114 16657
114 0 16657
0 115 23414
115 0 23414
0 116 45548
116 0 45548
0 117 30936
117 0 30936
0 118 36800
118 0 36800
0 119 4003
119 0 4003
0 120 18502
120 0 18502
0 121 44332
121 0 44332
0 122 41656
122 0 41656
0 123 31384
123 0 31384
0 124 56591
124 0 56591
0 125 31559
125 0 31559
0 126 22645
126 0 22645
0 127 15863
127 0 15863
0 128 17577
128 0 17577
0 129 42918
129 0 42918
0 130 44961
130 0 44961
0 131 54010
131 0 54010
0 132 13757
132 0 13757
0 133 3046
133 0 3046
0 134 32011
134 0 32011
0 135 56156
135 0 56156
0 136 33698
136 0 33698
0 137 36899
137 0 36899
0 138 34220
138 0 34220
0 139 42065
139 0 42065
0 140 37661
140 0 37661
0 141 3839
141 0 3839
0 142 1461
142 0 1461
0 143 23274
143 0 23274
0 144 29042
144 0 29042
0 145 19706
145 0 19706
0 146 23085
146 0 23085
0 147 10397
147 0 10397
0 148 20883
148 0 20883
0 149 328
149 0 328
0 150 25086
150 0 25086
0 151 48951
151 0 48951
0 152 25757
152 0 25757
0 153 8155
153 0 8155
0 154 18781
154 0 18781
0 155 29098
155 0 29098
0 156 48622
156 0 48622
0 157 1381
157 0 1381
0 158 22303
158 0 22303
0 159 18666
159 0 18666
0 160 4104
160 0 4104
0 161 31960
161 0 31960
0 162 38481
162 0 38481
0 163 1136
163 0 1136
0 164 34272
164 0 34272
0 165 41966
165 0 41966
0 166 46571
166 0 46571
0 167 43031
167 0 43031
0 168 14093
168 0 14093
0 169 53208
169 0 53208
0 170 14643
170 0 14643
0 171 49650
171 0 49650
0 172 57165
172 0 57165
0 173 35180
173 0 35180
0 174 10227
174 0 10227
0 175 9754
175 0 9754
0 176 47939
176 0 47939
0 177 52241
177 0 52241
0 178 57825
178 0 57825
0 179 21822
179 0 21822
0 180 40052
180 0 40052
0 181 22378
181 0 22378
0 182 3352
182 0 3352
0 183 53033
183 0 53033
0 184 39515
184 0 39515
0 185 17869
185 0 17869
0 186 51025
186 0 51025
0 187 624
187 0 624
0 188 2094
188 0 2094
0 189 46671
189 0 46671
0 190 5951
190 0 5951
0 191 9718
191 0 9718
0 192 27485
192 0 27485
0 193 22247
193 0 22247
0 194 1596
194 0 1596
0 195 5895
195 0 5895
0 196 54487
196 0 54487
0 197 2685
197 0 2685
0 198 26369
198 0 26369
0 199 7386
199 0 7386
1 2 4034
2 1 4034
1 3 18150
3 1 18150
1 4 4570
4 1 4570
1 5 47229
5 1 47229
1 6 17197
6 1 17197
1 7 45023
7 1 45023
1 8 28950
8 1 28950
1 9 9555
9 1 9555
1 10 6426
10 1 6426
1 11 7047
11 1 7047
1 12 38007
12 1 38007
1 13 51867
13 1 51867
1 14 43891
14 1 43891
1 15 51473
15 1 51473
1 16 56250
16 1 56250
1 17 20724
17 1 20724
1 18 44287
18 1 44287
1 19 56437
19 1 56437
1 20 1947
20 1 1947
1 21 331
21 1 331
1 22 2489
22 1 2489
1 23 13261
23 1 13261
1 24 3421
24 1 3421
1 25 28627
25 1 28627
1 26 18996
26 1 18996
1 27 6864
27 1 6864
1 28 19168
28 1 19168
1 29 16815
29 1 16815
1 30 580
30 1 580
1 31 32424
31 1 32424
1 32 43103
32 1 43103
1 33 50898
33 1 50898
1 34 50752
34 1 50752
1 35 11405
35 1 11405
1 36 8957
36 1 8957
1 37 53105
37 1 53105
1 38 16712
38 1 16712
1 39 21527
39 1 21527
1 40 44389
40 1 44389
1 41 8065
41 1 8065
1 42 23759
42 1 23759
1 43 30858
43 1 30858
1 44 15394
44 1 15394
1 45 26511
45 1 26511
1 46 7078
46 1 7078
1 47 18309
47 1 18309
1 48 18023
48 1 18023
1 49 46001
49 1 46001
1 50 47138
50 1 47138
1 51 53637
51 1 53637
1 52 225
52 1 225
1 53 29143
53 1 29143
1 54 20224
54 1 20224
1 55 22959
55 1 22959
1 56 46558
56 1 46558
1 57 34630
57 1 34630
1 58 28227
58 1 28227
1 59 30119
59 1 30119
1 60 32268
60 1 32268
1 61 16508
61 1 16508
1 62 19448
62 1 19448
1 63 32688
63 1 32688
1 64 25790
64 1 25790
1 65 16623
65 1 16623
1 66 2288
66 1 2288
1 67 8357
67 1 8357
1 68 46780
68 1 46780
1 69 33000
69 1 33000
1 70 1249
70 1 1249
1 71 45212
71 1 45212
1 72 53995
72 1 53995
1 73 21790
73 1 21790
1 74 14215
74 1 14215
1 75 29672
75 1 29672
1 76 33164
76 1 33164
1 77 24112
77 1 24112
1 78 24863
78 1 24863
1 79 3199
79 1 3199
1 80 25712
80 1 25712
1 81 45165
81 1 45165
1 82 46286
82 1 46286
1 83 58094
83 1 58094
1 84 8256
84 1 8256
1 85 29124
85 1 29124
1 86 56556
86 1 56556
1 87 32167
87 1 32167
1 88 33030
88 1 33030
1 89 51987
89 1 51987
1 90 8452
90 1 8452
1 91 57318
91 1 57318
1 92 59059
92 1 59059
1 93 52105
93 1 52105
1 94 39303
94 1 39303
1 95 35598
95 1 35598
1 96 32466
96 1 32466
1 97 20374
97 1 20374
1 98 47688
98 1 47688
1 99 40409
99 1 40409
1 100 32461
100 1 32461
1 101 17908
101 1 17908
1 102 51529
102 1 51529
1 103 22739
103 1 22739
1 104 45631
104 1 45631
1 105 53660
105 1 53660
1 106 4909
106 1 4909
1 107 45216
107 1 45216
1 108 2930
108 1 2930
1 109 45304
109 1 45304
1 110 52698
110 1 52698
1 111 4073
111 1 4073
1 112 31656
112 1 31656
1 113 40851
113 1 40851
1 114 59125
114 1 59125
1 115 30224
115 1 30224
1 116 4738
116 1 4738
1 117 47717
117 1 47717
1 118 7035
118 1 7035
1 119 52712
119 1 52712
1 120 58168
120 1 58168
1 121 48060
121 1 48060
1 122 22675
122 1 22675
1 123 47463
123 1 47463
1 124 36279
124 1 36279
1 125 30306
125 1 30306
1 126 23823
126 1 23823
1 127 1196
127 1 1196
1 128 30322
128 1 30322
1 129 48296
129 1 48296
1 130 24316
130 1 24316
1 131 24478
131 1 24478
1 132 7571
132 1 7571
1 133 23406
133 1 23406
1 134 486
134 1 486
1 135 40225
135 1 40225
1 136 35438
136 1 35438
1 137 30703
137 1 30703
1 138 28288
138 1 28288
1 139 4646
139 1 4646
1 140 45855
140 1 45855
1 141 51943
141 1 51943
1 142 33464
142 1 33464
1 143 11682
143 1 11682
1 144 40948
144 1 40948
1 145 14922
145 1 14922
1 146 48361
146 1 48361
1 147 17714
147 1 17714
1 148 8443
148 1 8443
1 149 2749
149 1 2749
1 150 48881
150 1 48881
1 151 4186
151 1 4186
1 152 29074
152 1 29074
1 153 46487
153 1 46487
1 154 42917
154 1 42917
1 155 46701
155 1 46701
1 156 59236
156 1 59236
1 157 57120
157 1 57120
1 158 29895
158 1 29895
1 159 19522
159 1 19522
1 160 45408
160 1 45408
1 161 49804
161 1 49804
1 162 20141
162 1 20141
1 163 1150
163 1 1150
1 164 26414
164 1 26414
1 165 56253
165 1 56253
1 166 7009
166 1 7009
1 167 38977
167 1 38977
1 168 51963
168 1 51963
1 169 28030
169 1 28030
1 170 16624
170 1 16624
1 171 12577
171 1 12577
1 172 33262
172 1 33262
1 173 14343
173 1 14343
1 174 16915
174 1 16915
1 175 49488
175 1 49488
1 176 30969
176 1 30969
1 177 7685
177 1 7685
1 178 10634
178 1 10634
1 179 51856
179 1 51856
1 180 50737
180 1 50737
1 181 47993
181 1 47993
1 182 43645
182 1 43645
1 183 31091
183 1 31091
1 184 46339
184 1 46339
1 185 7631
185 1 7631
1 186 47708
186 1 47708
1 187 28342
187 1 28342
1 188 22520
188 1 22520
1 189 8412
189 1 8412
1 190 28587
190 1 28587
1 191 37345
191 1 37345
1 192 40693
192 1 40693
1 193 52764
193 1 52764
1 194 11846
194 1 11846
1 195 57200
195 1 57200
1 196 58303
196 1 58303
1 197 8260
197 1 8260
1 198 1217
198 1 1217
1 199 29805
199 1 29805
2 3 47628
3 2 47628
2 4 6329
4 2 6329
2 5 3622
5 2 3622
2 6 38664
6 2 38664
2 7 34044
7 2 34044
2 8 31818
8 2 31818
2 9 25186
9 2 25186
2 10 50672
10 2 50672
2 11 34332
11 2 34332
2 12 54011
12 2 54011
2 13 24123
13 2 24123
2 14 1292
14 2 1292
2 15 19659
15 2 19659
2 16 49109
16 2 49109
2 17 3892
17 2 3892
2 18 14761
18 2 14761
2 19 51049
19 2 51049
2 20 35689
20 2 35689
2 21 12785
21 2 12785
2 22 31602
22 2 31602
2 23 13277
23 2 13277
2 24 4368
24 2 4368
2 25 21356
25 2 21356
2 26 13123
26 2 13123
2 27 2788
27 2 2788
2 28 337
28 2 337
2 29 43969
29 2 43969
2 30 23943
30 2 23943
2 31 14131
31 2 14131
2 32 49091
32 2 49091
2 33 6170
33 2 6170
2 34 25992
34 2 25992
2 35 47078
35 2 47078
2 36 39459
36 2 39459
2 37 19858
37 2 19858
2 38 7032
38 2 7032
2 39 47210
39 2 47210
2 40 5545
40 2 5545
2 41 58821
41 2 58821
2 42 49303
42 2 49303
2 43 12539
43 2 12539
2 44 17204
44 2 17204
2 45 53394
45 2 53394
2 46 34793
46 2 34793
2 47 21798
47 2 21798
2 48 10674
48 2 10674
2 49 19722
49 2 19722
2 50 10487
50 2 10487
2 51 22170
51 2 22170
2 52 50219
52 2 50219
2 53 45211
53 2 45211
2 54 14579
54 2 14579
2 55 29656
55 2 29656
2 56 44005
56 2 44005
2 57 29860
57 2 29860
2 58 11740
58 2 11740
2 59 10868
59 2 10868
2 60 1846
60 2 1846
2 61 41956
61 2 41956
2 62 15071
62 2 15071
2 63 12792
63 2 12792
2 64 21280
64 2 21280
2 65 1813
65 2 1813
2 66 45231
66 2 45231
2 67 33846
67 2 33846
2 68 34626
68 2 34626
2 69 25297
69 2 25297
2 70 41775
70 2 41775
2 71 41139
71 2 41139
2 72 8590
72 2 8590
2 73 43636
73 2 43636
2 74 48092
74 2 48092
2 75 59159
75 2 59159
2 76 38719
76 2 38719
2 77 39663
77 2 39663
2 78 56539
78 2 56539
2 79 22398
79 2 22398
2 80 8363
80 2 8363
2 81 44446
81 2 44446
2 82 43822
82 2 43822
2 83 44734
83 2 44734
2 84 17512
84 2 17512
2 85 54675
85 2 54675
2 86 40496
86 2 40496
2 87 577
87 2 577
2 88 40647
88 2 40647
2 89 42073
89 2 42073
2 90 29893
90 2 29893
2 91 39012
91 2 39012
2 92 6607
92 2 6607
2 93 5025
93 2 5025
2 94 53760
94 2 53760
2 95 49958
95 2 49958
2 96 54321
96 2 54321
2 97 10084
97 2 10084
2 98 47977
98 2 47977
2 99 13753
99 2 13753
2 100 26467
100 2 26467
2 101 51833
101 2 51833
2 102 32195
102 2 32195
2 103 54381
103 2 54381
2 104 42473
104 2 42473
2 105 25816
105 2 25816
2 106 44776
106 2 44776
2 107 33330
107 2 33330
2 108 17720
108 2 17720
2 109 38872
109 2 38872
2 110 37888
110 2 37888
2 111 52401
111 2 52401
2 112 16662
112 2 16662
2 113 15714
113 2 15714
2 114 44693
114 2 44693
2 115 30660
115 2 30660
2 116 22712
116 2 22712
2 117 36514
117 2 36514
2 118 16063
118 2 16063
2 119 35833
119 2 35833
2 120 15327
120 2 15327
2 121 28126
121 2 28126
2 122 38675
122 2 38675
2 123 25009
123 2 25009
2 124 8670
124 2 8670
2 125 17873
125 2 17873
2 126 29454
126 2 29454
2 127 18578
127 2 18578
2 128 46911
128 2 46911
2 129 1227
129 2 1227
2 130 35040
130 2 35040
2 131 17831
131 2 17831
2 132 8562
132 2 8562
2 133 59685
133 2 59685
2 134 14091
134 2 14091
2 135 16737
135 2 16737
2 136 9425
136 2 9425
2 137 16163
137 2 16163
2 138 38058
138 2 38058
2 139 58425
139 2 58425
2 140 1142
140 2 1142
2 141 26543
141 2 26543
2 142 11789
142 2 11789
2 143 21431
143 2 21431
2 144 20690
144 2 20690
2 145 53965
145 2 53965
2 146 3405
146 2 3405
2 147 31881
147 2 31881
2 148 28601
148 2 28601
2 149 40772
149 2 40772
2 150 27691
150 2 27691
2 151 23531
151 2 23531
2 152 38268
152 2 38268
2 153 12348
153 2 12348
2 154 40714
154 2 40714
2 155 32722
155 2 32722
2 156 51837
156 2 51837
2 157 1563
157 2 1563
2 158 42342
158 2 42342
2 159 36821
159 2 36821
2 160 39584
160 2 39584
2 161 48301
161 2 48301
2 162 15267
162 2 15267
2 163 5725
163 2 5725
2 164 1384
164 2 1384
2 165 32277
165 2 32277
2 166 24674
166 2 24674
2 167 53942
167 2 53942
2 168 39150
168 2 39150
2 169 22113
169 2 22113
2 170 20360
170 2 20360
2 171 54900
171 2 54900
2 172 24153
172 2 24153
2 173 42882
173 2 42882
2 174 5592
174 2 5592
2 175 7006
175 2 7006
2 176 22098
176 2 22098
2 177 2571
177 2 2571
2 178 14363
178 2 14363
2 179 33097
179 2 33097
2 180 11761
180 2 11761
2 181 34978
181 2 34978
2 182 29990
182 2 29990
2 183 21965
183 2 21965
2 184 48475
184 2 48475
2 185 19274
185 2 19274
2 186 29390
186 2 29390
2 187 45927
187 2 45927
2 188 18389
188 2 18389
2 189 53795
189 2 53795
2 190 47598
190 2 47598
2 191 42733
191 2 42733
2 192 56651
192 2 56651
2 193 34510
193 2 34510
2 194 55583
194 2 55583
2 195 20227
195 2 20227
2 196 44635
196 2 44635
2 197 4436
197 2 4436
2 198 14164
198 2 14164
2 199 24295
199 2 24295
3 4 7328
4 3 7328
3 5 41364
5 3 41364
3 6 44677
6 3 44677
3 7 35188
7 3 35188
3 8 4913
8 3 4913
3 9 1830
9 3 1830
3 10 11990
10 3 11990
3 11 46913
11 3 46913
3 12 18124
12 3 18124
3 13 11238
13 3 11238
3 14 18448
14 3 18448
3 15 9831
15 3 9831
3 16 41874
16 3 41874
3 17 48030
17 3 48030
3 18 22002
18 3 22002
3 19 17691
19 3 17691
3 20 58318
20 3 58318
3 21 17320
21 3 17320
3 22 3695
22 3 3695
3 23 35936
23 3 35936
3 24 51219
24 3 51219
3 25 38568
25 3 38568
3 26 45661
26 3 45661
3 27 27522
27 3 27522
3 28 26531
28 3 26531
3 29 11743
29 3 11743
3 30 55591
30 3 55591
3 31 18225
31 3 18225
3 32 30059
32 3 30059
3 33 21806
33 3 21806
3 34 7252
34 3 7252
3 35 35058
35 3 35058
3 36 18445
36 3 18445
3 37 47752
37 3 47752
3 38 42247
38 3 42247
3 39 19877
39 3 19877
3 40 47883
40 3 47883
3 41 4826
41 3 4826
3 42 37832
42 3 37832
3 43 33386
43 3 33386
3 44 56650
44 3 56650
3 45 51831
45 3 51831
3 46 7541
46 3 7541
3 47 40388
47 3 40388
3 48 41944
48 3 41944
3 49 42404
49 3 42404
3 50 46067
50 3 46067
3 51 4881
51 3 4881
3 52 59592
52 3 59592
3 53 41132
53 3 41132
3 54 48545
54 3 48545
3 55 21742
55 3 21742
3 56 37497
56 3 37497
3 57 20474
57 3 20474
3 58 44373
58 3 44373
3 59 38183
59 3 38183
3 60 6914
60 3 6914
3 61 23745
61 3 23745
3 62 53088
62 3 53088
3 63 24446
63 3 24446
3 64 17317
64 3 17317
3 65 50917
65 3 50917
3 66 31174
66 3 31174
3 67 33708
67 3 33708
3 68 19958
68 3 19958
3 69 51274
69 3 51274
3 70 7412
70 3 7412
3 71 35588
71 3 35588
3 72 40554
72 3 40554
3 73 15015
73 3 15015
3 74 31808
74 3 31808
3 75 2344
75 3 2344
3 76 54193
76 3 54193
3 77 25137
77 3 25137
3 78 34703
78 3 34703
3 79 9651
79 3 9651
3 80 48710
80 3 48710
3 81 5635
81 3 5635
3 82 33644
82 3 33644
3 83 45844
83 3 45844
3 84 45095
84 3 45095
3 85 31188
85 3 31188
3 86 26707
86 3 26707
3 87 40297
87 3 40297
3 88 46470
88 3 46470
3 89 15047
89 3 15047
3 90 51272
90 3 51272
3 91 54840
91 3 54840
3 92 17179
92 3 17179
3 93 10385
93 3 10385
3 94 12572
94 3 12572
3 95 26407
95 3 26407
3 96 6738
96 3 6738
3 97 58302
97 3 58302
3 98 40167
98 3 40167
3 99 15274
99 3 15274
3 100 41035
100 3 41035
3 101 13582
101 3 13582
3 102 34676
102 3 34676
3 103 8954
103 3 8954
3 104 39544
104 3 39544
3 105 53998
105 3 53998
3 106 58884
106 3 58884
3 107 4559
107 3 4559
3 108 8680
108 3 8680
3 109 19455
109 3 19455
3 110 53391
110 3 53391
3 111 569
111 3 569
3 112 56478
112 3 56478
3 113 23503
113 3 23503
3 114 53310
114 3 53310
3 115 5359
115 3 5359
3 116 8966
116 3 8966
3 117 5325
117 3 5325
3 118 36342
118 3 36342
3 119 49958
119 3 49958
3 120 12843
120 3 12843
3 121 44500
121 3 44500
3 122 11699
122 3 11699
3 123 9641
123 3 9641
3 124 52115
124 3 52115
3 125 53427
125 3 53427
3 126 21984
126 3 21984
3 127 55711
127 3 55711
3 128 32877
128 3 32877
3 129 48801
129 3 48801
3 130 9493
130 3 9493
3 131 38711
131 3 38711
3 132 41897
132 3 41897
3 133 31088
133 3 31088
3 134 28513
134 3 28513
3 135 13170
135 3 13170
3 136 29148
136 3 29148
3 137 27975
137 3 27975
3 138 15233
138 3 15233
3 139 32351
139 3 32351
3 140 242
140 3 242
3 141 10531
141 3 10531
3 142 15558
142 3 15558
3 143 29384
143 3 29384
3 144 8339
144 3 8339
3 145 56778
145 3 56778
3 146 41561
146 3 41561
3 147 27494
147 3 27494
3 148 18359
148 3 18359
3 149 42346
149 3 42346
3 150 44321
150 3 44321
3 151 40507
151 3 40507
3 152 41314
152 3 41314
3 153 54737
153 3 54737
3 154 39694
154 3 39694
3 155 52931
155 3 52931
3 156 21400
156 3 21400
3 157 43883
157 3 43883
3 158 14331
158 3 14331
3 159 48307
159 3 48307
3 160 48197
160 3 48197
3 161 20116
161 3 20116
3 162 37076
162 3 37076
3 163 296
163 3 296
3 164 4916
164 3 4916
3 165 16701
165 3 16701
3 166 56913
166 3 56913
3 167 16974
167 3 16974
3 168 15099
168 3 15099
3 169 2279
169 3 2279
3 170 2706
170 3 2706
3 171 15615
171 3 15615
3 172 39736
172 3 39736
3 173 13247
173 3 13247
3 174 38561
174 3 38561
3 175 21503
175 3 21503
3 176 16415
176 3 16415
3 177 35452
177 3 35452
3 178 33145
178 3 33145
3 179 47718
179 3 47718
3 180 20276
180 3 20276
3 181 51503
181 3 51503
3 182 34032
182 3 34032
3 183 16366
183 3 16366
3 184 20050
184 3 20050
3 185 41876
185 3 41876
3 186 743
186 3 743
3 187 52767
187 3 52767
3 188 5324
188 3 5324
3 189 59073
189 3 59073
3 190 10082
190 3 10082
3 191 57566
191 3 57566
3 192 14548
192 3 14548
3 193 58809
193 3 58809
3 194 7984
194 3 7984
3 195 31724
195 3 31724
3 196 3656
196 3 3656
3 197 14147
197 3 14147
3 198 24084
198 3 24084
3 199 33022
199 3 33022
4 5 846
5 4 846
4 6 31093
6 4 31093
4 7 28690
7 4 28690
4 8 19103
8 4 19103
4 9 44086
9 4 44086
4 10 5652
10 4 5652
4 11 24408
11 4 24408
4 12 7025
12 4 7025
4 13 15751
13 4 15751
4 14 6871
14 4 6871
4 15 25615
15 4 25615
4 16 27796
16 4 27796
4 17 23319
17 4 23319
4 18 17213
18 4 17213
4 19 36444
19 4 36444
4 20 49160
20 4 49160
4 21 23025
21 4 23025
4 22 15225
22 4 15225
4 23 54325
23 4 54325
4 24 22979
24 4 22979
4 25 39738
25 4 39738
4 26 32223
26 4 32223
4 27 19036
27 4 19036
4 28 45085
28 4 45085
4 29 40057
29 4 40057
4 30 46166
30 4 46166
4 31 14109
31 4 14109
4 32 47498
32 4 47498
4 33 40264
33 4 40264
4 34 8979
34 4 8979
4 35 56065
35 4 56065
4 36 58893
36 4 58893
4 37 38484
37 4 38484
4 38 53207
38 4 53207
4 39 56070
39 4 56070
4 40 55309
40 4 55309
4 41 39164
41 4 39164
4 42 9744
42 4 9744
4 43 51996
43 4 51996
4 44 33455
44 4 33455
4 45 44201
45 4 44201
4 46 32959
46 4 32959
4 47 6870
47 4 6870
4 48 8260
48 4 8260
4 49 40078
49 4 40078
4 50 18280
50 4 18280
4 51 40904
51 4 40904
4 52 12339
52 4 12339
4 53 28155
53 4 28155
4 54 26191
54 4 26191
4 55 12697
55 4 12697
4 56 12387
56 4 12387
4 57 3822
57 4 3822
4 58 39503
58 4 39503
4 59 43830
59 4 43830
4 60 46982
60 4 46982
4 61 11608
61 4 11608
4 62 6293
62 4 6293
4 63 823
63 4 823
4 64 38306
64 4 38306
4 65 16803
65 4 16803
4 66 12774
66 4 12774
4 67 744
67 4 744
4 68 33408
68 4 33408
4 69 47256
69 4 47256
4 70 32480
70 4 32480
4 71 14852
71 4 14852
4 72 49996
72 4 49996
4 73 52188
73 4 52188
4 74 42975
74 4 42975
4 75 1674
75 4 1674
4 76 13742
76 4 13742
4 77 38028
77 4 38028
4 78 29462
78 4 29462
4 79 23485
79 4 23485
4 80 51608
80 4 51608
4 81 5317
81 4 5317
4 82 9780
82 4 9780
4 83 48603
83 4 48603
4 84 34046
84 4 34046
4 85 53866
85 4 53866
4 86 29853
86 4 29853
4 87 42631
87 4 42631
4 88 33111
88 4 33111
4 89 1358
89 4 1358
4 90 19963
90 4 19963
4 91 6465
91 4 6465
4 92 39297
92 4 39297
4 93 3763
93 4 3763
4 94 14833
94 4 14833
4 95 50598
95 4 50598
4 96 48351
96 4 48351
4 97 9095
97 4 9095
4 98 7102
98 4 7102
4 99 22267
99 4 22267
4 100 45128
100 4 45128
4 101 37221
101 4 37221
4 102 40467
102 4 40467
4 103 11604
103 4 11604
4 104 36809
104 4 36809
4 105 5961
105 4 5961
4 106 56650
106 4 56650
4 107 22958
107 4 22958
4 108 45523
108 4 45523
4 109 47400
109 4 47400
4 110 19135
110 4 19135
4 111 48149
111 4 48149
4 112 54343
112 4 54343
4 113 28233
113 4 28233
4 114 27757
114 4 27757
4 115 45919
115 4 45919
4 116 23827
116 4 23827
4 117 29215
117 4 29215
4 118 33905
118 4 33905
4 119 10602
119 4 10602
4 120 8566
120 4 8566
4 121 40835
121 4 40835
4 122 50607
122 4 50607
4 123 18295
123 4 18295
4 124 52832
124 4 52832
4 125 26779
125 4 26779
4 126 55062
126 4 55062
4 127 42760
127 4 42760
4 128 13385
128 4 13385
4 129 1669
129 4 1669
4 130 53349
130 4 53349
4 131 52746
131 4 52746
4 132 18879
132 4 18879
4 133 41590
133 4 41590
4 134 15173
134 4 15173
4 135 38856
135 4 38856
4 136 55508
136 4 55508
4 137 33318
137 4 33318
4 138 4891
138 4 4891
4 139 41510
139 4 41510
4 140 37989
140 4 37989
4 141 31376
141 4 31376
4 142 59584
142 4 59584
4 143 579
143 4 579
4 144 41562
144 4 41562
4 145 19962
145 4 19962
4 146 45155
146 4 45155
4 147 43703
147 4 43703
4 148 18367
148 4 18367
4 149 22506
149 4 22506
4 150 48897
150 4 48897
4 151 5641
151 4 5641
4 152 51983
152 4 51983
4 153 43461
153 4 43461
4 154 2828
154 4 2828
4 155 7023
155 4 7023
4 156 23512
156 4 23512
4 157 47461
157 4 47461
4 158 16249
158 4 16249
4 159 6844
159 4 6844
4 160 49097
160 4 49097
4 161 20721
161 4 20721
4 162 6077
162 4 6077
4 163 42369
163 4 42369
4 164 26383
164 4 26383
4 165 41662
165 4 41662
4 166 3837
166 4 3837
4 167 35111
167 4 35111
4 168 15312
168 4 15312
4 169 38043
169 4 38043
4 170 32873
170 4 32873
4 171 33297
171 4 33297
4 172 37484
172 4 37484
4 173 14863
173 4 14863
4 174 16181
174 4 16181
4 175 35746
175 4 35746
4 176 36615
176 4 36615
4 177 10136
177 4 10136
4 178 36139
178 4 36139
4 179 10478
179 4 10478
4 180 1237
180 4 1237
4 181 50636
181 4 50636
4 182 49145
182 4 49145
4 183 58402
183 4 58402
4 184 8657
184 4 8657
4 185 51266
185 4 51266
4 186 42818
186 4 42818
4 187 10440
187 4 10440
4 188 44784
188 4 44784
4 189 43839
189 4 43839
4 190 32014
190 4 32014
4 191 12994
191 4 12994
4 192 42235
192 4 42235
4 193 32869
193 4 32869
4 194 5607
194 4 5607
4 195 49391
195 4 49391
4 196 336
196 4 336
4 197 41148
197 4 41148
4 198 24821
198 4 24821
4 199 4257
199 4 4257
5 6 19766
6 5 19766
5 7 13688
7 5 13688
5 8 43332
8 5 43332
5 9 12254
9 5 12254
5 10 1312
10 5 1312
5 11 16404
11 5 16404
5 12 28914
12 5 28914
5 13 22675
13 5 22675
5 14 53305
14 5 53305
5 15 17610
15 5 17610
5 16 41485
16 5 41485
5 17 52608
17 5 52608
5 18 44851
18 5 44851
5 19 1714
19 5 1714
5 20 51931
20 5 51931
5 21 49445
21 5 49445
5 22 25051
22 5 25051
5 23 39803
23 5 39803
5 24 2782
24 5 2782
5 25 42118
25 5 42118
5 26 8283
26 5 8283
5 27 29071
27 5 29071
5 28 3581
28 5 3581
5 29 20630
29 5 20630
5 30 41525
30 5 41525
5 31 38422
31 5 38422
5 32 27697
32 5 27697
5 33 30751
33 5 30751
5 34 47465
34 5 47465
5 35 46575
35 5 46575
5 36 8681
36 5 8681
5 37 21446
37 5 21446
5 38 28915
38 5 28915
5 39 19285
39 5 19285
5 40 24386
40 5 24386
5 41 37346
41 5 37346
5 42 54436
42 5 54436
5 43 48354
43 5 48354
5 44 30179
44 5 30179
5 45 16078
45 5 16078
5 46 16474
46 5 16474
5 47 32054
47 5 32054
5 48 24069
48 5 24069
5 49 18488
49 5 18488
5 50 27849
50 5 27849
5 51 23146
51 5 23146
5 52 31776
52 5 31776
5 53 31412
53 5 31412
5 54 56774
54 5 56774
5 55 24099
55 5 24099
5 56 2847
56 5 2847
5 57 36617
57 5 36617
5 58 43856
58 5 43856
5 59 56602
59 5 56602
5 60 21699
60 5 21699
5 61 26997
61 5 26997
5 62 45482
62 5 45482
5 63 35911
63 5 35911
5 64 25129
64 5 25129
5 65 4462
65 5 4462
5 66 55952
66 5 55952
5 67 35588
67 5 35588
5 68 11187
68 5 11187
5 69 20811
69 5 20811
5 70 54010
70 5 54010
5 71 49651
71 5 49651
5 72 22916
72 5 22916
5 73 37662
73 5 37662
5 74 2791
74 5 2791
5 75 54192
75 5 54192
5 76 57552
76 5 57552
5 77 1638
77 5 1638
5 78 46279
78 5 46279
5 79 20718
79 5 20718
5 80 29916
80 5 29916
5 81 56663
81 5 56663
5 82 23976
82 5 23976
5 83 3015
83 5 3015
5 84 53773
84 5 53773
5 85 25649
85 5 25649
5 86 34264
86 5 34264
5 87 51425
87 5 51425
5 88 37372
88 5 37372
5 89 43912
89 5 43912
5 90 35698
90 5 35698
5 91 39746
91 5 39746
5 92 17586
92 5 17586
5 93 54816
93 5 54816
5 94 21448
94 5 21448
5 95 46525
95 5 46525
5 96 30460
96 5 30460
5 97 34256
97 5 34256
5 98 58427
98 5 58427
5 99 24550
99 5 24550
5 100 19290
100 5 19290
5 101 19208
101 5 19208
5 102 59441
102 5 59441
5 103 16026
103 5 16026
5 104 7460
104 5 7460
5 105 44037
105 5 44037
5 106 54817
106 5 54817
5 107 2588
107 5 2588
5 108 28740
108 5 28740
5 109 11357
109 5 11357
5 110 53600
110 5 53600
5 111 35587
111 5 35587
5 112 47901
112 5 47901
5 113 46423
113 5 46423
5 114 48637
114 5 48637
5 115 4361
115 5 4361
5 116 25855
116 5 25855
5 117 27936
117 5 27936
5 118 43855
118 5 43855
5 119 53032
119 5 53032
5 120 10142
120 5 10142
5 121 35016
121 5 35016
5 122 45887
122 5 45887
5 123 29166
123 5 29166
5 124 28000
124 5 28000
5 125 23317
125 5 23317
5 126 48595
126 5 48595
5 127 5716
127 5 5716
5 128 1405
128 5 1405
5 129 8867
129 5 8867
5 130 3153
130 5 3153
5 131 16792
131 5 16792
5 132 37838
132 5 37838
5 133 4217
133 5 4217
5 134 50403
134 5 50403
5 135 8546
135 5 8546
5 136 16879
136 5 16879
5 137 34934
137 5 34934
5 138 12321
138 5 12321
5 139 5767
139 5 5767
5 140 55857
140 5 55857
5 141 44042
141 5 44042
5 142 9519
142 5 9519
5 143 21902
143 5 21902
5 144 35626
144 5 35626
5 145 32834
145 5 32834
5 146 13595
146 5 13595
5 147 50378
147 5 50378
5 148 29378
148 5 29378
5 149 8092
149 5 8092
5 150 50344
150 5 50344
5 151 50224
151 5 50224
5 152 52710
152 5 52710
5 153 46028
153 5 46028
5 154 11882
154 5 11882
5 155 26483
155 5 26483
5 156 39319
156 5 39319
5 157 41460
157 5 41460
5 158 50672
158 5 50672
5 159 1567
159 5 1567
5 160 21291
160 5 21291
5 161 38403
161 5 38403
5 162 45088
162 5 45088
5 163 47460
163 5 47460
5 164 6058
164 5 6058
5 165 58252
165 5 58252
5 166 51874
166 5 51874
5 167 17315
167 5 17315
5 168 51895
168 5 51895
5 169 53195
169 5 53195
5 170 5293
170 5 5293
5 171 18316
171 5 18316
5 172 53773
172 5 53773
5 173 17612
173 5 17612
5 174 18048
174 5 18048
5 175 36081
175 5 36081
5 176 7179
176 5 7179
5 177 46675
177 5 46675
5 178 44051
178 5 44051
5 179 24956
179 5 24956
5 180 31158
180 5 31158
5 181 24216
181 5 24216
5 182 522
182 5 522
5 183 39791
183 5 39791
5 184 36569
184 5 36569
5 185 2997
185 5 2997
5 186 19849
186 5 19849
5 187 12256
187 5 12256
5 188 58379
188 5 58379
5 189 27294
189 5 27294
5 190 10657
190 5 10657
5 191 29658
191 5 29658
5 192 45251
192 5 45251
5 193 47285
193 5 47285
5 194 1084
194 5 1084
5 195 31782
195 5 31782
5 196 472
196 5 472
5 197 30102
197 5 30102
5 198 18971
198 5 18971
5 199 18023
199 5 18023
6 7 45148
7 6 45148
6 8 57801
8 6 57801
6 9 39331
9 6 39331
6 10 52806
10 6 52806
6 11 54720
11 6 54720
6 12 44268
12 6 44268
6 13 42626
13 6 42626
6 14 32332
14 6 32332
6 15 52339
15 6 52339
6 16 29701
16 6 29701
6 17 10740
17 6 10740
6 18 17942
18 6 17942
6 19 42593
19 6 42593
6 20 36186
20 6 36186
6 21 53044
21 6 53044
6 22 48856
22 6 48856
6 23 37695
23 6 37695
6 24 33840
24 6 33840
6 25 11521
25 6 11521
6 26 13739
26 6 13739
6 27 9929
27 6 9929
6 28 35257
28 6 35257
6 29 18091
29 6 18091
6 30 52931
30 6 52931
6 31 10999
31 6 10999
6 32 45368
32 6 45368
6 33 1023
33 6 1023
6 34 4208
34 6 4208
6 35 39983
35 6 39983
6 36 7114
36 6 7114
6 37 26494
37 6 26494
6 38 5226
38 6 5226
6 39 2156
39 6 2156
6 40 28636
40 6 28636
6 41 32666
41 6 32666
6 42 32687
42 6 32687
6 43 39729
43 6 39729
6 44 33340
44 6 33340
6 45 35645
45 6 35645
6 46 14783
46 6 14783
6 47 41829
47 6 41829
6 48 28317
48 6 28317
6 49 24575
49 6 24575
6 50 58566
50 6 58566
6 51 15082
51 6 15082
6 52 50091
52 6 50091
6 53 41138
53 6 41138
6 54 32002
54 6 32002
6 55 41989
55 6 41989
6 56 55087
56 6 55087
6 57 59120
57 6 59120
6 58 39920
58 6 39920
6 59 6764
59 6 6764
6 60 19486
60 6 19486
6 61 41981
61 6 41981
6 62 41293
62 6 41293
6 63 49771
63 6 49771
6 64 43801
64 6 43801
6 65 42894
65 6 42894
6 66 4345
66 6 4345
6 67 51327
67 6 51327
6 68 6763
68 6 6763
6 69 5091
69 6 5091
6 70 58606
70 6 58606
6 71 42702
71 6 42702
6 72 55298
72 6 55298
6 73 51445
73 6 51445
6 74 27645
74 6 27645
6 75 29489
75 6 29489
6 76 9286
76 6 9286
6 77 46182
77 6 46182
6 78 18486
78 6 18486
6 79 28199
79 6 28199
6 80 40102
80 6 40102
6 81 32040
81 6 32040
6 82 14992
82 6 14992
6 83 38533
83 6 38533
6 84 28534
84 6 28534
6 85 48713
85 6 48713
6 86 55812
86 6 55812
6 87 10107
87 6 10107
6 88 27488
88 6 27488
6 89 17916
89 6 17916
6 90 57850
90 6 57850
6 91 4914
91 6 4914
6 92 53863
92 6 53863
6 93 23867
93 6 23867
6 94 47911
94 6 47911
6 95 7309
95 6 7309
6 96 15910
96 6 15910
6 97 7366
97 6 7366
6 98 7443
98 6 7443
6 99 37427
99 6 37427
6 100 41158
100 6 41158
6 101 2093
101 6 2093
6 102 4018
102 6 4018
6 103 15706
103 6 15706
6 104 55326
104 6 55326
6 105 49958
105 6 49958
6 106 13040
106 6 13040
6 107 8541
107 6 8541
6 108 22418
108 6 22418
6 109 15928
109 6 15928
6 110 6926
110 6 6926
6 111 59294
111 6 59294
6 112 6359
112 6 6359
6 113 11943
113 6 11943
6 114 39397
114 6 39397
6 115 19713
115 6 19713
6 116 42288
116 6 42288
6 117 25104
117 6 25104
6 118 36919
118 6 36919
6 119 15099
119 6 15099
6 120 28594
120 6 28594
6 121 40229
121 6 40229
6 122 4633
122 6 4633
6 123 27917
123 6 27917
6 124 40482
124 6 40482
6 125 9692
125 6 9692
6 126 6728
126 6 6728
6 127 38062
127 6 38062
6 128 50451
128 6 50451
6 129 52010
129 6 52010
6 130 12586
130 6 12586
6 131 28148
131 6 28148
6 132 2602
132 6 2602
6 133 21440
133 6 21440
6 134 12270
134 6 12270
6 135 44077
135 6 44077
6 136 33433
136 6 33433
6 137 28746
137 6 28746
6 138 1100
138 6 1100
6 139 43860
139 6 43860
6 140 42037
140 6 42037
6 141 22650
141 6 22650
6 142 13195
142 6 13195
6 143 9774
143 6 9774
6 144 35902
144 6 35902
6 145 16232
145 6 16232
6 146 12179
146 6 12179
6 147 38981
147 6 38981
6 148 50654
148 6 50654
6 149 29723
149 6 29723
6 150 43438
150 6 43438
6 151 51068
151 6 51068
6 152 34240
152 6 34240
6 153 44329
153 6 44329
6 154 57556
154 6 57556
6 155 34437
155 6 34437
6 156 24784
156 6 24784
6 157 33010
157 6 33010
6 158 2289
158 6 2289
6 159 6145
159 6 6145
6 160 19225
160 6 19225
6 161 45958
161 6 45958
6 162 12806
162 6 12806
6 163 15031
163 6 15031
6 164 48083
164 6 48083
6 165 20401
165 6 20401
6 166 55047
166 6 55047
6 167 56834
167 6 56834
6 168 17875
168 6 17875
6 169 25129
169 6 25129
6 170 22898
170 6 22898
6 171 55472
171 6 55472
6 172 38480
172 6 38480
6 173 57172
173 6 57172
6 174 38561
174 6 38561
6 175 5840
175 6 5840
6 176 33000
176 6 33000
6 177 22660
177 6 22660
6 178 12201
178 6 12201
6 179 8047
179 6 8047
6 180 28287
180 6 28287
6 181 10436
181 6 10436
6 182 37699
182 6 37699
6 183 58099
183 6 58099
6 184 28814
184 6 28814
6 185 56270
185 6 56270
6 186 16326
186 6 16326
6 187 44855
187 6 44855
6 188 33714
188 6 33714
6 189 58031
189 6 58031
6 190 26311
190 6 26311
6 191 42334
191 6 42334
6 192 34343
192 6 34343
6 193 32366
193 6 32366
6 194 31687
194 6 31687
6 195 34917
195 6 34917
6 196 10213
196 6 10213
6 197 28073
197 6 28073
6 198 57548
198 6 57548
6 199 6478
199 6 6478
7 8 220
8 7 220
7 9 58693
9 7 58693
7 10 40835
10 7 40835
7 11 7361
11 7 7361
7 12 57645
12 7 57645
7 13 48428
13 7 48428
7 14 24078
14 7 24078
7 15 43086
15 7 43086
7 16 10194
16 7 10194
7 17 36279
17 7 36279
7 18 13080
18 7 13080
7 19 40907
19 7 40907
7 20 45207
20 7 45207
7 21 41675
21 7 41675
7 22 25122
22 7 25122
7 23 7543
23 7 7543
7 24 14896
24 7 14896
7 25 24809
25 7 24809
7 26 56973
26 7 56973
7 27 56425
27 7 56425
7 28 34485
28 7 34485
7 29 50316
29 7 50316
7 30 20602
30 7 20602
7 31 57709
31 7 57709
7 32 15839
32 7 15839
7 33 52560
33 7 52560
7 34 50089
34 7 50089
7 35 24593
35 7 24593
7 36 11644
36 7 11644
7 37 21458
37 7 21458
7 38 37693
38 7 37693
7 39 44548
39 7 44548
7 40 8258
40 7 8258
7 41 38360
41 7 38360
7 42 41201
42 7 41201
7 43 19453
43 7 19453
7 44 58515
44 7 58515
7 45 22553
45 7 22553
7 46 48789
46 7 48789
7 47 1951
47 7 1951
7 48 57545
48 7 57545
7 49 25514
49 7 25514
7 50 48055
50 7 48055
7 51 40247
51 7 40247
7 52 42418
52 7 42418
7 53 47590
53 7 47590
7 54 24871
54 7 24871
7 55 53621
55 7 53621
7 56 35592
56 7 35592
7 57 10190
57 7 10190
7 58 12021
58 7 12021
7 59 32396
59 7 32396
7 60 58898
60 7 58898
7 61 13378
61 7 13378
7 62 48806
62 7 48806
7 63 6709
63 7 6709
7 64 30756
64 7 30756
7 65 18861
65 7 18861
7 66 57925
66 7 57925
7 67 56970
67 7 56970
7 68 41047
68 7 41047
7 69 12976
69 7 12976
7 70 46541
70 7 46541
7 71 13091
71 7 13091
7 72 56531
72 7 56531
7 73 41841
73 7 41841
7 74 9890
74 7 9890
7 75 46562
75 7 46562
7 76 43866
76 7 43866
7 77 52315
77 7 52315
7 78 41742
78 7 41742
7 79 56240
79 7 56240
7 80 13895
80 7 13895
7 81 18398
81 7 18398
7 82 20665
82 7 20665
7 83 18562
83 7 18562
7 84 41885
84 7 41885
7 85 9780
85 7 9780
7 86 45684
86 7 45684
7 87 27841
87 7 27841
7 88 27702
88 7 27702
7 89 3229
89 7 3229
7 90 7359
90 7 7359
7 91 11996
91 7 11996
7 92 5450
92 7 5450
7 93 54160
93 7 54160
7 94 42178
94 7 42178
7 95 5830
95 7 5830
7 96 7381
96 7 7381
7 97 2709
97 7 2709
7 98 26293
98 7 26293
7 99 20695
99 7 20695
7 100 46085
100 7 46085
7 101 27757
101 7 27757
7 102 26651
102 7 26651
7 103 40721
103 7 40721
7 104 9424
104 7 9424
7 105 56102
105 7 56102
7 106 939
106 7 939
7 107 4422
107 7 4422
7 108 30478
108 7 30478
7 109 18772
109 7 18772
7 110 56276
110 7 56276
7 111 53471
111 7 53471
7 112 37980
112 7 37980
7 113 57547
113 7 57547
7 114 10759
114 7 10759
7 115 43406
115 7 43406
7 116 55585
116 7 55585
7 117 56087
117 7 56087
7 118 10019
118 7 10019
7 119 55391
119 7 55391
7 120 31959
120 7 31959
7 121 40189
121 7 40189
7 122 39955
122 7 39955
7 123 57125
123 7 57125
7 124 583
124 7 583
7 125 3174
125 7 3174
7 126 20374
126 7 20374
7 127 52045
127 7 52045
7 128 19387
128 7 19387
7 129 32243
129 7 32243
7 130 46560
130 7 46560
7 131 27708
131 7 27708
7 132 25865
132 7 25865
7 133 55544
133 7 55544
7 134 32895
134 7 32895
7 135 2705
135 7 2705
7 136 12854
136 7 12854
7 137 55842
137 7 55842
7 138 29810
138 7 29810
7 139 7558
139 7 7558
7 140 6618
140 7 6618
7 141 20813
141 7 20813
7 142 18861
142 7 18861
7 143 38977
143 7 38977
7 144 31319
144 7 31319
7 145 2154
145 7 2154
7 146 48787
146 7 48787
7 147 30464
147 7 30464
7 148 860
148 7 860
7 149 57929
149 7 57929
7 150 36359
150 7 36359
7 151 49228
151 7 49228
7 152 53448
152 7 53448
7 153 9393
153 7 9393
7 154 11416
154 7 11416
7 155 20223
155 7 20223
7 156 41047
156 7 41047
7 157 25900
157 7 25900
7 158 43692
158 7 43692
7 159 5590
159 7 5590
7 160 38730
160 7 38730
7 161 15631
161 7 15631
7 162 12416
162 7 12416
7 163 50736
163 7 50736
7 164 43593
164 7 43593
7 165 14313
165 7 14313
7 166 5716
166 7 5716
7 167 42277
167 7 42277
7 168 20673
168 7 20673
7 169 46974
169 7 46974
7 170 40024
170 7 40024
7 171 57745
171 7 57745
7 172 59610
172 7 59610
7 173 22028
173 7 22028
7 174 9691
174 7 9691
7 175 1684
175 7 1684
7 176 49806
176 7 49806
7 177 2184
177 7 2184
7 178 525
178 7 525
7 179 59273
179 7 59273
7 180 24377
180 7 24377
7 181 59281
181 7 59281
7 182 3694
182 7 3694
7 183 7689
183 7 7689
7 184 31821
184 7 31821
7 185 42395
185 7 42395
7 186 6292
186 7 6292
7 187 17642
187 7 17642
7 188 51018
188 7 51018
7 189 52732
189 7 52732
7 190 16273
190 7 16273
7 191 14999
191 7 14999
7 192 9842
192 7 9842
7 193 20138
193 7 20138
7 194 10228
194 7 10228
7 195 22304
195 7 22304
7 196 5094
196 7 5094
7 197 53316
197 7 53316
7 198 27483
198 7 27483
7 199 58011
199 7 58011
8 9 11278
9 8 11278
8 10 24280
10 8 24280
8 11 25125
11 8 25125
8 12 47759
12 8 47759
8 13 12697
13 8 12697
8 14 52398
14 8 52398
8 15 52061
15 8 52061
8 16 28439
16 8 28439
8 17 55007
17 8 55007
8 18 19617
18 8 19617
8 19 54112
19 8 54112
8 20 28460
20 8 28460
8 21 20018
21 8 20018
8 22 47087
22 8 47087
8 23 53823
23 8 53823
8 24 9172
24 8 9172
8 25 13335
25 8 13335
8 26 25366
26 8 25366
8 27 27137
27 8 27137
8 28 37692
28 8 37692
8 29 28059
29 8 28059
8 30 17303
30 8 17303
8 31 46406
31 8 46406
8 32 49995
32 8 49995
8 33 46826
33 8 46826
8 34 27274
34 8 27274
8 35 36715
35 8 36715
8 36 21121
36 8 21121
8 37 31276
37 8 31276
8 38 56181
38 8 56181
8 39 23281
39 8 23281
8 40 37319
40 8 37319
8 41 45568
41 8 45568
8 42 51703
42 8 51703
8 43 32049
43 8 32049
8 44 59223
44 8 59223
8 45 14220
45 8 14220
8 46 53725
46 8 53725
8 47 45831
47 8 45831
8 48 42652
48 8 42652
8 49 14290
49 8 14290
8 50 20138
50 8 20138
8 51 4427
51 8 4427
8 52 8608
52 8 8608
8 53 42116
53 8 42116
8 54 36069
54 8 36069
8 55 21800
55 8 21800
8 56 10332
56 8 10332
8 57 33137
57 8 33137
8 58 13122
58 8 13122
8 59 14441
59 8 14441
8 60 20303
60 8 20303
8 61 37611
61 8 37611
8 62 48254
62 8 48254
8 63 12786
63 8 12786
8 64 4405
64 8 4405
8 65 4441
65 8 4441
8 66 37833
66 8 37833
8 67 56955
67 8 56955
8 68 15310
68 8 15310
8 69 1731
69 8 1731
8 70 30360
70 8 30360
8 71 23895
71 8 23895
8 72 14660
72 8 14660
8 73 32239
73 8 32239
8 74 46874
74 8 46874
8 75 38175
75 8 38175
8 76 32919
76 8 32919
8 77 53200
77 8 53200
8 78 29000
78 8 29000
8 79 24499
79 8 24499
8 80 12993
80 8 12993
8 81 55484
81 8 55484
8 82 34232
82 8 34232
8 83 13832
83 8 13832
8 84 23414
84 8 23414
8 85 470
85 8 470
8 86 21430
86 8 21430
8 87 851
87 8 851
8 88 32405
88 8 32405
8 89 1386
89 8 1386
8 90 9022
90 8 9022
8 91 38112
91 8 38112
8 92 22010
92 8 22010
8 93 14973
93 8 14973
8 94 53309
94 8 53309
8 95 21752
95 8 21752
8 96 23287
96 8 23287
8 97 26114
97 8 26114
8 98 6182
98 8 6182
8 99 11363
99 8 11363
8 100 24232
100 8 24232
8 101 52996
101 8 52996
8 102 51379
102 8 51379
8 103 46934
103 8 46934
8 104 7013
104 8 7013
8 105 29436
105 8 29436
8 106 5274
106 8 5274
8 107 46929
107 8 46929
8 108 9717
108 8 9717
8 109 28659
109 8 28659
8 110 10716
110 8 10716
8 111 56173
111 8 56173
8 112 17593
112 8 17593
8 113 11627
113 8 11627
8 114 38505
114 8 38505
8 115 47983
115 8 47983
8 116 20917
116 8 20917
8 117 57585
117 8 57585
8 118 37690
118 8 37690
8 119 8410
119 8 8410
8 120 35489
120 8 35489
8 121 18033
121 8 18033
8 122 47828
122 8 47828
8 123 12075
123 8 12075
8 124 20500
124 8 20500
8 125 52273
125 8 52273
8 126 55319
126 8 55319
8 127 31916
127 8 31916
8 128 22655
128 8 22655
8 129 25571
129 8 25571
8 130 28558
130 8 28558
8 131 51729
131 8 51729
8 132 52669
132 8 52669
8 133 10227
133 8 10227
8 134 15029
134 8 15029
8 135 18223
135 8 18223
8 136 45706
136 8 45706
8 137 54162
137 8 54162
8 138 50567
138 8 50567
8 139 22697
139 8 22697
8 140 10993
140 8 10993
8 141 46518
141 8 46518
8 142 51970
142 8 51970
8 143 31073
143 8 31073
8 144 45758
144 8 45758
8 145 3055
145 8 3055
8 146 15215
146 8 15215
8 147 20746
147 8 20746
8 148 58816
148 8 58816
8 149 5173
149 8 5173
8 150 21464
150 8 21464
8 151 24088
151 8 24088
8 152 23360
152 8 23360
8 153 298
153 8 298
8 154 33011
154 8 33011
8 155 16036
155 8 16036
8 156 746
156 8 746
8 157 4948
157 8 4948
8 158 42215
158 8 42215
8 159 13888
159 8 13888
8 160 29870
160 8 29870
8 161 18565
161 8 18565
8 162 27968
162 8 27968
8 163 53143
163 8 53143
8 164 34810
164 8 34810
8 165 10875
165 8 10875
8 166 23854
166 8 23854
8 167 1344
167 8 1344
8 168 55827
168 8 55827
8 169 25460
169 8 25460
8 170 27336
170 8 27336
8 171 48672
171 8 48672
8 172 30707
172 8 30707
8 173 23807
173 8 23807
8 174 1991
174 8 1991
8 175 459
175 8 459
8 176 10672
176 8 10672
8 177 9729
177 8 9729
8 178 11715
178 8 11715
8 179 20068
179 8 20068
8 180 27390
180 8 27390
8 181 4143
181 8 4143
8 182 33474
182 8 33474
8 183 17761
183 8 17761
8 184 30050
184 8 30050
8 185 28422
185 8 28422
8 186 36315
186 8 36315
8 187 44010
187 8 44010
8 188 35552
188 8 35552
8 189 18245
189 8 18245
8 190 17638
190 8 17638
8 191 37713
191 8 37713
8 192 52087
192 8 52087
8 193 31239
193 8 31239
8 194 29700
194 8 29700
8 195 23334
195 8 23334
8 196 57273
196 8 57273
8 197 33356
197 8 33356
8 198 15868
198 8 15868
8 199 20926
199 8 20926
9 10 1830
10 9 1830
9 11 38794
11 9 38794
9 12 58605
12 9 58605
9 13 9152
13 9 9152
9 14 48691
14 9 48691
9 15 46243
15 9 46243
9 16 10755
16 9 10755
9 17 41682
17 9 41682
9 18 12720
18 9 12720
9 19 48894
19 9 48894
9 20 17935
20 9 17935
9 21 57610
21 9 57610
9 22 6675
22 9 6675
9 23 6993
23 9 6993
9 24 36064
24 9 36064
