30 434 10
0 27 166
27 0 166
0 18 582
18 0 582
0 19 642
19 0 642
0 20 637
20 0 637
0 9 295
9 0 295
0 22 241
22 0 241
0 7 45
7 0 45
0 25 421
25 0 421
0 11 597
11 0 597
0 28 5
28 0 5
0 21 441
21 0 441
1 3 18
3 1 18
1 5 226
5 1 226
1 6 126
6 1 126
1 7 398
7 1 398
1 10 394
10 1 394
1 11 138
11 1 138
1 12 464
12 1 464
1 13 351
13 1 351
1 16 389
16 1 389
1 20 540
20 1 540
1 21 490
21 1 490
1 25 582
25 1 582
1 26 318
26 1 318
1 27 521
27 1 521
1 29 497
29 1 497
2 4 327
4 2 327
2 5 472
5 2 472
2 8 333
8 2 333
2 12 351
12 2 351
2 15 477
15 2 477
2 18 406
18 2 406
2 19 394
19 2 394
2 23 43
23 2 43
2 25 625
25 2 625
2 26 564
26 2 564
2 27 191
27 2 191
2 28 544
28 2 544
2 29 548
29 2 548
3 11 148
11 3 148
3 4 517
4 3 517
3 20 540
20 3 540
3 23 92
23 3 92
3 24 317
24 3 317
3 25 526
25 3 526
3 26 95
26 3 95
3 7 277
7 3 277
3 14 628
14 3 628
3 21 142
21 3 142
4 6 215
6 4 215
4 7 114
7 4 114
4 9 380
9 4 380
4 12 466
12 4 466
4 14 327
14 4 327
4 15 407
15 4 407
4 16 592
16 4 592
4 18 99
18 4 99
4 19 419
19 4 419
4 20 14
20 4 14
4 21 643
21 4 643
4 23 469
23 4 469
4 24 577
24 4 577
4 26 516
26 4 516
4 28 116
28 4 116
4 29 515
29 4 515
5 6 643
6 5 643
5 21 204
21 5 204
5 22 500
22 5 500
5 9 449
9 5 449
5 8 89
8 5 89
5 25 78
25 5 78
5 10 294
10 5 294
5 28 542
28 5 542
5 18 218
18 5 218
6 9 93
9 6 93
6 12 497
12 6 497
6 13 570
13 6 570
6 14 274
14 6 274
6 16 88
16 6 88
6 17 246
17 6 246
6 18 216
18 6 216
6 19 620
19 6 620
6 20 107
20 6 107
6 23 512
23 6 512
6 25 282
25 6 282
6 29 137
29 6 137
7 13 167
13 7 167
7 16 299
16 7 299
7 19 342
19 7 342
7 22 535
22 7 535
7 23 378
23 7 378
7 24 181
24 7 181
7 25 353
25 7 353
7 26 551
26 7 551
8 17 650
17 8 650
8 19 14
19 8 14
8 24 506
24 8 506
8 25 82
25 8 82
8 12 264
12 8 264
8 21 296
21 8 296
9 10 394
10 9 394
9 11 88
11 9 88
9 13 5
13 9 5
9 14 313
14 9 313
9 17 621
17 9 621
9 19 429
19 9 429
9 20 526
20 9 526
9 22 288
22 9 288
9 23 351
23 9 351
9 24 41
24 9 41
9 25 265
25 9 265
9 26 381
26 9 381
9 27 615
27 9 615
9 28 316
28 9 316
9 29 590
29 9 590
10 12 585
12 10 585
10 15 496
15 10 496
10 18 27
18 10 27
10 19 643
19 10 643
10 20 426
20 10 426
10 22 325
22 10 325
10 23 153
23 10 153
10 24 360
24 10 360
10 25 74
25 10 74
10 27 453
27 10 453
10 28 510
28 10 510
10 29 291
29 10 291
11 12 504
12 11 504
11 14 289
14 11 289
11 17 398
17 11 398
11 18 326
18 11 326
11 22 355
22 11 355
11 24 514
24 11 514
11 26 13
26 11 13
11 27 90
27 11 90
11 28 623
28 11 623
12 14 227
14 12 227
12 18 316
18 12 316
12 19 497
19 12 497
12 22 526
22 12 526
12 23 396
23 12 396
12 24 181
24 12 181
12 27 108
27 12 108
12 29 598
29 12 598
13 16 72
16 13 72
13 18 439
18 13 439
13 19 516
19 13 516
13 20 376
20 13 376
13 22 373
22 13 373
13 23 377
23 13 377
13 24 426
24 13 426
13 26 246
26 13 246
13 27 80
27 13 80
14 15 219
15 14 219
14 16 123
16 14 123
14 17 113
17 14 113
14 20 421
20 14 421
14 21 571
21 14 571
14 23 619
23 14 619
14 25 49
25 14 49
14 27 420
27 14 420
14 28 108
28 14 108
15 17 66
17 15 66
15 18 87
18 15 87
15 19 261
19 15 261
15 21 193
21 15 193
15 23 430
23 15 430
15 26 35
26 15 35
15 28 115
28 15 115
15 29 125
29 15 125
16 20 182
20 16 182
16 21 118
21 16 118
16 22 381
22 16 381
16 23 507
23 16 507
16 26 228
26 16 228
16 28 115
28 16 115
16 29 424
29 16 424
17 18 499
18 17 499
17 19 535
19 17 535
17 21 285
21 17 285
17 24 650
24 17 650
18 21 374
21 18 374
18 25 171
25 18 171
18 29 94
29 18 94
19 20 613
20 19 613
19 21 294
21 19 294
19 22 12
22 19 12
19 23 128
23 19 128
19 24 545
24 19 545
19 26 453
26 19 453
19 28 532
28 19 532
19 29 155
29 19 155
20 21 314
21 20 314
20 22 89
22 20 89
20 23 633
23 20 633
20 25 137
25 20 137
20 28 163
28 20 163
21 22 180
22 21 180
21 24 454
24 21 454
21 26 229
26 21 229
21 27 437
27 21 437
21 28 250
28 21 250
21 29 78
29 21 78
22 24 263
24 22 263
22 25 267
25 22 267
22 27 85
27 22 85
22 29 649
29 22 649
23 24 561
24 23 561
23 27 59
27 23 59
23 28 168
28 23 168
23 29 387
29 23 387
24 25 524
25 24 524
25 26 568
26 25 568
25 27 227
27 25 227
26 28 204
28 26 204
26 29 393
29 26 393
27 29 352
29 27 352
