100 4950 65
0 1 2102
1 0 2102
0 2 3379
2 0 3379
0 4 2394
4 0 2394
0 5 5143
5 0 5143
0 6 6698
6 0 6698
0 8 7153
8 0 7153
0 9 665
9 0 665
0 14 2370
14 0 2370
0 15 7175
15 0 7175
0 16 6940
16 0 6940
0 17 794
17 0 794
0 18 3126
18 0 3126
0 19 1962
19 0 1962
0 21 7336
21 0 7336
0 23 4064
23 0 4064
0 25 7317
25 0 7317
0 30 5819
30 0 5819
0 37 4571
37 0 4571
0 38 3310
38 0 3310
0 44 4142
44 0 4142
0 45 3311
45 0 3311
0 49 827
49 0 827
0 50 257
50 0 257
0 51 4014
51 0 4014
0 52 331
52 0 331
0 53 4832
53 0 4832
0 56 4781
56 0 4781
0 60 1998
60 0 1998
0 61 1871
61 0 1871
0 63 6303
63 0 6303
0 64 1940
64 0 1940
0 65 4954
65 0 4954
0 66 3812
66 0 3812
0 68 2782
68 0 2782
0 69 5759
69 0 5759
0 73 7423
73 0 7423
0 75 1303
75 0 1303
0 76 5482
76 0 5482
0 77 7088
77 0 7088
0 79 2769
79 0 2769
0 80 3115
80 0 3115
0 81 336
81 0 336
0 83 4048
83 0 4048
0 84 868
84 0 868
0 85 6846
85 0 6846
0 86 1500
86 0 1500
0 88 218
88 0 218
0 90 6303
90 0 6303
0 95 3418
95 0 3418
0 98 4955
98 0 4955
0 99 4430
99 0 4430
1 3 5454
3 1 5454
1 4 1883
4 1 1883
1 5 1274
5 1 1274
1 6 1271
6 1 1271
1 7 625
7 1 625
1 8 3739
8 1 3739
1 9 6584
9 1 6584
1 10 7037
10 1 7037
1 13 7069
13 1 7069
1 15 5728
15 1 5728
1 16 491
16 1 491
1 19 2713
19 1 2713
1 20 336
20 1 336
1 21 810
21 1 810
1 23 2277
23 1 2277
1 26 1079
26 1 1079
1 27 28
27 1 28
1 29 3049
29 1 3049
1 32 5353
32 1 5353
1 34 3227
34 1 3227
1 38 1131
38 1 1131
1 41 5468
41 1 5468
1 43 1992
43 1 1992
1 45 2773
45 1 2773
1 47 1825
47 1 1825
1 48 5879
48 1 5879
1 49 4393
49 1 4393
1 51 5161
51 1 5161
1 56 1316
56 1 1316
1 57 6867
57 1 6867
1 59 5132
59 1 5132
1 61 6465
61 1 6465
1 62 971
62 1 971
1 64 3290
64 1 3290
1 66 6715
66 1 6715
1 71 1865
71 1 1865
1 73 1885
73 1 1885
1 75 6921
75 1 6921
1 78 3026
78 1 3026
1 79 4619
79 1 4619
1 81 137
81 1 137
1 83 1609
83 1 1609
1 86 634
86 1 634
1 87 133
87 1 133
1 91 5877
91 1 5877
1 92 4099
92 1 4099
1 95 5464
95 1 5464
1 96 2174
96 1 2174
1 97 2355
97 1 2355
1 98 3748
98 1 3748
2 3 4549
3 2 4549
2 4 3937
4 2 3937
2 5 2482
5 2 2482
2 6 5220
6 2 5220
2 10 1044
10 2 1044
2 11 5691
11 2 5691
2 12 3466
12 2 3466
2 15 4163
15 2 4163
2 16 3530
16 2 3530
2 18 5264
18 2 5264
2 20 2528
20 2 2528
2 21 2500
21 2 2500
2 23 3803
23 2 3803
2 25 1984
25 2 1984
2 26 4972
26 2 4972
2 29 5602
29 2 5602
2 32 3840
32 2 3840
2 33 4431
33 2 4431
2 35 3211
35 2 3211
2 40 1548
40 2 1548
2 42 2418
42 2 2418
2 46 1075
46 2 1075
2 48 1598
48 2 1598
2 49 2833
49 2 2833
2 50 317
50 2 317
2 51 5139
51 2 5139
2 57 4504
57 2 4504
2 59 4985
59 2 4985
2 60 2510
60 2 2510
2 62 339
62 2 339
2 64 7048
64 2 7048
2 65 3713
65 2 3713
2 73 2686
73 2 2686
2 76 6024
76 2 6024
2 77 1504
77 2 1504
2 78 569
78 2 569
2 83 1478
83 2 1478
2 86 5661
86 2 5661
2 87 6328
87 2 6328
2 88 1471
88 2 1471
2 89 4504
89 2 4504
2 90 2728
90 2 2728
2 91 4211
91 2 4211
2 94 2105
94 2 2105
2 97 3846
97 2 3846
2 99 1346
99 2 1346
3 4 754
4 3 754
3 5 3190
5 3 3190
3 9 2490
9 3 2490
3 12 231
12 3 231
3 13 1130
13 3 1130
3 14 3175
14 3 3175
3 16 211
16 3 211
3 18 7261
18 3 7261
3 19 795
19 3 795
3 20 5874
20 3 5874
3 22 35
22 3 35
3 30 3943
30 3 3943
3 31 3738
31 3 3738
3 34 2281
34 3 2281
3 35 3132
35 3 3132
3 38 6096
38 3 6096
3 42 3426
42 3 3426
3 43 2453
43 3 2453
3 45 6582
45 3 6582
3 47 3981
47 3 3981
3 48 6781
48 3 6781
3 50 5533
50 3 5533
3 51 100
51 3 100
3 53 965
53 3 965
3 54 5621
54 3 5621
3 55 1688
55 3 1688
3 56 6676
56 3 6676
3 58 2986
58 3 2986
3 63 1822
63 3 1822
3 64 1113
64 3 1113
3 67 3038
67 3 3038
3 69 3395
69 3 3395
3 70 691
70 3 691
3 71 7236
71 3 7236
3 73 3632
73 3 3632
3 74 38
74 3 38
3 79 888
79 3 888
3 81 5884
81 3 5884
3 82 2348
82 3 2348
3 83 707
83 3 707
3 84 6701
84 3 6701
3 87 7033
87 3 7033
3 88 155
88 3 155
3 89 3309
89 3 3309
3 90 5309
90 3 5309
3 95 3799
95 3 3799
3 96 7409
96 3 7409
3 97 7417
97 3 7417
3 99 298
99 3 298
4 7 6917
7 4 6917
4 8 1930
8 4 1930
4 9 900
9 4 900
4 10 6043
10 4 6043
4 12 3097
12 4 3097
4 14 701
14 4 701
4 15 4459
15 4 4459
4 21 6400
21 4 6400
4 22 4984
22 4 4984
4 26 3419
26 4 3419
4 27 4593
27 4 4593
4 28 821
28 4 821
4 30 6789
30 4 6789
4 31 4503
31 4 4503
4 34 3849
34 4 3849
4 35 3178
35 4 3178
4 36 1340
36 4 1340
4 38 2678
38 4 2678
4 39 3512
39 4 3512
4 42 907
42 4 907
4 45 283
45 4 283
4 48 5768
48 4 5768
4 51 1328
51 4 1328
4 55 160
55 4 160
4 56 1914
56 4 1914
4 57 1206
57 4 1206
4 58 246
58 4 246
4 60 3549
60 4 3549
4 62 4532
62 4 4532
4 63 819
63 4 819
4 64 6720
64 4 6720
4 66 5391
66 4 5391
4 69 2797
69 4 2797
4 73 2292
73 4 2292
4 74 982
74 4 982
4 75 5270
75 4 5270
4 77 3937
77 4 3937
4 79 2784
79 4 2784
4 80 7258
80 4 7258
4 81 5515
81 4 5515
4 82 6015
82 4 6015
4 85 114
85 4 114
4 86 3109
86 4 3109
4 88 3645
88 4 3645
4 89 3056
89 4 3056
4 91 6097
91 4 6097
4 92 1050
92 4 1050
4 93 6929
93 4 6929
4 94 3033
94 4 3033
4 96 6430
96 4 6430
4 97 4934
97 4 4934
5 6 6203
6 5 6203
5 12 4518
12 5 4518
5 14 5986
14 5 5986
5 15 2010
15 5 2010
5 18 308
18 5 308
5 19 972
19 5 972
5 21 1404
21 5 1404
5 22 4878
22 5 4878
5 23 7191
23 5 7191
5 24 2607
24 5 2607
5 27 4797
27 5 4797
5 28 1425
28 5 1425
5 30 5111
30 5 5111
5 31 988
31 5 988
5 32 4055
32 5 4055
5 34 3460
34 5 3460
5 36 3701
36 5 3701
5 37 2081
37 5 2081
5 39 1708
39 5 1708
5 42 2480
42 5 2480
5 43 6794
43 5 6794
5 45 1405
45 5 1405
5 46 2318
46 5 2318
5 47 6733
47 5 6733
5 52 5401
52 5 5401
5 53 842
53 5 842
5 59 5445
59 5 5445
5 60 3275
60 5 3275
5 61 363
61 5 363
5 67 6618
67 5 6618
5 68 900
68 5 900
5 70 4926
70 5 4926
5 72 6354
72 5 6354
5 74 1121
74 5 1121
5 76 1071
76 5 1071
5 78 5159
78 5 5159
5 79 3997
79 5 3997
5 80 820
80 5 820
5 83 638
83 5 638
5 84 6405
84 5 6405
5 85 6224
85 5 6224
5 86 5371
86 5 5371
5 87 7007
87 5 7007
5 89 5449
89 5 5449
5 90 1923
90 5 1923
5 93 6390
93 5 6390
5 94 2407
94 5 2407
5 95 3195
95 5 3195
5 97 1207
97 5 1207
5 98 6576
98 5 6576
5 99 2231
99 5 2231
6 7 5661
7 6 5661
6 8 4972
8 6 4972
6 9 1389
9 6 1389
6 12 5321
12 6 5321
6 13 7046
13 6 7046
6 14 5490
14 6 5490
6 15 1080
15 6 1080
6 16 829
16 6 829
6 18 2344
18 6 2344
6 21 6279
21 6 6279
6 22 691
22 6 691
6 26 4204
26 6 4204
6 27 3263
27 6 3263
6 28 650
28 6 650
6 33 6051
33 6 6051
6 35 6433
35 6 6433
6 36 767
36 6 767
6 42 2592
42 6 2592
6 43 7348
43 6 7348
6 45 6609
45 6 6609
6 46 3972
46 6 3972
6 47 2633
47 6 2633
6 51 1356
51 6 1356
6 53 3213
53 6 3213
6 54 1303
54 6 1303
6 56 6930
56 6 6930
6 60 2572
60 6 2572
6 61 2227
61 6 2227
6 66 6724
66 6 6724
6 71 1645
71 6 1645
6 76 5816
76 6 5816
6 78 1123
78 6 1123
6 82 3972
82 6 3972
6 84 5
84 6 5
6 86 6617
86 6 6617
6 87 2249
87 6 2249
6 90 1218
90 6 1218
6 94 952
94 6 952
6 98 5273
98 6 5273
6 99 2856
99 6 2856
7 9 775
9 7 775
7 11 6411
11 7 6411
7 12 1499
12 7 1499
7 13 754
13 7 754
7 14 6803
14 7 6803
7 15 5084
15 7 5084
7 16 137
16 7 137
7 17 488
17 7 488
7 18 4909
18 7 4909
7 19 2425
19 7 2425
7 21 3149
21 7 3149
7 22 5437
22 7 5437
7 25 5742
25 7 5742
7 26 1757
26 7 1757
7 29 570
29 7 570
7 30 2748
30 7 2748
7 31 4554
31 7 4554
7 32 3499
32 7 3499
7 33 5244
33 7 5244
7 34 3214
34 7 3214
7 35 3376
35 7 3376
7 36 6362
36 7 6362
7 37 7288
37 7 7288
7 38 793
38 7 793
7 41 5376
41 7 5376
7 42 2219
42 7 2219
7 43 5160
43 7 5160
7 44 6569
44 7 6569
7 47 1817
47 7 1817
7 51 1142
51 7 1142
7 52 3137
52 7 3137
7 53 6452
53 7 6452
7 54 5530
54 7 5530
7 55 4909
55 7 4909
7 56 5829
56 7 5829
7 58 2446
58 7 2446
7 61 4531
61 7 4531
7 62 5892
62 7 5892
7 64 1242
64 7 1242
7 66 2024
66 7 2024
7 68 2031
68 7 2031
7 69 1149
69 7 1149
7 70 6059
70 7 6059
7 71 4960
71 7 4960
7 76 7020
76 7 7020
7 77 3066
77 7 3066
7 79 3755
79 7 3755
7 80 317
80 7 317
7 81 482
81 7 482
7 83 1145
83 7 1145
7 84 2822
84 7 2822
7 85 5196
85 7 5196
7 87 1091
87 7 1091
7 88 4589
88 7 4589
7 89 7010
89 7 7010
7 90 6360
90 7 6360
7 92 3099
92 7 3099
7 93 1485
93 7 1485
7 94 4328
94 7 4328
7 95 5433
95 7 5433
7 96 1338
96 7 1338
7 97 5046
97 7 5046
8 9 6242
9 8 6242
8 10 5035
10 8 5035
8 15 785
15 8 785
8 22 5464
22 8 5464
8 24 3215
24 8 3215
8 25 6591
25 8 6591
8 26 2155
26 8 2155
8 27 1129
27 8 1129
8 28 4785
28 8 4785
8 31 753
31 8 753
8 32 4903
32 8 4903
8 34 654
34 8 654
8 36 4768
36 8 4768
8 37 7143
37 8 7143
8 41 2461
41 8 2461
8 42 1331
42 8 1331
8 43 3201
43 8 3201
8 44 1685
44 8 1685
8 45 2344
45 8 2344
8 47 5610
47 8 5610
8 48 6067
48 8 6067
8 49 6616
49 8 6616
8 50 2025
50 8 2025
8 51 7265
51 8 7265
8 53 6974
53 8 6974
8 54 4513
54 8 4513
8 56 2040
56 8 2040
8 61 5806
61 8 5806
8 62 2720
62 8 2720
8 64 2790
64 8 2790
8 66 6618
66 8 6618
8 68 5728
68 8 5728
8 71 583
71 8 583
8 73 4297
73 8 4297
8 75 6499
75 8 6499
8 76 6999
76 8 6999
8 78 345
78 8 345
8 79 5524
79 8 5524
8 81 4568
81 8 4568
8 82 1097
82 8 1097
8 83 861
83 8 861
8 84 349
84 8 349
8 86 4406
86 8 4406
8 87 1353
87 8 1353
8 88 6675
88 8 6675
8 89 3260
89 8 3260
8 90 5712
90 8 5712
8 92 641
92 8 641
8 93 6125
93 8 6125
8 95 2961
95 8 2961
8 97 5445
97 8 5445
8 99 6507
99 8 6507
9 64 6653
64 9 6653
9 65 240
65 9 240
9 73 5515
73 9 5515
9 10 5407
10 9 5407
9 12 5748
12 9 5748
9 78 1836
78 9 1836
9 15 6399
15 9 6399
9 84 3768
84 9 3768
9 85 881
85 9 881
9 86 3125
86 9 3125
9 23 5061
23 9 5061
9 24 1274
24 9 1274
9 89 6038
89 9 6038
9 27 5754
27 9 5754
9 92 2689
92 9 2689
9 29 4288
29 9 4288
9 79 2806
79 9 2806
9 33 5308
33 9 5308
9 99 6845
99 9 6845
9 70 6855
70 9 6855
9 38 692
38 9 692
9 39 2369
39 9 2369
9 28 6920
28 9 6920
9 71 4181
71 9 4181
9 47 5399
47 9 5399
9 48 5076
48 9 5076
9 51 3114
51 9 3114
9 52 5105
52 9 5105
9 55 3193
55 9 3193
9 56 6802
56 9 6802
9 58 1562
58 9 1562
9 62 1220
62 9 1220
10 64 2451
64 10 2451
10 67 3778
67 10 3778
10 69 2807
69 10 2807
10 72 3208
72 10 3208
10 74 4705
74 10 4705
10 94 2273
94 10 2273
10 13 6025
13 10 6025
10 78 2325
78 10 2325
10 79 1475
79 10 1475
10 16 2971
16 10 2971
10 81 4286
81 10 4286
10 19 6426
19 10 6426
10 20 1627
20 10 1627
10 23 1227
23 10 1227
10 24 7380
24 10 7380
10 89 4863
89 10 4863
10 91 2530
91 10 2530
10 29 4268
29 10 4268
10 30 3959
30 10 3959
10 31 3428
31 10 3428
10 84 2563
84 10 2563
10 34 5731
34 10 5731
10 37 3246
37 10 3246
10 39 7418
39 10 7418
10 93 786
93 10 786
10 50 5419
50 10 5419
10 83 4164
83 10 4164
10 52 3728
52 10 3728
10 53 2605
53 10 2605
10 55 944
55 10 944
10 56 870
56 10 870
10 88 4494
88 10 4494
10 62 4538
62 10 4538
10 63 4811
63 10 4811
11 32 3954
32 11 3954
11 67 1156
67 11 1156
11 68 4843
68 11 4843
11 69 5822
69 11 5822
11 70 877
70 11 877
11 74 345
74 11 345
11 75 3265
75 11 3265
11 12 502
12 11 502
11 13 6558
13 11 6558
11 77 718
77 11 718
11 79 1941
79 11 1941
11 16 777
16 11 777
11 81 6006
81 11 6006
11 22 6103
22 11 6103
11 99 1390
99 11 1390
11 66 6247
66 11 6247
11 86 6157
86 11 6157
11 24 2686
24 11 2686
11 25 1752
25 11 1752
11 90 5082
90 11 5082
11 27 5000
27 11 5000
11 28 6207
28 11 6207
11 26 2715
26 11 2715
11 95 281
95 11 281
11 96 2252
96 11 2252
11 33 4729
33 11 4729
11 35 5993
35 11 5993
11 36 6741
36 11 6741
11 39 5963
39 11 5963
11 40 4929
40 11 4929
11 97 5028
97 11 5028
11 44 1933
44 11 1933
11 45 1787
45 11 1787
11 93 3689
93 11 3689
11 47 1067
47 11 1067
11 91 5812
91 11 5812
11 51 2519
51 11 2519
11 57 5360
57 11 5360
11 58 7315
58 11 7315
11 62 2508
62 11 2508
11 63 6514
63 11 6514
12 13 5911
13 12 5911
12 14 775
14 12 775
12 20 1291
20 12 1291
12 23 5818
23 12 5818
12 25 4066
25 12 4066
12 27 2965
27 12 2965
12 29 719
29 12 719
12 30 3539
30 12 3539
12 33 6322
33 12 6322
12 35 706
35 12 706
12 38 98
38 12 98
12 40 6487
40 12 6487
12 41 479
41 12 479
12 45 1913
45 12 1913
12 47 3711
47 12 3711
12 48 4272
48 12 4272
12 53 3989
53 12 3989
12 55 7139
55 12 7139
12 58 152
58 12 152
12 59 339
59 12 339
12 61 531
61 12 531
12 64 2524
64 12 2524
12 65 4147
65 12 4147
12 67 3842
67 12 3842
12 68 3036
68 12 3036
12 69 4857
69 12 4857
12 73 7007
73 12 7007
12 75 1577
75 12 1577
12 76 1166
76 12 1166
12 77 7351
77 12 7351
12 80 5638
80 12 5638
12 81 4171
81 12 4171
12 82 7292
82 12 7292
12 84 4977
84 12 4977
12 85 2775
85 12 2775
12 87 2790
87 12 2790
12 90 1111
90 12 1111
12 91 2950
91 12 2950
12 93 883
93 12 883
12 95 7074
95 12 7074
12 96 6941
96 12 6941
12 97 4220
97 12 4220
12 99 2563
99 12 2563
13 16 2057
16 13 2057
13 18 4983
18 13 4983
13 19 5294
19 13 5294
13 21 5697
21 13 5697
13 22 2061
22 13 2061
13 24 5554
24 13 5554
13 25 3983
25 13 3983
13 32 3536
32 13 3536
13 33 1013
33 13 1013
13 34 5521
34 13 5521
13 35 3966
35 13 3966
13 36 1010
36 13 1010
13 37 2101
37 13 2101
13 39 4063
39 13 4063
13 40 4111
40 13 4111
13 42 4096
42 13 4096
13 43 862
43 13 862
13 44 6736
44 13 6736
13 48 3271
48 13 3271
13 50 1388
50 13 1388
13 51 1167
51 13 1167
13 52 5163
52 13 5163
13 53 165
53 13 165
13 55 3498
55 13 3498
13 58 2201
58 13 2201
13 60 7271
60 13 7271
13 61 2451
61 13 2451
13 62 6380
62 13 6380
13 64 1309
64 13 1309
13 65 661
65 13 661
13 68 6687
68 13 6687
13 69 843
69 13 843
13 72 104
72 13 104
13 74 2197
74 13 2197
13 75 6687
75 13 6687
13 79 4322
79 13 4322
13 84 3367
84 13 3367
13 92 3110
92 13 3110
13 95 3646
95 13 3646
13 98 6730
98 13 6730
14 15 2475
15 14 2475
14 16 2287
16 14 2287
14 18 12
18 14 12
14 22 5793
22 14 5793
14 23 1938
23 14 1938
14 24 6916
24 14 6916
14 28 926
28 14 926
14 29 648
29 14 648
14 30 5441
30 14 5441
14 31 3665
31 14 3665
14 33 5304
33 14 5304
14 37 5564
37 14 5564
14 42 3736
42 14 3736
14 45 206
45 14 206
14 46 1318
46 14 1318
14 49 7024
49 14 7024
14 51 2333
51 14 2333
14 52 6381
52 14 6381
14 57 1883
57 14 1883
14 59 7033
59 14 7033
14 60 4802
60 14 4802
14 61 3866
61 14 3866
14 66 1717
66 14 1717
14 67 7364
67 14 7364
14 69 3202
69 14 3202
14 71 6174
71 14 6174
14 73 1996
73 14 1996
14 78 6561
78 14 6561
14 79 313
79 14 313
14 80 582
80 14 582
14 81 3554
81 14 3554
14 82 3975
82 14 3975
14 84 368
84 14 368
14 85 4166
85 14 4166
14 87 306
87 14 306
14 90 1534
90 14 1534
14 92 1335
92 14 1335
14 93 7206
93 14 7206
14 94 1163
94 14 1163
14 95 1358
95 14 1358
14 97 1054
97 14 1054
14 98 3283
98 14 3283
15 16 45
16 15 45
15 18 2916
18 15 2916
15 22 4313
22 15 4313
15 24 5991
24 15 5991
15 25 5267
25 15 5267
15 26 4312
26 15 4312
15 29 2334
29 15 2334
15 31 283
31 15 283
15 33 959
33 15 959
15 35 22
35 15 22
15 37 3548
37 15 3548
15 39 4372
39 15 4372
15 40 7081
40 15 7081
15 41 3873
41 15 3873
15 42 4939
42 15 4939
15 43 3345
43 15 3345
15 44 2346
44 15 2346
15 46 1630
46 15 1630
15 48 2244
48 15 2244
15 49 601
49 15 601
15 50 7361
50 15 7361
15 55 2687
55 15 2687
15 59 2187
59 15 2187
15 60 4769
60 15 4769
15 62 5761
62 15 5761
15 64 7342
64 15 7342
15 65 6612
65 15 6612
15 67 4849
67 15 4849
15 68 2352
68 15 2352
15 69 5337
69 15 5337
15 75 345
75 15 345
15 76 5762
76 15 5762
15 78 2493
78 15 2493
15 83 3248
83 15 3248
15 86 5398
86 15 5398
15 89 2337
89 15 2337
15 92 4301
92 15 4301
15 94 1422
94 15 1422
15 95 2184
95 15 2184
15 96 4089
96 15 4089
15 97 7018
97 15 7018
15 99 4815
99 15 4815
16 19 5570
19 16 5570
16 20 5436
20 16 5436
16 23 5102
23 16 5102
16 25 1544
25 16 1544
16 26 6719
26 16 6719
16 28 1908
28 16 1908
16 30 6659
30 16 6659
16 32 6690
32 16 6690
16 33 7020
33 16 7020
16 34 3692
34 16 3692
16 37 5150
37 16 5150
16 38 3130
38 16 3130
16 41 929
41 16 929
16 42 3916
42 16 3916
16 43 6280
43 16 6280
16 46 5253
46 16 5253
16 50 7420
50 16 7420
16 53 1811
53 16 1811
16 56 210
56 16 210
16 57 7062
57 16 7062
16 59 6239
59 16 6239
16 60 4886
60 16 4886
16 62 6372
62 16 6372
16 64 5832
64 16 5832
16 70 1525
70 16 1525
16 73 5830
73 16 5830
16 74 5430
74 16 5430
16 76 3015
76 16 3015
16 78 3515
78 16 3515
16 80 1605
80 16 1605
16 81 5724
81 16 5724
16 82 5262
82 16 5262
16 84 1917
84 16 1917
16 87 5893
87 16 5893
16 88 4061
88 16 4061
16 89 5397
89 16 5397
16 91 5156
91 16 5156
16 92 312
92 16 312
16 94 2605
94 16 2605
16 95 7211
95 16 7211
16 99 565
99 16 565
17 64 3095
64 17 3095
17 65 116
65 17 116
17 43 7026
43 17 7026
17 73 3275
73 17 3275
17 75 5483
75 17 5483
17 77 6676
77 17 6676
17 34 7299
34 17 7299
17 81 3430
81 17 3430
17 22 2878
22 17 2878
17 87 6937
87 17 6937
17 88 4087
88 17 4087
17 25 2548
25 17 2548
17 90 5836
90 17 5836
17 27 1473
27 17 1473
17 28 3102
28 17 3102
17 93 3186
93 17 3186
17 31 1862
31 17 1862
17 96 1364
96 17 1364
17 33 4545
33 17 4545
17 98 4445
98 17 4445
17 91 999
91 17 999
17 36 4566
36 17 4566
17 38 2781
38 17 2781
17 39 4124
39 17 4124
17 40 1284
40 17 1284
17 92 3296
92 17 3296
17 42 1013
42 17 1013
17 71 7124
71 17 7124
17 29 2210
29 17 2210
17 46 3386
46 17 3386
17 47 6580
47 17 6580
17 51 427
51 17 427
17 89 2426
89 17 2426
17 55 3137
55 17 3137
17 57 5026
57 17 5026
17 58 2796
58 17 2796
17 60 4274
60 17 4274
17 62 4725
62 17 4725
17 63 319
63 17 319
18 22 5047
22 18 5047
18 23 1507
23 18 1507
18 25 6372
25 18 6372
18 26 2255
26 18 2255
18 27 3944
27 18 3944
18 28 7336
28 18 7336
18 29 1722
29 18 1722
18 31 4811
31 18 4811
18 33 2179
33 18 2179
18 34 6841
34 18 6841
18 36 1274
36 18 1274
18 38 812
38 18 812
18 42 2507
42 18 2507
18 44 1062
44 18 1062
18 45 3013
45 18 3013
18 48 655
48 18 655
18 50 532
50 18 532
18 51 2774
51 18 2774
18 54 564
54 18 564
18 61 3820
61 18 3820
18 63 3865
63 18 3865
18 64 3984
64 18 3984
18 65 1728
65 18 1728
18 69 3553
69 18 3553
18 70 2002
70 18 2002
18 72 3171
72 18 3171
18 73 1455
73 18 1455
18 74 2245
74 18 2245
18 76 443
76 18 443
18 77 985
77 18 985
18 82 3999
82 18 3999
18 83 6954
83 18 6954
18 87 2728
87 18 2728
18 89 115
89 18 115
18 90 550
90 18 550
18 91 3069
91 18 3069
18 93 2261
93 18 2261
18 95 5692
95 18 5692
18 98 6421
98 18 6421
18 99 6414
99 18 6414
19 21 3854
21 19 3854
19 22 2030
22 19 2030
19 23 5472
23 19 5472
19 25 896
25 19 896
19 29 868
29 19 868
19 30 6580
30 19 6580
19 31 6421
31 19 6421
19 32 5204
32 19 5204
19 35 7083
35 19 7083
19 36 5437
36 19 5437
19 37 240
37 19 240
19 40 5317
40 19 5317
19 44 4518
44 19 4518
19 48 3403
48 19 3403
19 49 6905
49 19 6905
19 50 7197
50 19 7197
19 52 5677
52 19 5677
19 53 4810
53 19 4810
19 54 1639
54 19 1639
19 60 3827
60 19 3827
19 61 7222
61 19 7222
19 63 3696
63 19 3696
19 65 4277
65 19 4277
19 68 2124
68 19 2124
19 69 2491
69 19 2491
19 70 4453
70 19 4453
19 71 1438
71 19 1438
19 73 4397
73 19 4397
19 77 4451
77 19 4451
19 81 5515
81 19 5515
19 85 6375
85 19 6375
19 86 6761
86 19 6761
19 87 1237
87 19 1237
19 89 7090
89 19 7090
19 90 4804
90 19 4804
19 91 4037
91 19 4037
19 93 2864
93 19 2864
19 94 1893
94 19 1893
19 95 2023
95 19 2023
19 97 5552
97 19 5552
19 98 6374
98 19 6374
19 99 7126
99 19 7126
20 64 2925
64 20 2925
20 66 2900
66 20 2900
20 98 1178
98 20 1178
20 69 495
69 20 495
20 76 486
76 20 486
20 55 4494
55 20 4494
20 78 2800
78 20 2800
20 45 313
45 20 313
20 81 2138
81 20 2138
20 29 548
29 20 548
20 83 870
83 20 870
20 90 812
90 20 812
20 21 1981
21 20 1981
20 86 4184
86 20 4184
20 87 4239
87 20 4239
20 88 4033
88 20 4033
20 22 7067
22 20 7067
20 92 1106
92 20 1106
20 93 2736
93 20 2736
20 30 626
30 20 626
20 31 5439
31 20 5439
20 84 4231
84 20 4231
20 97 5850
97 20 5850
20 34 5780
34 20 5780
20 36 5768
36 20 5768
20 39 1656
39 20 1656
20 43 5763
43 20 5763
20 44 3687
44 20 3687
20 82 4840
82 20 4840
20 61 5519
61 20 5519
20 50 6761
50 20 6761
20 52 5639
52 20 5639
20 73 5098
73 20 5098
20 57 5959
57 20 5959
20 58 1023
58 20 1023
20 59 3282
59 20 3282
20 74 1312
74 20 1312
21 22 2303
22 21 2303
21 23 5933
23 21 5933
21 24 3231
24 21 3231
21 25 7355
25 21 7355
21 26 3327
26 21 3327
21 29 5862
29 21 5862
21 31 4819
31 21 4819
21 34 2824
34 21 2824
21 39 1566
39 21 1566
21 40 4159
40 21 4159
21 41 2565
41 21 2565
21 42 965
42 21 965
21 51 1676
51 21 1676
21 53 6177
53 21 6177
21 55 644
55 21 644
21 60 5435
60 21 5435
21 61 5049
61 21 5049
21 65 6032
65 21 6032
21 67 1551
67 21 1551
21 68 5174
68 21 5174
21 69 5759
69 21 5759
21 70 5006
70 21 5006
21 73 211
73 21 211
21 74 2267
74 21 2267
21 79 4429
79 21 4429
21 81 6616
81 21 6616
21 83 1261
83 21 1261
21 84 6226
84 21 6226
21 87 2150
87 21 2150
21 88 1811
88 21 1811
21 91 3470
91 21 3470
21 93 7377
93 21 7377
21 96 7388
96 21 7388
21 97 3882
97 21 3882
22 24 3325
24 22 3325
22 25 6829
25 22 6829
22 26 4476
26 22 4476
22 28 1354
28 22 1354
22 30 3768
30 22 3768
22 31 419
31 22 419
22 32 2011
32 22 2011
22 34 3514
34 22 3514
22 37 2419
37 22 2419
22 40 6725
40 22 6725
22 42 3369
42 22 3369
22 43 2743
43 22 2743
22 45 7256
45 22 7256
22 49 2625
49 22 2625
22 54 6678
54 22 6678
22 55 3606
55 22 3606
22 57 2453
57 22 2453
22 58 532
58 22 532
22 60 4723
60 22 4723
22 62 5774
62 22 5774
22 63 5103
63 22 5103
22 64 4539
64 22 4539
22 65 6657
65 22 6657
22 67 3051
67 22 3051
22 69 4219
69 22 4219
22 70 1708
70 22 1708
22 71 1870
71 22 1870
22 74 203
74 22 203
22 76 611
76 22 611
22 77 5677
77 22 5677
22 78 2985
78 22 2985
22 80 5837
80 22 5837
22 82 7264
82 22 7264
22 83 4076
83 22 4076
22 88 4408
88 22 4408
22 91 5803
91 22 5803
22 92 66
92 22 66
22 94 298
94 22 298
22 95 1259
95 22 1259
23 26 712
26 23 712
23 28 1117
28 23 1117
23 30 3806
30 23 3806
23 33 1266
33 23 1266
23 34 455
34 23 455
23 35 1076
35 23 1076
23 39 5414
39 23 5414
23 40 2222
40 23 2222
23 42 5982
42 23 5982
23 45 4152
45 23 4152
23 49 5531
49 23 5531
23 50 6341
50 23 6341
23 51 2847
51 23 2847
23 53 3981
53 23 3981
23 54 2561
54 23 2561
23 56 1127
56 23 1127
23 57 4265
57 23 4265
23 58 2262
58 23 2262
23 60 4804
60 23 4804
23 61 1556
61 23 1556
23 63 4834
63 23 4834
23 65 6328
65 23 6328
23 68 2117
68 23 2117
23 70 5422
70 23 5422
23 71 1107
71 23 1107
23 73 5735
73 23 5735
23 80 6268
80 23 6268
23 81 403
81 23 403
23 83 5119
83 23 5119
23 86 3821
86 23 3821
23 88 4314
88 23 4314
23 91 5461
91 23 5461
23 95 4321
95 23 4321
23 96 6842
96 23 6842
23 99 3090
99 23 3090
24 25 7049
25 24 7049
24 26 6666
26 24 6666
24 28 4343
28 24 4343
24 29 1731
29 24 1731
24 34 3904
34 24 3904
24 38 3131
38 24 3131
24 39 1018
39 24 1018
24 41 450
41 24 450
24 42 6196
42 24 6196
24 44 4952
44 24 4952
24 45 844
45 24 844
24 46 1458
46 24 1458
24 47 5156
47 24 5156
24 48 6919
48 24 6919
24 52 7266
52 24 7266
24 53 5530
53 24 5530
24 55 4050
55 24 4050
24 56 5630
56 24 5630
24 59 5319
59 24 5319
24 62 2822
62 24 2822
24 65 3948
65 24 3948
24 67 4666
67 24 4666
24 69 2201
69 24 2201
24 73 6634
73 24 6634
24 74 3051
74 24 3051
24 76 7065
76 24 7065
24 79 5041
79 24 5041
24 82 6402
82 24 6402
24 86 4227
86 24 4227
24 89 6116
89 24 6116
24 90 5684
90 24 5684
24 94 6564
94 24 6564
24 96 5466
96 24 5466
24 97 4089
97 24 4089
24 99 2900
99 24 2900
25 30 1597
30 25 1597
25 31 1586
31 25 1586
25 33 3620
33 25 3620
25 35 5519
35 25 5519
25 36 2406
36 25 2406
25 44 7265
44 25 7265
25 46 2226
46 25 2226
25 51 952
51 25 952
25 53 4968
53 25 4968
25 54 1372
54 25 1372
25 57 5077
57 25 5077
25 58 7316
58 25 7316
25 59 3787
59 25 3787
25 60 5520
60 25 5520
25 62 5477
62 25 5477
25 64 1059
64 25 1059
25 65 3985
65 25 3985
25 69 6377
69 25 6377
25 70 298
70 25 298
25 74 1923
74 25 1923
25 75 4305
75 25 4305
25 78 7414
78 25 7414
25 79 3294
79 25 3294
25 80 4736
80 25 4736
25 82 6726
82 25 6726
25 83 7226
83 25 7226
25 88 3159
88 25 3159
25 90 6156
90 25 6156
25 91 2084
91 25 2084
25 93 702
93 25 702
25 95 4426
95 25 4426
26 27 5922
27 26 5922
26 33 7075
33 26 7075
26 35 4779
35 26 4779
26 36 6556
36 26 6556
26 37 285
37 26 285
26 38 3082
38 26 3082
26 41 2862
41 26 2862
26 42 1933
42 26 1933
26 52 5893
52 26 5893
26 55 2078
55 26 2078
26 56 872
56 26 872
26 57 4637
57 26 4637
26 58 4062
58 26 4062
26 61 7383
61 26 7383
26 63 4201
63 26 4201
26 65 1146
65 26 1146
26 67 6497
67 26 6497
26 70 2535
70 26 2535
26 72 2628
72 26 2628
26 74 7075
74 26 7075
26 75 2211
75 26 2211
26 77 5220
77 26 5220
26 78 5754
78 26 5754
26 79 4575
79 26 4575
26 81 59
81 26 59
26 85 3559
85 26 3559
26 86 3230
86 26 3230
26 87 981
87 26 981
26 89 1566
89 26 1566
26 90 2842
90 26 2842
26 92 195
92 26 195
26 96 7099
96 26 7099
26 97 4623
97 26 4623
27 29 579
29 27 579
27 30 3747
30 27 3747
27 31 6822
31 27 6822
27 35 5045
35 27 5045
27 36 1191
36 27 1191
27 39 7074
39 27 7074
27 41 4192
41 27 4192
27 42 285
42 27 285
27 45 1848
45 27 1848
27 48 6626
48 27 6626
27 49 256
49 27 256
27 52 954
52 27 954
27 54 6277
54 27 6277
27 58 1427
58 27 1427
27 60 6240
60 27 6240
27 61 2723
61 27 2723
27 63 7310
63 27 7310
27 67 1620
67 27 1620
27 69 6250
69 27 6250
27 70 4850
70 27 4850
27 73 7301
73 27 7301
27 74 2262
74 27 2262
27 75 5846
75 27 5846
27 76 433
76 27 433
27 78 1731
78 27 1731
27 79 6294
79 27 6294
27 80 1925
80 27 1925
27 81 6963
81 27 6963
27 84 6412
84 27 6412
27 85 1516
85 27 1516
27 89 1098
89 27 1098
27 91 4886
91 27 4886
27 93 6443
93 27 6443
27 96 5292
96 27 5292
27 98 3482
98 27 3482
27 99 5252
99 27 5252
28 32 6631
32 28 6631
28 34 356
34 28 356
28 35 3100
35 28 3100
28 38 83
38 28 83
28 39 5378
39 28 5378
28 42 6279
42 28 6279
28 43 1220
43 28 1220
28 46 2722
46 28 2722
28 48 2826
48 28 2826
28 49 1361
49 28 1361
28 52 3748
52 28 3748
28 56 1372
56 28 1372
28 61 1677
61 28 1677
28 62 4057
62 28 4057
28 63 4460
63 28 4460
28 66 6614
66 28 6614
28 67 6228
67 28 6228
28 68 6973
68 28 6973
28 69 660
69 28 660
28 70 3999
70 28 3999
28 71 6980
71 28 6980
28 72 521
72 28 521
28 74 618
74 28 618
28 75 2163
75 28 2163
28 78 1809
78 28 1809
28 80 767
80 28 767
28 84 4739
84 28 4739
28 86 3212
86 28 3212
28 90 5932
90 28 5932
28 91 3648
91 28 3648
28 97 1347
97 28 1347
29 30 1531
30 29 1531
29 31 6923
31 29 6923
29 32 1084
32 29 1084
29 35 4042
35 29 4042
29 36 3015
36 29 3015
29 38 1031
38 29 1031
29 40 2633
40 29 2633
29 41 7164
41 29 7164
29 42 3351
42 29 3351
29 43 3142
43 29 3142
29 46 6016
46 29 6016
29 47 7343
47 29 7343
29 48 4970
48 29 4970
29 49 3598
49 29 3598
29 54 4199
54 29 4199
29 55 3748
55 29 3748
29 57 5455
57 29 5455
29 58 5452
58 29 5452
29 59 504
59 29 504
29 60 3857
60 29 3857
29 61 3729
61 29 3729
29 62 2557
62 29 2557
29 64 5177
64 29 5177
29 65 7165
65 29 7165
29 68 5033
68 29 5033
29 69 558
69 29 558
29 72 5689
72 29 5689
29 73 5363
73 29 5363
29 74 7218
74 29 7218
29 75 6760
75 29 6760
29 76 7257
76 29 7257
29 77 7406
77 29 7406
29 78 4178
78 29 4178
29 79 1109
79 29 1109
29 80 5364
80 29 5364
29 82 4394
82 29 4394
29 83 831
83 29 831
29 84 5803
84 29 5803
29 85 6709
85 29 6709
29 86 1471
86 29 1471
29 89 5310
89 29 5310
29 95 4889
95 29 4889
29 96 6917
96 29 6917
29 97 2512
97 29 2512
29 98 966
98 29 966
29 99 2227
99 29 2227
30 33 54
33 30 54
30 35 5324
35 30 5324
30 36 1015
36 30 1015
30 39 314
39 30 314
30 41 1931
41 30 1931
30 45 2905
45 30 2905
30 50 1093
50 30 1093
30 51 491
51 30 491
30 53 5654
53 30 5654
30 56 2898
56 30 2898
30 57 3182
57 30 3182
30 59 6090
59 30 6090
30 63 779
63 30 779
30 65 818
65 30 818
30 66 2261
66 30 2261
30 68 6076
68 30 6076
30 70 3542
70 30 3542
30 71 1534
71 30 1534
30 72 2675
72 30 2675
30 73 6593
73 30 6593
30 74 5310
74 30 5310
30 76 4557
76 30 4557
30 78 3465
78 30 3465
30 80 2495
80 30 2495
30 81 3329
81 30 3329
30 82 3399
82 30 3399
30 83 1970
83 30 1970
30 84 2502
84 30 2502
30 88 1923
88 30 1923
30 91 6426
91 30 6426
30 92 1672
92 30 1672
30 94 5131
94 30 5131
30 95 3417
95 30 3417
30 96 1404
96 30 1404
30 98 1504
98 30 1504
31 32 1860
32 31 1860
31 34 3550
34 31 3550
31 36 290
36 31 290
31 38 6875
38 31 6875
31 41 6229
41 31 6229
31 43 1015
43 31 1015
31 44 3927
44 31 3927
31 47 7407
47 31 7407
31 51 1844
51 31 1844
31 52 6654
52 31 6654
31 54 3726
54 31 3726
31 55 4545
55 31 4545
31 56 3249
56 31 3249
31 57 2387
57 31 2387
31 59 2425
59 31 2425
31 60 2103
60 31 2103
31 61 5957
61 31 5957
31 64 3606
64 31 3606
31 65 321
65 31 321
31 66 4046
66 31 4046
31 70 6567
70 31 6567
31 72 4643
72 31 4643
31 73 6805
73 31 6805
31 74 850
74 31 850
31 76 2111
76 31 2111
31 77 6824
77 31 6824
31 78 1484
78 31 1484
31 85 2075
85 31 2075
31 89 2275
89 31 2275
31 90 7305
90 31 7305
31 91 4261
91 31 4261
31 94 5576
94 31 5576
31 95 6208
95 31 6208
31 98 1586
98 31 1586
31 99 4851
99 31 4851
32 33 5574
33 32 5574
32 34 4592
34 32 4592
32 35 5036
35 32 5036
32 36 3860
36 32 3860
32 39 7300
39 32 7300
32 41 5188
41 32 5188
32 44 3841
44 32 3841
32 45 964
45 32 964
32 46 4957
46 32 4957
32 49 93
49 32 93
32 50 1071
50 32 1071
32 51 7069
51 32 7069
32 54 1439
54 32 1439
32 57 282
57 32 282
32 58 243
58 32 243
32 59 389
59 32 389
32 60 1964
60 32 1964
32 67 4358
67 32 4358
32 68 6005
68 32 6005
32 70 184
70 32 184
32 72 5575
72 32 5575
32 74 622
74 32 622
32 75 2345
75 32 2345
32 78 3795
78 32 3795
32 79 848
79 32 848
32 80 6115
80 32 6115
32 84 2566
84 32 2566
32 87 120
87 32 120
32 90 605
90 32 605
32 91 3522
91 32 3522
32 93 370
93 32 370
32 96 4590
96 32 4590
33 35 242
35 33 242
33 37 4449
37 33 4449
33 38 6405
38 33 6405
33 39 6942
39 33 6942
33 42 1507
42 33 1507
33 47 1266
47 33 1266
33 49 1376
49 33 1376
33 53 5186
53 33 5186
33 54 6289
54 33 6289
33 55 5064
55 33 5064
33 56 6534
56 33 6534
33 59 1343
59 33 1343
33 60 2584
60 33 2584
33 61 1367
61 33 1367
33 63 6434
63 33 6434
33 64 1798
64 33 1798
33 66 1389
66 33 1389
33 70 4782
70 33 4782
33 72 1265
72 33 1265
33 75 1031
75 33 1031
33 79 4705
79 33 4705
33 81 4076
81 33 4076
33 82 5552
82 33 5552
33 83 4547
83 33 4547
33 84 2963
84 33 2963
33 86 1540
86 33 1540
33 88 1503
88 33 1503
33 89 6123
89 33 6123
33 90 4592
90 33 4592
33 91 3551
91 33 3551
33 93 1199
93 33 1199
33 95 1840
95 33 1840
33 96 6091
96 33 6091
33 98 4523
98 33 4523
34 36 2298
36 34 2298
34 38 644
38 34 644
34 43 6076
43 34 6076
34 47 4270
47 34 4270
34 49 1394
49 34 1394
34 53 7133
53 34 7133
34 54 4954
54 34 4954
34 55 4639
55 34 4639
34 56 6512
56 34 6512
34 60 4905
60 34 4905
34 61 3236
61 34 3236
34 64 1995
64 34 1995
34 65 202
65 34 202
34 68 7216
68 34 7216
34 69 4875
69 34 4875
34 70 2242
70 34 2242
34 73 5012
73 34 5012
34 74 6229
74 34 6229
34 76 3172
76 34 3172
34 77 4722
77 34 4722
34 78 4252
78 34 4252
34 81 6519
81 34 6519
34 83 5816
83 34 5816
34 85 3115
85 34 3115
34 88 7421
88 34 7421
34 90 5589
90 34 5589
34 92 1071
92 34 1071
34 93 5279
93 34 5279
34 95 2520
95 34 2520
35 37 3388
37 35 3388
35 38 2811
38 35 2811
35 39 1286
39 35 1286
35 46 5879
46 35 5879
35 47 3366
47 35 3366
35 49 4729
49 35 4729
35 50 5856
50 35 5856
35 53 7132
53 35 7132
35 55 6825
55 35 6825
35 56 3476
56 35 3476
35 57 4324
57 35 4324
35 59 548
59 35 548
35 63 805
63 35 805
35 64 1539
64 35 1539
35 68 3653
68 35 3653
35 69 1807
69 35 1807
35 74 6338
74 35 6338
35 76 4039
76 35 4039
35 77 6528
77 35 6528
35 78 4909
78 35 4909
35 79 2941
79 35 2941
35 81 3421
81 35 3421
35 82 6581
82 35 6581
35 83 5094
83 35 5094
35 85 4155
85 35 4155
35 87 6761
87 35 6761
35 88 6481
88 35 6481
35 89 6493
89 35 6493
35 91 280
91 35 280
35 94 5127
94 35 5127
35 98 768
98 35 768
36 42 2509
42 36 2509
36 44 3489
44 36 3489
36 52 4476
52 36 4476
36 53 3548
53 36 3548
36 54 4240
54 36 4240
36 55 1647
55 36 1647
36 58 603
58 36 603
36 59 2805
59 36 2805
36 60 6849
60 36 6849
36 65 1599
65 36 1599
36 66 4264
66 36 4264
36 67 6698
67 36 6698
36 71 3930
71 36 3930
36 73 4290
73 36 4290
36 74 5198
74 36 5198
36 76 4584
76 36 4584
36 77 6915
77 36 6915
36 81 3470
81 36 3470
36 82 2332
82 36 2332
36 83 372
83 36 372
36 84 4227
84 36 4227
36 85 2414
85 36 2414
36 86 5753
86 36 5753
36 89 3444
89 36 3444
36 90 5567
90 36 5567
36 91 1698
91 36 1698
36 92 6791
92 36 6791
36 94 1155
94 36 1155
36 97 6314
97 36 6314
36 99 4550
99 36 4550
37 64 3791
64 37 3791
37 69 6510
69 37 6510
37 68 2332
68 37 2332
37 86 3889
86 37 3889
37 80 2190
80 37 2190
37 81 1623
81 37 1623
37 82 5353
82 37 5353
37 84 7363
84 37 7363
37 87 6581
87 37 6581
37 92 5460
92 37 5460
37 93 7270
93 37 7270
37 94 4541
94 37 4541
37 97 377
97 37 377
37 40 5628
40 37 5628
37 71 3569
71 37 3569
37 43 7123
43 37 7123
37 45 3472
45 37 3472
37 46 2696
46 37 2696
37 47 7114
47 37 7114
37 49 5499
49 37 5499
37 51 861
51 37 861
37 52 3920
52 37 3920
37 54 4440
54 37 4440
37 55 1671
55 37 1671
37 59 3491
59 37 3491
37 60 5771
60 37 5771
37 62 6512
62 37 6512
38 40 7357
40 38 7357
38 43 6214
43 38 6214
38 47 17
47 38 17
38 49 4499
49 38 4499
38 50 4386
50 38 4386
38 51 5247
51 38 5247
38 53 5713
53 38 5713
38 54 3394
54 38 3394
38 56 5417
56 38 5417
38 62 4137
62 38 4137
38 63 5716
63 38 5716
38 64 4444
64 38 4444
38 67 1350
67 38 1350
38 68 2926
68 38 2926
38 70 3961
70 38 3961
38 71 7364
71 38 7364
38 72 3546
72 38 3546
38 73 3461
73 38 3461
38 76 6053
76 38 6053
38 77 1407
77 38 1407
38 79 2493
79 38 2493
38 80 2723
80 38 2723
38 81 6501
81 38 6501
38 82 4569
82 38 4569
38 84 4788
84 38 4788
38 85 274
85 38 274
38 86 4110
86 38 4110
38 88 1415
88 38 1415
38 91 3612
91 38 3612
38 92 6265
92 38 6265
38 95 4546
95 38 4546
38 98 5880
98 38 5880
38 99 1601
99 38 1601
39 40 1564
40 39 1564
39 43 2696
43 39 2696
39 44 4468
44 39 4468
39 45 1443
45 39 1443
39 47 714
47 39 714
39 48 6996
48 39 6996
39 49 6972
49 39 6972
39 50 1031
50 39 1031
39 52 6841
52 39 6841
39 55 1349
55 39 1349
39 56 1393
56 39 1393
39 59 3994
59 39 3994
39 63 3055
63 39 3055
39 68 6920
68 39 6920
39 70 4952
70 39 4952
39 71 356
71 39 356
39 72 662
72 39 662
39 73 6281
73 39 6281
39 74 4467
74 39 4467
39 75 4144
75 39 4144
39 76 933
76 39 933
39 80 6646
80 39 6646
39 81 3773
81 39 3773
39 82 6379
82 39 6379
39 84 4223
84 39 4223
39 87 2959
87 39 2959
39 89 4149
89 39 4149
39 90 2388
90 39 2388
39 95 4351
95 39 4351
39 96 4333
96 39 4333
39 97 6876
97 39 6876
40 68 6280
68 40 6280
40 73 3642
73 40 3642
40 75 6659
75 40 6659
40 82 6913
82 40 6913
40 84 3592
84 40 3592
40 85 5191
85 40 5191
40 86 1197
86 40 1197
40 90 5685
90 40 5685
40 69 1119
69 40 1119
40 97 3462
97 40 3462
40 44 1183
44 40 1183
40 46 6305
46 40 6305
40 47 7258
47 40 7258
40 49 3465
49 40 3465
40 51 1212
51 40 1212
40 52 4759
52 40 4759
40 54 2670
54 40 2670
40 55 4745
55 40 4745
40 87 5831
87 40 5831
40 59 6760
59 40 6760
40 60 4532
60 40 4532
40 63 3154
63 40 3154
41 44 2278
44 41 2278
41 46 4347
46 41 4347
41 47 6237
47 41 6237
41 50 5552
50 41 5552
41 51 2277
51 41 2277
41 53 3489
53 41 3489
41 54 370
54 41 370
41 57 6322
57 41 6322
41 58 7300
58 41 7300
41 59 1455
59 41 1455
41 61 6369
61 41 6369
41 63 4554
63 41 4554
41 66 379
66 41 379
41 68 903
68 41 903
41 69 2116
69 41 2116
41 71 2305
71 41 2305
41 73 4082
73 41 4082
41 74 4859
74 41 4859
41 75 1586
75 41 1586
41 76 5273
76 41 5273
41 78 2039
78 41 2039
41 80 1192
80 41 1192
41 81 2068
81 41 2068
41 82 1204
82 41 1204
41 83 1085
83 41 1085
41 85 7281
85 41 7281
41 88 697
88 41 697
41 89 3390
89 41 3390
41 90 4041
90 41 4041
41 92 5858
92 41 5858
41 93 292
93 41 292
41 95 3231
95 41 3231
42 44 6120
44 42 6120
42 48 3164
48 42 3164
42 50 236
50 42 236
42 52 2840
52 42 2840
42 53 4023
53 42 4023
42 55 595
55 42 595
42 56 524
56 42 524
42 57 2896
57 42 2896
42 62 5897
62 42 5897
42 63 5896
63 42 5896
42 66 6108
66 42 6108
42 71 1083
71 42 1083
42 72 895
72 42 895
42 73 2398
73 42 2398
42 78 5471
78 42 5471
42 81 5203
81 42 5203
42 84 1549
84 42 1549
42 85 4299
85 42 4299
42 86 3162
86 42 3162
42 92 2840
92 42 2840
42 93 5987
93 42 5987
42 94 5751
94 42 5751
42 95 1116
95 42 1116
42 96 6906
96 42 6906
42 99 2197
99 42 2197
43 44 3009
44 43 3009
43 45 4415
45 43 4415
43 46 4860
46 43 4860
43 47 4498
47 43 4498
43 49 1037
49 43 1037
43 51 54
51 43 54
43 52 2854
52 43 2854
43 53 7376
53 43 7376
43 56 7334
56 43 7334
43 57 4825
57 43 4825
43 58 2304
58 43 2304
43 60 2000
60 43 2000
43 61 1657
61 43 1657
43 64 3190
64 43 3190
43 66 6882
66 43 6882
43 67 1191
67 43 1191
43 72 3502
72 43 3502
43 79 2455
79 43 2455
43 80 5583
80 43 5583
43 81 2250
81 43 2250
43 83 6891
83 43 6891
43 88 4909
88 43 4909
43 89 2921
89 43 2921
43 90 6678
90 43 6678
43 91 6983
91 43 6983
43 92 3062
92 43 3062
43 94 5246
94 43 5246
43 96 2666
96 43 2666
43 97 6723
97 43 6723
43 98 5748
98 43 5748
44 45 5148
45 44 5148
44 47 2057
47 44 2057
44 49 6661
49 44 6661
44 51 3372
51 44 3372
44 52 1385
52 44 1385
44 54 5504
54 44 5504
44 55 742
55 44 742
44 56 1980
56 44 1980
44 58 6193
58 44 6193
44 60 890
60 44 890
44 62 2222
62 44 2222
44 63 3662
63 44 3662
44 67 4586
67 44 4586
44 71 2111
71 44 2111
44 73 3903
73 44 3903
44 75 5188
75 44 5188
44 78 5860
78 44 5860
44 80 1459
80 44 1459
44 82 6801
82 44 6801
44 83 2199
83 44 2199
44 86 2413
86 44 2413
44 87 608
87 44 608
44 88 5067
88 44 5067
44 89 4802
89 44 4802
44 90 2853
90 44 2853
44 91 95
91 44 95
44 93 4085
93 44 4085
44 95 3402
95 44 3402
44 97 2466
97 44 2466
44 99 4826
99 44 4826
45 46 2404
46 45 2404
45 48 1277
48 45 1277
45 54 4386
54 45 4386
45 55 345
55 45 345
45 57 3739
57 45 3739
45 62 6836
62 45 6836
45 63 90
63 45 90
45 64 3995
64 45 3995
45 65 7357
65 45 7357
45 67 204
67 45 204
45 68 3824
68 45 3824
45 71 3774
71 45 3774
45 75 348
75 45 348
45 76 7043
76 45 7043
45 77 107
77 45 107
45 79 6670
79 45 6670
45 80 5074
80 45 5074
45 83 4476
83 45 4476
45 84 4855
84 45 4855
45 85 4968
85 45 4968
45 87 788
87 45 788
45 88 834
88 45 834
45 90 3651
90 45 3651
45 91 2018
91 45 2018
45 93 1188
93 45 1188
45 96 6886
96 45 6886
45 98 4880
98 45 4880
45 99 5352
99 45 5352
46 47 2986
47 46 2986
46 48 7214
48 46 7214
46 50 2394
50 46 2394
46 51 6908
51 46 6908
46 52 1233
52 46 1233
46 53 2568
53 46 2568
46 54 2329
54 46 2329
46 55 1156
55 46 1156
46 57 1344
57 46 1344
46 58 3539
58 46 3539
46 59 2693
59 46 2693
46 61 7322
61 46 7322
46 67 4678
67 46 4678
46 69 6397
69 46 6397
46 70 2954
70 46 2954
46 71 6683
71 46 6683
46 73 3117
73 46 3117
46 74 6708
74 46 6708
46 75 5159
75 46 5159
46 77 2309
77 46 2309
46 78 1684
78 46 1684
46 80 460
80 46 460
46 81 2594
81 46 2594
46 82 83
82 46 83
46 87 6292
87 46 6292
46 88 2544
88 46 2544
46 90 1327
90 46 1327
46 91 5549
91 46 5549
46 93 3946
93 46 3946
46 95 1775
95 46 1775
47 50 3091
50 47 3091
47 51 4899
51 47 4899
47 53 6089
53 47 6089
47 55 7303
55 47 7303
47 56 3581
56 47 3581
47 57 1350
57 47 1350
47 59 6654
59 47 6654
47 62 4045
62 47 4045
47 66 5694
66 47 5694
47 67 6319
67 47 6319
47 69 7187
69 47 7187
47 71 6946
71 47 6946
47 73 6816
73 47 6816
47 75 1917
75 47 1917
47 76 2432
76 47 2432
47 77 5917
77 47 5917
47 80 2359
80 47 2359
47 81 3224
81 47 3224
47 84 6303
84 47 6303
47 85 6885
85 47 6885
47 86 7111
86 47 7111
47 87 2651
87 47 2651
47 89 6384
89 47 6384
47 91 4421
91 47 4421
47 92 3119
92 47 3119
47 96 5452
96 47 5452
47 97 6007
97 47 6007
47 98 4138
98 47 4138
48 51 6143
51 48 6143
48 52 2309
52 48 2309
48 54 4399
54 48 4399
48 62 2171
62 48 2171
48 63 4304
63 48 4304
48 65 5211
65 48 5211
48 66 6485
66 48 6485
48 67 7093
67 48 7093
48 68 1119
68 48 1119
48 70 1328
70 48 1328
48 71 2640
71 48 2640
48 72 3322
72 48 3322
48 73 3285
73 48 3285
48 74 4352
74 48 4352
48 75 3519
75 48 3519
48 76 4099
76 48 4099
48 85 3224
85 48 3224
48 87 7018
87 48 7018
48 88 3065
88 48 3065
48 89 4600
89 48 4600
48 90 1735
90 48 1735
48 91 668
91 48 668
48 92 1282
92 48 1282
48 94 5421
94 48 5421
48 95 6052
95 48 6052
48 98 6059
98 48 6059
49 50 4759
50 49 4759
49 53 3565
53 49 3565
49 56 4883
56 49 4883
49 58 4402
58 49 4402
49 59 3631
59 49 3631
49 62 6276
62 49 6276
49 66 5690
66 49 5690
49 68 544
68 49 544
49 69 1785
69 49 1785
49 72 2713
72 49 2713
49 73 2220
73 49 2220
49 74 2639
74 49 2639
49 78 6086
78 49 6086
49 80 1816
80 49 1816
49 85 5806
85 49 5806
49 88 7026
88 49 7026
49 89 6887
89 49 6887
49 91 3453
91 49 3453
49 93 4579
93 49 4579
49 94 96
94 49 96
49 96 5670
96 49 5670
49 97 7165
97 49 7165
49 98 1891
98 49 1891
49 99 7330
99 49 7330
50 52 2528
52 50 2528
50 53 1831
53 50 1831
50 54 635
54 50 635
50 56 1826
56 50 1826
50 58 4759
58 50 4759
50 60 6316
60 50 6316
50 64 4438
64 50 4438
50 65 5120
65 50 5120
50 68 6064
68 50 6064
50 70 2277
70 50 2277
50 71 5736
71 50 5736
50 74 6196
74 50 6196
50 75 6870
75 50 6870
50 77 2034
77 50 2034
50 78 2185
78 50 2185
50 80 5778
80 50 5778
50 81 685
81 50 685
50 82 465
82 50 465
50 84 4536
84 50 4536
50 85 3773
85 50 3773
50 86 5385
86 50 5385
50 88 7316
88 50 7316
50 90 506
90 50 506
50 91 1424
91 50 1424
50 92 7258
92 50 7258
50 93 6487
93 50 6487
50 94 4279
94 50 4279
50 95 4606
95 50 4606
50 97 6250
97 50 6250
50 98 5047
98 50 5047
50 99 6498
99 50 6498
51 54 7135
54 51 7135
51 55 3145
55 51 3145
51 60 2983
60 51 2983
51 61 3849
61 51 3849
51 64 385
64 51 385
51 66 7124
66 51 7124
51 69 310
69 51 310
51 70 2704
70 51 2704
51 71 6576
71 51 6576
51 73 864
73 51 864
51 75 5099
75 51 5099
51 83 3057
83 51 3057
51 88 3573
88 51 3573
51 89 316
89 51 316
51 91 3735
91 51 3735
51 92 5449
92 51 5449
51 93 6152
93 51 6152
51 96 6943
96 51 6943
51 98 1530
98 51 1530
52 69 7006
69 52 7006
52 70 6559
