70 3622 52
0 1 385
1 0 385
0 2 1548
2 0 1548
0 4 2449
4 0 2449
0 5 3327
5 0 3327
0 6 1828
6 0 1828
0 7 5252
7 0 5252
0 9 2981
9 0 2981
0 10 2310
10 0 2310
0 11 2770
11 0 2770
0 13 1430
13 0 1430
0 16 4557
16 0 4557
0 17 246
17 0 246
0 19 5170
19 0 5170
0 20 1155
20 0 1155
0 24 577
24 0 577
0 25 734
25 0 734
0 27 1440
27 0 1440
0 28 1985
28 0 1985
0 30 2358
30 0 2358
0 32 2405
32 0 2405
0 33 4294
33 0 4294
0 34 1873
34 0 1873
0 35 1793
35 0 1793
0 36 2755
36 0 2755
0 37 3221
37 0 3221
0 38 1236
38 0 1236
0 39 3880
39 0 3880
0 40 4850
40 0 4850
0 41 575
41 0 575
0 43 2040
43 0 2040
0 44 4417
44 0 4417
0 45 3520
45 0 3520
0 46 56
46 0 56
0 47 2239
47 0 2239
0 48 1818
48 0 1818
0 49 2514
49 0 2514
0 50 4205
50 0 4205
0 51 2884
51 0 2884
0 52 3238
52 0 3238
0 53 237
53 0 237
0 54 4704
54 0 4704
0 55 4489
55 0 4489
0 56 4078
56 0 4078
0 57 4079
57 0 4079
0 58 4936
58 0 4936
0 59 2232
59 0 2232
0 60 1698
60 0 1698
0 61 1678
61 0 1678
0 62 510
62 0 510
0 63 3874
63 0 3874
0 64 3726
64 0 3726
0 66 4083
66 0 4083
0 69 2533
69 0 2533
1 2 380
2 1 380
1 3 3717
3 1 3717
1 4 156
4 1 156
1 6 1228
6 1 1228
1 7 2517
7 1 2517
1 8 3882
8 1 3882
1 10 1115
10 1 1115
1 11 4608
11 1 4608
1 12 710
12 1 710
1 13 5109
13 1 5109
1 14 3465
14 1 3465
1 15 4937
15 1 4937
1 16 1421
16 1 1421
1 17 2114
17 1 2114
1 18 3107
18 1 3107
1 20 3383
20 1 3383
1 21 3082
21 1 3082
1 22 2282
22 1 2282
1 23 5240
23 1 5240
1 24 1901
24 1 1901
1 25 4924
25 1 4924
1 26 71
26 1 71
1 29 566
29 1 566
1 31 697
31 1 697
1 32 5049
32 1 5049
1 33 1428
33 1 1428
1 34 1591
34 1 1591
1 36 1593
36 1 1593
1 38 2842
38 1 2842
1 39 4817
39 1 4817
1 41 3530
41 1 3530
1 42 2550
42 1 2550
1 44 4827
44 1 4827
1 45 2181
45 1 2181
1 46 1143
46 1 1143
1 50 1958
50 1 1958
1 51 3487
51 1 3487
1 52 1232
52 1 1232
1 54 2088
54 1 2088
1 55 907
55 1 907
1 58 3510
58 1 3510
1 59 1400
59 1 1400
1 60 1222
60 1 1222
1 61 4491
61 1 4491
1 62 4271
62 1 4271
1 63 4377
63 1 4377
1 64 2869
64 1 2869
1 65 5302
65 1 5302
1 67 74
67 1 74
1 68 3183
68 1 3183
2 4 479
4 2 479
2 7 2725
7 2 2725
2 9 4970
9 2 4970
2 10 3977
10 2 3977
2 11 4950
11 2 4950
2 12 4089
12 2 4089
2 13 2742
13 2 2742
2 14 1293
14 2 1293
2 15 2578
15 2 2578
2 16 755
16 2 755
2 17 854
17 2 854
2 18 786
18 2 786
2 20 1007
20 2 1007
2 21 1775
21 2 1775
2 22 3803
22 2 3803
2 24 5415
24 2 5415
2 25 3946
25 2 3946
2 26 4560
26 2 4560
2 28 3728
28 2 3728
2 29 772
29 2 772
2 30 1733
30 2 1733
2 31 3400
31 2 3400
2 32 1412
32 2 1412
2 33 3967
33 2 3967
2 34 176
34 2 176
2 35 4621
35 2 4621
2 36 2092
36 2 2092
2 37 1917
37 2 1917
2 38 3941
38 2 3941
2 39 4490
39 2 4490
2 42 773
42 2 773
2 43 1581
43 2 1581
2 44 5119
44 2 5119
2 45 1002
45 2 1002
2 46 3178
46 2 3178
2 48 3864
48 2 3864
2 50 2317
50 2 2317
2 51 4705
51 2 4705
2 53 1157
53 2 1157
2 56 1236
56 2 1236
2 57 382
57 2 382
2 58 830
58 2 830
2 62 4201
62 2 4201
2 63 4100
63 2 4100
2 64 4086
64 2 4086
2 66 2843
66 2 2843
2 67 1538
67 2 1538
2 68 1885
68 2 1885
2 69 400
69 2 400
3 4 4445
4 3 4445
3 9 1050
9 3 1050
3 10 281
10 3 281
3 11 5066
11 3 5066
3 13 1713
13 3 1713
3 14 1338
14 3 1338
3 15 1020
15 3 1020
3 16 3490
16 3 3490
3 19 4613
19 3 4613
3 21 2943
21 3 2943
3 22 5233
22 3 5233
3 23 778
23 3 778
3 24 3367
24 3 3367
3 25 497
25 3 497
3 28 2474
28 3 2474
3 30 4160
30 3 4160
3 31 5277
31 3 5277
3 33 1734
33 3 1734
3 34 2338
34 3 2338
3 35 4488
35 3 4488
3 36 1727
36 3 1727
3 38 4720
38 3 4720
3 39 4754
39 3 4754
3 40 4293
40 3 4293
3 41 2936
41 3 2936
3 42 2140
42 3 2140
3 43 1740
43 3 1740
3 45 933
45 3 933
3 46 4520
46 3 4520
3 47 3222
47 3 3222
3 50 5172
50 3 5172
3 51 4385
51 3 4385
3 53 1999
53 3 1999
3 54 598
54 3 598
3 55 451
55 3 451
3 56 209
56 3 209
3 57 2596
57 3 2596
3 58 3582
58 3 3582
3 59 3621
59 3 3621
3 61 1561
61 3 1561
3 62 5058
62 3 5058
3 63 1410
63 3 1410
3 66 882
66 3 882
3 68 5070
68 3 5070
3 69 228
69 3 228
4 7 2671
7 4 2671
4 9 1632
9 4 1632
4 10 1482
10 4 1482
4 11 3524
11 4 3524
4 14 1421
14 4 1421
4 15 597
15 4 597
4 16 3749
16 4 3749
4 18 244
18 4 244
4 20 2483
20 4 2483
4 21 1231
21 4 1231
4 22 750
22 4 750
4 23 1836
23 4 1836
4 24 4000
24 4 4000
4 26 3206
26 4 3206
4 28 1245
28 4 1245
4 29 874
29 4 874
4 31 4404
31 4 4404
4 32 3809
32 4 3809
4 34 3358
34 4 3358
4 35 3263
35 4 3263
4 36 2630
36 4 2630
4 37 1732
37 4 1732
4 38 4950
38 4 4950
4 40 218
40 4 218
4 41 1923
41 4 1923
4 42 749
42 4 749
4 43 228
43 4 228
4 44 3161
44 4 3161
4 45 93
45 4 93
4 48 2125
48 4 2125
4 49 1263
49 4 1263
4 50 1047
50 4 1047
4 51 2846
51 4 2846
4 52 1393
52 4 1393
4 53 1140
53 4 1140
4 54 193
54 4 193
4 55 3482
55 4 3482
4 56 1473
56 4 1473
4 57 899
57 4 899
4 58 2905
58 4 2905
4 60 3277
60 4 3277
4 61 1617
61 4 1617
4 62 5051
62 4 5051
4 65 5096
65 4 5096
4 66 3702
66 4 3702
4 67 1354
67 4 1354
4 68 3658
68 4 3658
4 69 4212
69 4 4212
5 6 4186
6 5 4186
5 8 97
8 5 97
5 9 593
9 5 593
5 10 3493
10 5 3493
5 11 194
11 5 194
5 12 3894
12 5 3894
5 13 220
13 5 220
5 14 3136
14 5 3136
5 15 5013
15 5 5013
5 16 2447
16 5 2447
5 18 2265
18 5 2265
5 20 4612
20 5 4612
5 22 1531
22 5 1531
5 23 5140
23 5 5140
5 26 1622
26 5 1622
5 27 4631
27 5 4631
5 28 3586
28 5 3586
5 29 624
29 5 624
5 30 1181
30 5 1181
5 31 1007
31 5 1007
5 32 4941
32 5 4941
5 33 4025
33 5 4025
5 34 299
34 5 299
5 35 2140
35 5 2140
5 36 3666
36 5 3666
5 37 5044
37 5 5044
5 38 2585
38 5 2585
5 39 3771
39 5 3771
5 40 4938
40 5 4938
5 41 4817
41 5 4817
5 42 2605
42 5 2605
5 43 4203
43 5 4203
5 46 3142
46 5 3142
5 47 3239
47 5 3239
5 48 3355
48 5 3355
5 49 1396
49 5 1396
5 50 5303
50 5 5303
5 51 3445
51 5 3445
5 52 2558
52 5 2558
5 53 600
53 5 600
5 54 278
54 5 278
5 55 52
55 5 52
5 56 3676
56 5 3676
5 57 424
57 5 424
5 58 3271
58 5 3271
5 59 2865
59 5 2865
5 60 831
60 5 831
5 61 4914
61 5 4914
5 62 2589
62 5 2589
5 64 2003
64 5 2003
5 66 2312
66 5 2312
5 67 3859
67 5 3859
5 68 5162
68 5 5162
5 69 2823
69 5 2823
6 7 294
7 6 294
6 8 2912
8 6 2912
6 9 5085
9 6 5085
6 10 4070
10 6 4070
6 11 1253
11 6 1253
6 12 1831
12 6 1831
6 13 5245
13 6 5245
6 15 1000
15 6 1000
6 16 3667
16 6 3667
6 17 4694
17 6 4694
6 18 1245
18 6 1245
6 19 3461
19 6 3461
6 20 4928
20 6 4928
6 22 3546
22 6 3546
6 24 187
24 6 187
6 25 4068
25 6 4068
6 29 1317
29 6 1317
6 30 3051
30 6 3051
6 33 4416
33 6 4416
6 34 2991
34 6 2991
6 35 3441
35 6 3441
6 37 3467
37 6 3467
6 38 4950
38 6 4950
6 40 5275
40 6 5275
6 41 1814
41 6 1814
6 42 1670
42 6 1670
6 43 1095
43 6 1095
6 44 3325
44 6 3325
6 45 2551
45 6 2551
6 46 879
46 6 879
6 49 3169
49 6 3169
6 50 916
50 6 916
6 52 1626
52 6 1626
6 54 4050
54 6 4050
6 55 1048
55 6 1048
6 56 696
56 6 696
6 57 175
57 6 175
6 58 1834
58 6 1834
6 62 5156
62 6 5156
6 63 46
63 6 46
6 64 3850
64 6 3850
6 65 2175
65 6 2175
6 66 4588
66 6 4588
6 67 4559
67 6 4559
6 68 366
68 6 366
7 8 1574
8 7 1574
7 9 778
9 7 778
7 10 4729
10 7 4729
7 11 444
11 7 444
7 15 1073
15 7 1073
7 18 78
18 7 78
7 19 5193
19 7 5193
7 22 4440
22 7 4440
7 23 4072
23 7 4072
7 24 5297
24 7 5297
7 25 4050
25 7 4050
7 26 2746
26 7 2746
7 27 4563
27 7 4563
7 28 1822
28 7 1822
7 30 2323
30 7 2323
7 32 5076
32 7 5076
7 34 1396
34 7 1396
7 35 1860
35 7 1860
7 36 2805
36 7 2805
7 37 3620
37 7 3620
7 38 1030
38 7 1030
7 40 4568
40 7 4568
7 41 602
41 7 602
7 42 1324
42 7 1324
7 43 2562
43 7 2562
7 44 717
44 7 717
7 45 360
45 7 360
7 46 795
46 7 795
7 47 930
47 7 930
7 48 2234
48 7 2234
7 49 1211
49 7 1211
7 50 1401
50 7 1401
7 51 2880
51 7 2880
7 52 610
52 7 610
7 54 3416
54 7 3416
7 55 27
55 7 27
7 56 2065
56 7 2065
7 57 1767
57 7 1767
7 60 4035
60 7 4035
7 61 462
61 7 462
7 63 4545
63 7 4545
7 64 2133
64 7 2133
7 65 3612
65 7 3612
7 66 1550
66 7 1550
7 67 2853
67 7 2853
7 69 2185
69 7 2185
8 9 1584
9 8 1584
8 10 804
10 8 804
8 11 2316
11 8 2316
8 12 4275
12 8 4275
8 13 896
13 8 896
8 17 1655
17 8 1655
8 18 3270
18 8 3270
8 19 4192
19 8 4192
8 20 2532
20 8 2532
8 21 4962
21 8 4962
8 22 3669
22 8 3669
8 24 4747
24 8 4747
8 25 5290
25 8 5290
8 27 1150
27 8 1150
8 30 2569
30 8 2569
8 31 180
31 8 180
8 32 2688
32 8 2688
8 33 4852
33 8 4852
8 35 4285
35 8 4285
8 36 1389
36 8 1389
8 37 1900
37 8 1900
8 38 2781
38 8 2781
8 40 331
40 8 331
8 43 3532
43 8 3532
8 44 3707
44 8 3707
8 45 4865
45 8 4865
8 46 4236
46 8 4236
8 48 2176
48 8 2176
8 49 614
49 8 614
8 50 5120
50 8 5120
8 51 4234
51 8 4234
8 52 2673
52 8 2673
8 53 1505
53 8 1505
8 54 3415
54 8 3415
8 55 2722
55 8 2722
8 57 3343
57 8 3343
8 58 3132
58 8 3132
8 59 3521
59 8 3521
8 61 2862
61 8 2862
8 62 4145
62 8 4145
8 64 2189
64 8 2189
8 66 1048
66 8 1048
8 67 1273
67 8 1273
8 68 3985
68 8 3985
8 69 4654
69 8 4654
9 10 25
10 9 25
9 11 3805
11 9 3805
9 12 2701
12 9 2701
9 13 963
13 9 963
9 14 1470
14 9 1470
9 15 3855
15 9 3855
9 16 732
16 9 732
9 17 3107
17 9 3107
9 18 4978
18 9 4978
9 19 5110
19 9 5110
9 20 2728
20 9 2728
9 22 3785
22 9 3785
9 23 3435
23 9 3435
9 24 3385
24 9 3385
9 25 3836
25 9 3836
9 26 3860
26 9 3860
9 28 1814
28 9 1814
9 29 5079
29 9 5079
9 31 1320
31 9 1320
9 32 5152
32 9 5152
9 34 668
34 9 668
9 35 2906
35 9 2906
9 40 616
40 9 616
9 41 1149
41 9 1149
9 42 442
42 9 442
9 44 1335
44 9 1335
9 46 4612
46 9 4612
9 47 3614
47 9 3614
9 48 3159
48 9 3159
9 49 3730
49 9 3730
9 50 2151
50 9 2151
9 51 3346
51 9 3346
9 52 2628
52 9 2628
9 53 978
53 9 978
9 54 1938
54 9 1938
9 55 890
55 9 890
9 56 4136
56 9 4136
9 57 499
57 9 499
9 59 4207
59 9 4207
9 60 3896
60 9 3896
9 62 5050
62 9 5050
9 63 2518
63 9 2518
9 64 4461
64 9 4461
9 65 2802
65 9 2802
9 66 793
66 9 793
9 67 5043
67 9 5043
9 68 4872
68 9 4872
9 69 3581
69 9 3581
10 14 2690
14 10 2690
10 15 4257
15 10 4257
10 18 371
18 10 371
10 19 218
19 10 218
10 20 1528
20 10 1528
10 23 573
23 10 573
10 26 587
26 10 587
10 27 5347
27 10 5347
10 28 5316
28 10 5316
10 31 2648
31 10 2648
10 33 4937
33 10 4937
10 34 340
34 10 340
10 35 1647
35 10 1647
10 36 5157
36 10 5157
10 38 601
38 10 601
10 39 1267
39 10 1267
10 40 3080
40 10 3080
10 41 3171
41 10 3171
10 44 1302
44 10 1302
10 45 5322
45 10 5322
10 46 247
46 10 247
10 48 3549
48 10 3549
10 50 562
50 10 562
10 51 4875
51 10 4875
10 52 2704
52 10 2704
10 55 3297
55 10 3297
10 57 3099
57 10 3099
10 61 4719
61 10 4719
10 63 3685
63 10 3685
10 64 827
64 10 827
10 65 1107
65 10 1107
10 66 4489
66 10 4489
10 67 3895
67 10 3895
10 68 5225
68 10 5225
10 69 4452
69 10 4452
11 12 4686
12 11 4686
11 13 4076
13 11 4076
11 14 1561
14 11 1561
11 16 2742
16 11 2742
11 17 3060
17 11 3060
11 19 1050
19 11 1050
11 20 2080
20 11 2080
11 21 3886
21 11 3886
11 22 3899
22 11 3899
11 23 423
23 11 423
11 24 120
24 11 120
11 25 2133
25 11 2133
11 26 290
26 11 290
11 27 5014
27 11 5014
11 28 1744
28 11 1744
11 29 3222
29 11 3222
11 31 1380
31 11 1380
11 32 2769
32 11 2769
11 34 644
34 11 644
11 35 2383
35 11 2383
11 36 2436
36 11 2436
11 37 557
37 11 557
11 38 81
38 11 81
11 39 3590
39 11 3590
11 40 3269
40 11 3269
11 42 1212
42 11 1212
11 43 3102
43 11 3102
11 44 3972
44 11 3972
11 45 5141
45 11 5141
11 46 29
46 11 29
11 47 4390
47 11 4390
11 48 3826
48 11 3826
11 49 442
49 11 442
11 51 1620
51 11 1620
11 52 4834
52 11 4834
11 54 1800
54 11 1800
11 55 3348
55 11 3348
11 56 2685
56 11 2685
11 57 3847
57 11 3847
11 59 3230
59 11 3230
11 61 2186
61 11 2186
11 62 3539
62 11 3539
11 64 3894
64 11 3894
11 65 4414
65 11 4414
11 68 5242
68 11 5242
11 69 710
69 11 710
12 13 2377
13 12 2377
12 15 5155
15 12 5155
12 16 5043
16 12 5043
12 17 3265
17 12 3265
12 18 2371
18 12 2371
12 20 2627
20 12 2627
12 21 1523
21 12 1523
12 22 4313
22 12 4313
12 23 5069
23 12 5069
12 24 787
24 12 787
12 25 3644
25 12 3644
12 27 3109
27 12 3109
12 28 1024
28 12 1024
12 29 2906
29 12 2906
12 30 4253
30 12 4253
12 31 2496
31 12 2496
12 32 2504
32 12 2504
12 33 1890
33 12 1890
12 37 4460
37 12 4460
12 39 4517
39 12 4517
12 40 4108
40 12 4108
12 42 593
42 12 593
12 43 4335
43 12 4335
12 44 954
44 12 954
12 46 4893
46 12 4893
12 47 3327
47 12 3327
12 49 2450
49 12 2450
12 50 1758
50 12 1758
12 51 4257
51 12 4257
12 54 2359
54 12 2359
12 55 1328
55 12 1328
12 56 3510
56 12 3510
12 58 3269
58 12 3269
12 60 4956
60 12 4956
12 62 205
62 12 205
12 63 515
63 12 515
12 64 2511
64 12 2511
12 65 3510
65 12 3510
12 67 587
67 12 587
12 68 3137
68 12 3137
12 69 3447
69 12 3447
13 14 3870
14 13 3870
13 16 1285
16 13 1285
13 17 3945
17 13 3945
13 18 2348
18 13 2348
13 19 3010
19 13 3010
13 20 1131
20 13 1131
13 22 1629
22 13 1629
13 23 4021
23 13 4021
13 24 1539
24 13 1539
13 25 2854
25 13 2854
13 26 3725
26 13 3725
13 27 131
27 13 131
13 28 5356
28 13 5356
13 29 3061
29 13 3061
13 30 4718
30 13 4718
13 31 1960
31 13 1960
13 32 1288
32 13 1288
13 35 4844
35 13 4844
13 37 2026
37 13 2026
13 38 2403
38 13 2403
13 39 2776
39 13 2776
13 40 4239
40 13 4239
13 41 2441
41 13 2441
13 43 747
43 13 747
13 44 4062
44 13 4062
13 45 5110
45 13 5110
13 46 284
46 13 284
13 47 2837
47 13 2837
13 48 2493
48 13 2493
13 49 115
49 13 115
13 51 2432
51 13 2432
13 52 428
52 13 428
13 53 1688
53 13 1688
13 54 4387
54 13 4387
13 55 2906
55 13 2906
13 56 3255
56 13 3255
13 57 1697
57 13 1697
13 60 1926
60 13 1926
13 61 2859
61 13 2859
13 62 137
62 13 137
13 64 284
64 13 284
13 65 4686
65 13 4686
13 66 339
66 13 339
13 67 1093
67 13 1093
13 68 4537
68 13 4537
13 69 4873
69 13 4873
14 15 3093
15 14 3093
14 16 1626
16 14 1626
14 17 398
17 14 398
14 18 4116
18 14 4116
14 21 2397
21 14 2397
14 22 4252
22 14 4252
14 23 2872
23 14 2872
14 24 5427
24 14 5427
14 25 106
25 14 106
14 26 3083
26 14 3083
14 31 1922
31 14 1922
14 32 4646
32 14 4646
14 33 910
33 14 910
14 34 3482
34 14 3482
14 36 3029
36 14 3029
14 38 4961
38 14 4961
14 39 3539
39 14 3539
14 40 4501
40 14 4501
14 41 4019
41 14 4019
14 42 1794
42 14 1794
14 43 4611
43 14 4611
14 44 3914
44 14 3914
14 45 1260
45 14 1260
14 47 509
47 14 509
14 48 2169
48 14 2169
14 49 4567
49 14 4567
14 50 4412
50 14 4412
14 52 1112
52 14 1112
14 53 4571
53 14 4571
14 55 110
55 14 110
14 57 445
57 14 445
14 58 1477
58 14 1477
14 59 4344
59 14 4344
14 60 1120
60 14 1120
14 61 211
61 14 211
14 62 4749
62 14 4749
14 63 1910
63 14 1910
14 64 4799
64 14 4799
14 65 1975
65 14 1975
14 66 3715
66 14 3715
14 67 3535
67 14 3535
14 68 2644
68 14 2644
15 17 5343
17 15 5343
15 18 2957
18 15 2957
15 20 1708
20 15 1708
15 21 3333
21 15 3333
15 22 3457
22 15 3457
15 25 190
25 15 190
15 27 5052
27 15 5052
15 29 312
29 15 312
15 30 3184
30 15 3184
15 31 3800
31 15 3800
15 32 1779
32 15 1779
15 33 5325
33 15 5325
15 35 2868
35 15 2868
15 36 2777
36 15 2777
15 37 1077
37 15 1077
15 38 3902
38 15 3902
15 39 2907
39 15 2907
15 40 4505
40 15 4505
15 42 2360
42 15 2360
15 43 3804
43 15 3804
15 44 3123
44 15 3123
15 45 1591
45 15 1591
15 46 4561
46 15 4561
15 47 5246
47 15 5246
15 48 4378
48 15 4378
15 49 2777
49 15 2777
15 50 1520
50 15 1520
15 51 2818
51 15 2818
15 52 4785
52 15 4785
15 53 2047
53 15 2047
15 54 2550
54 15 2550
15 55 2946
55 15 2946
15 57 5393
57 15 5393
15 58 1728
58 15 1728
15 59 4673
59 15 4673
15 61 4768
61 15 4768
15 62 5207
62 15 5207
15 63 2343
63 15 2343
15 64 3893
64 15 3893
15 65 1314
65 15 1314
15 66 3724
66 15 3724
15 67 1194
67 15 1194
15 69 1496
69 15 1496
16 17 1694
17 16 1694
16 18 70
18 16 70
16 19 2445
19 16 2445
16 20 239
20 16 239
16 21 2121
21 16 2121
16 22 5300
22 16 5300
16 23 275
23 16 275
16 24 2114
24 16 2114
16 25 2151
25 16 2151
16 26 1304
26 16 1304
16 29 1188
29 16 1188
16 30 2296
30 16 2296
16 31 775
31 16 775
16 32 2087
32 16 2087
16 33 2342
33 16 2342
16 34 2569
34 16 2569
16 35 3894
35 16 3894
16 36 3033
36 16 3033
16 37 2134
37 16 2134
16 38 2017
38 16 2017
16 39 3091
39 16 3091
16 40 4708
40 16 4708
16 41 2030
41 16 2030
16 43 2469
43 16 2469
16 44 3202
44 16 3202
16 45 273
45 16 273
16 46 3773
46 16 3773
16 47 3267
47 16 3267
16 48 3890
48 16 3890
16 50 4498
50 16 4498
16 51 273
51 16 273
16 52 4200
52 16 4200
16 53 4030
53 16 4030
16 54 3182
54 16 3182
16 55 3376
55 16 3376
16 56 529
56 16 529
16 57 2055
57 16 2055
16 59 1429
59 16 1429
16 62 2660
62 16 2660
16 64 2907
64 16 2907
16 66 5274
66 16 5274
16 67 1514
67 16 1514
16 68 366
68 16 366
17 18 5407
18 17 5407
17 19 2591
19 17 2591
17 20 4322
20 17 4322
17 21 322
21 17 322
17 22 1069
22 17 1069
17 25 5415
25 17 5415
17 26 2014
26 17 2014
17 27 4271
27 17 4271
17 28 2361
28 17 2361
17 29 2570
29 17 2570
17 30 1266
30 17 1266
17 31 922
31 17 922
17 32 537
32 17 537
17 33 4928
33 17 4928
17 34 165
34 17 165
17 35 1250
35 17 1250
17 36 4604
36 17 4604
17 38 276
38 17 276
17 39 1799
39 17 1799
17 41 2952
41 17 2952
17 42 413
42 17 413
17 43 2681
43 17 2681
17 44 2062
44 17 2062
17 45 1295
45 17 1295
17 46 474
46 17 474
17 47 3584
47 17 3584
17 48 4578
48 17 4578
17 49 2387
49 17 2387
17 50 1902
50 17 1902
17 51 1902
51 17 1902
17 53 1930
53 17 1930
17 54 3420
54 17 3420
17 55 4713
55 17 4713
17 58 2930
58 17 2930
17 59 467
59 17 467
17 60 3610
60 17 3610
17 62 1870
62 17 1870
17 63 804
63 17 804
17 64 4839
64 17 4839
17 65 5060
65 17 5060
17 66 4739
66 17 4739
17 67 411
67 17 411
17 68 3825
68 17 3825
17 69 2475
69 17 2475
18 19 441
19 18 441
18 20 215
20 18 215
18 22 4490
22 18 4490
18 23 2953
23 18 2953
18 25 4526
25 18 4526
18 26 1662
26 18 1662
18 27 220
27 18 220
18 28 521
28 18 521
18 31 246
31 18 246
18 32 659
32 18 659
18 37 1637
37 18 1637
18 40 3584
40 18 3584
18 41 4198
41 18 4198
18 42 5323
42 18 5323
18 44 509
44 18 509
18 45 5005
45 18 5005
18 47 2910
47 18 2910
18 49 1817
49 18 1817
18 50 1593
50 18 1593
18 52 4819
52 18 4819
18 54 2466
54 18 2466
18 55 87
55 18 87
18 57 4517
57 18 4517
18 58 1622
58 18 1622
18 59 3404
59 18 3404
18 60 5181
60 18 5181
18 61 1206
61 18 1206
18 62 1027
62 18 1027
18 63 3918
63 18 3918
18 64 2586
64 18 2586
18 66 653
66 18 653
18 67 2461
67 18 2461
18 68 3670
68 18 3670
19 21 3422
21 19 3422
19 22 14
22 19 14
19 23 4211
23 19 4211
19 25 1535
25 19 1535
19 26 1669
26 19 1669
19 27 4955
27 19 4955
19 28 315
28 19 315
19 29 3019
29 19 3019
19 30 4107
30 19 4107
19 31 4357
31 19 4357
19 32 42
32 19 42
19 34 484
34 19 484
19 36 605
36 19 605
19 37 1272
37 19 1272
19 38 5219
38 19 5219
19 39 4581
39 19 4581
19 40 2534
40 19 2534
19 42 3236
42 19 3236
19 45 1615
45 19 1615
19 46 2251
46 19 2251
19 48 1267
48 19 1267
19 49 4055
49 19 4055
19 50 4678
50 19 4678
19 52 3108
52 19 3108
19 53 5355
53 19 5355
19 54 4888
54 19 4888
19 55 3900
55 19 3900
19 57 5352
57 19 5352
19 58 2358
58 19 2358
19 59 5321
59 19 5321
19 60 3912
60 19 3912
19 61 5095
61 19 5095
19 62 1427
62 19 1427
19 63 447
63 19 447
19 64 4168
64 19 4168
19 65 461
65 19 461
19 66 645
66 19 645
19 67 2025
67 19 2025
19 68 2800
68 19 2800
19 69 2961
69 19 2961
20 21 2977
21 20 2977
20 22 5328
22 20 5328
20 24 3798
24 20 3798
20 26 3285
26 20 3285
20 27 5128
27 20 5128
20 28 2235
28 20 2235
20 29 1442
29 20 1442
20 30 4342
30 20 4342
20 35 912
35 20 912
20 37 671
37 20 671
20 39 860
39 20 860
20 40 1045
40 20 1045
20 41 2636
41 20 2636
20 42 1492
42 20 1492
20 43 3319
43 20 3319
20 44 1831
44 20 1831
20 45 2509
45 20 2509
20 46 1556
46 20 1556
20 47 2706
47 20 2706
20 48 1445
48 20 1445
20 52 5432
52 20 5432
20 55 472
55 20 472
20 56 3438
56 20 3438
20 57 3534
57 20 3534
20 58 3824
58 20 3824
20 59 4783
59 20 4783
20 61 4978
61 20 4978
20 63 3550
63 20 3550
20 64 4577
64 20 4577
20 65 3432
65 20 3432
20 67 3297
67 20 3297
20 68 2144
68 20 2144
21 24 1380
24 21 1380
21 25 2705
25 21 2705
21 28 3385
28 21 3385
21 29 860
29 21 860
21 31 4006
31 21 4006
21 32 744
32 21 744
21 33 3840
33 21 3840
21 34 3197
34 21 3197
21 35 2611
35 21 2611
21 36 1647
36 21 1647
21 37 328
37 21 328
21 38 22
38 21 22
21 39 2322
39 21 2322
21 40 1423
40 21 1423
21 41 2540
41 21 2540
21 42 895
42 21 895
21 43 5062
43 21 5062
21 44 457
44 21 457
21 45 5218
45 21 5218
21 46 3732
46 21 3732
21 47 4448
47 21 4448
21 49 4273
49 21 4273
21 50 539
50 21 539
21 51 5296
51 21 5296
21 52 984
52 21 984
21 53 3640
53 21 3640
21 54 4554
54 21 4554
21 55 3762
55 21 3762
21 57 2172
57 21 2172
21 60 3569
60 21 3569
21 61 327
61 21 327
21 62 4763
62 21 4763
21 63 4644
63 21 4644
21 64 3477
64 21 3477
21 65 981
65 21 981
21 67 2940
67 21 2940
21 69 923
69 21 923
22 24 2146
24 22 2146
22 29 585
29 22 585
22 30 1842
30 22 1842
22 33 1507
33 22 1507
22 35 1286
35 22 1286
22 36 3651
36 22 3651
22 38 3959
38 22 3959
22 39 1309
39 22 1309
22 40 303
40 22 303
22 41 4164
41 22 4164
22 42 2428
42 22 2428
22 43 3496
43 22 3496
22 45 3793
45 22 3793
22 46 1405
46 22 1405
22 47 3568
47 22 3568
22 48 1160
48 22 1160
22 50 2231
50 22 2231
22 52 3496
52 22 3496
22 53 1371
53 22 1371
22 54 2742
54 22 2742
22 55 2215
55 22 2215
22 57 2899
57 22 2899
22 58 4130
58 22 4130
22 59 4912
59 22 4912
22 61 28
61 22 28
22 62 1606
62 22 1606
22 63 920
63 22 920
22 65 4163
65 22 4163
22 67 1008
67 22 1008
22 68 839
68 22 839
23 24 1782
24 23 1782
23 25 2465
25 23 2465
23 27 5148
27 23 5148
23 28 1746
28 23 1746
23 29 3910
29 23 3910
23 30 2919
30 23 2919
23 31 333
31 23 333
23 33 1462
33 23 1462
23 39 3692
39 23 3692
23 41 1476
41 23 1476
23 42 2230
42 23 2230
23 43 2633
43 23 2633
23 44 2804
44 23 2804
23 45 4967
45 23 4967
23 46 2865
46 23 2865
23 47 1006
47 23 1006
23 49 1673
49 23 1673
23 50 3338
50 23 3338
23 51 1151
51 23 1151
23 52 2627
52 23 2627
23 53 1252
53 23 1252
23 54 3454
54 23 3454
23 57 5253
57 23 5253
23 59 3288
59 23 3288
23 61 3614
61 23 3614
23 62 373
62 23 373
23 63 5411
63 23 5411
23 64 2551
64 23 2551
23 65 3841
65 23 3841
23 66 2500
66 23 2500
23 68 157
68 23 157
24 25 130
25 24 130
24 26 5023
26 24 5023
24 27 1684
27 24 1684
24 29 3596
29 24 3596
24 30 2208
30 24 2208
24 31 2632
31 24 2632
24 34 1623
34 24 1623
24 36 4175
36 24 4175
24 37 2083
37 24 2083
24 38 5105
38 24 5105
24 39 2754
39 24 2754
24 40 316
40 24 316
24 42 2121
42 24 2121
24 44 765
44 24 765
24 45 3431
45 24 3431
24 46 4588
46 24 4588
24 48 1213
48 24 1213
24 49 3988
49 24 3988
24 51 248
51 24 248
24 52 1290
52 24 1290
24 53 3742
53 24 3742
24 54 2348
54 24 2348
24 55 2656
55 24 2656
24 57 1021
57 24 1021
24 58 3475
58 24 3475
24 59 4205
59 24 4205
24 60 4499
60 24 4499
24 61 2815
61 24 2815
24 64 4408
64 24 4408
24 65 4287
65 24 4287
24 66 1870
66 24 1870
24 67 1347
67 24 1347
24 68 3988
68 24 3988
24 69 4549
69 24 4549
25 26 931
26 25 931
25 27 4120
27 25 4120
25 28 4190
28 25 4190
25 30 1758
30 25 1758
25 31 1632
31 25 1632
25 32 3236
32 25 3236
25 33 4931
33 25 4931
25 34 3366
34 25 3366
25 35 1439
35 25 1439
25 36 3319
36 25 3319
25 37 2516
37 25 2516
25 38 2818
38 25 2818
25 39 3621
39 25 3621
25 40 2881
40 25 2881
25 41 3588
41 25 3588
25 44 2594
44 25 2594
25 45 5127
45 25 5127
25 48 4111
48 25 4111
25 49 4959
49 25 4959
25 50 556
50 25 556
25 51 5203
51 25 5203
25 53 4497
53 25 4497
25 54 208
54 25 208
25 55 1950
55 25 1950
25 56 2895
56 25 2895
25 58 4704
58 25 4704
25 60 4209
60 25 4209
25 61 2562
61 25 2562
25 63 4094
63 25 4094
25 64 628
64 25 628
25 65 1888
65 25 1888
25 66 798
66 25 798
25 67 3815
67 25 3815
25 68 3549
68 25 3549
26 27 1190
27 26 1190
26 30 3159
30 26 3159
26 31 2287
31 26 2287
26 32 1819
32 26 1819
26 33 4281
33 26 4281
26 35 4625
35 26 4625
26 36 3430
36 26 3430
26 37 240
37 26 240
26 39 3396
39 26 3396
26 41 3815
41 26 3815
26 42 3332
42 26 3332
26 43 4881
43 26 4881
26 45 5383
45 26 5383
26 46 515
46 26 515
26 47 1729
47 26 1729
26 49 3788
49 26 3788
26 52 4594
52 26 4594
26 53 115
53 26 115
26 56 841
56 26 841
26 57 1039
57 26 1039
26 59 4358
59 26 4358
26 60 4093
60 26 4093
26 62 4763
62 26 4763
26 63 5148
63 26 5148
26 64 3497
64 26 3497
26 65 1499
65 26 1499
26 66 2380
66 26 2380
26 67 298
67 26 298
26 68 2250
68 26 2250
27 29 4640
29 27 4640
27 30 3161
30 27 3161
27 31 3924
31 27 3924
27 33 1227
33 27 1227
27 34 4404
34 27 4404
27 35 1203
35 27 1203
27 36 5213
36 27 5213
27 37 3057
37 27 3057
27 38 1970
38 27 1970
27 39 1894
39 27 1894
27 40 796
40 27 796
27 41 68
41 27 68
27 45 1249
45 27 1249
27 46 1580
46 27 1580
27 47 292
47 27 292
27 48 2987
48 27 2987
27 49 3645
49 27 3645
27 51 4547
51 27 4547
27 52 3
52 27 3
27 53 4070
53 27 4070
27 54 3344
54 27 3344
27 56 2235
56 27 2235
27 57 2205
57 27 2205
27 59 2050
59 27 2050
27 60 1640
60 27 1640
27 61 2222
61 27 2222
27 62 4926
62 27 4926
27 63 618
63 27 618
27 64 4826
64 27 4826
27 65 3551
65 27 3551
27 67 4169
67 27 4169
27 68 4672
68 27 4672
28 29 2542
29 28 2542
28 30 5143
30 28 5143
28 31 3824
31 28 3824
28 32 3675
32 28 3675
28 33 536
33 28 536
28 34 5426
34 28 5426
28 35 235
35 28 235
28 36 3429
36 28 3429
28 37 1847
37 28 1847
28 38 116
38 28 116
28 39 630
39 28 630
28 41 1181
41 28 1181
28 42 898
42 28 898
28 43 5262
43 28 5262
28 44 3124
44 28 3124
28 45 1661
45 28 1661
28 46 5162
46 28 5162
28 48 1802
48 28 1802
28 50 1273
50 28 1273
28 51 3942
51 28 3942
28 52 913
52 28 913
28 53 4272
53 28 4272
28 54 814
54 28 814
28 56 1340
56 28 1340
28 58 3251
58 28 3251
28 60 3173
60 28 3173
28 61 326
61 28 326
28 62 551
62 28 551
28 63 3250
63 28 3250
28 66 1823
66 28 1823
28 67 1583
67 28 1583
28 68 1771
68 28 1771
28 69 3536
69 28 3536
29 30 2932
30 29 2932
29 31 2307
31 29 2307
29 34 3192
34 29 3192
29 35 3520
35 29 3520
29 36 4298
36 29 4298
29 37 2564
37 29 2564
29 38 3766
38 29 3766
29 40 3802
40 29 3802
29 42 4551
42 29 4551
29 43 284
43 29 284
29 45 4585
45 29 4585
29 47 4338
47 29 4338
29 48 3050
48 29 3050
29 49 5228
49 29 5228
29 51 1075
51 29 1075
29 52 4398
52 29 4398
29 54 2556
54 29 2556
29 55 1694
55 29 1694
29 56 332
56 29 332
29 57 1901
57 29 1901
29 58 4027
58 29 4027
29 59 3632
59 29 3632
29 60 581
60 29 581
29 61 5210
61 29 5210
29 62 5284
62 29 5284
29 63 2539
63 29 2539
29 64 3262
64 29 3262
29 65 3224
65 29 3224
29 66 1497
66 29 1497
29 67 4264
67 29 4264
29 68 3873
68 29 3873
29 69 971
69 29 971
30 31 555
31 30 555
30 33 4225
33 30 4225
30 35 2973
35 30 2973
30 36 3704
36 30 3704
30 37 3722
37 30 3722
30 38 3193
38 30 3193
30 39 1784
39 30 1784
30 40 3976
40 30 3976
30 41 5214
41 30 5214
30 42 957
42 30 957
30 45 2000
45 30 2000
30 46 5201
46 30 5201
30 47 3207
47 30 3207
30 48 280
48 30 280
30 49 2243
49 30 2243
30 51 3341
51 30 3341
30 52 4469
52 30 4469
30 53 3135
53 30 3135
30 54 168
54 30 168
30 55 4758
55 30 4758
30 56 1398
56 30 1398
30 58 5027
58 30 5027
30 59 1909
59 30 1909
30 60 2621
60 30 2621
30 62 1931
62 30 1931
30 63 3434
63 30 3434
30 64 4281
64 30 4281
30 65 3804
65 30 3804
30 66 766
66 30 766
30 67 3545
67 30 3545
30 68 1100
68 30 1100
31 32 2457
32 31 2457
31 33 3263
33 31 3263
31 34 4747
34 31 4747
31 35 3319
35 31 3319
31 36 2467
36 31 2467
31 37 2471
37 31 2471
31 40 2937
40 31 2937
31 41 1127
41 31 1127
31 42 4158
42 31 4158
31 43 4980
43 31 4980
31 45 2942
45 31 2942
31 47 4519
47 31 4519
31 48 647
48 31 647
31 49 2373
49 31 2373
31 50 3930
50 31 3930
31 51 2971
51 31 2971
31 53 48
53 31 48
31 54 1139
54 31 1139
31 56 5123
56 31 5123
31 57 2430
57 31 2430
31 59 339
59 31 339
31 61 1951
61 31 1951
31 62 2799
62 31 2799
31 63 4183
63 31 4183
31 64 4824
64 31 4824
31 65 3184
65 31 3184
31 66 2364
66 31 2364
31 67 4252
67 31 4252
31 69 416
69 31 416
32 65 223
65 32 223
32 64 1449
64 32 1449
32 69 4360
69 32 4360
32 34 3511
34 32 3511
32 35 3486
35 32 3486
32 37 2275
37 32 2275
32 38 2931
38 32 2931
32 39 4938
39 32 4938
32 42 1646
42 32 1646
32 44 2092
44 32 2092
32 45 2790
45 32 2790
32 46 2450
46 32 2450
32 48 4449
48 32 4449
32 50 5221
50 32 5221
32 51 1974
51 32 1974
32 55 69
55 32 69
32 56 777
56 32 777
32 58 807
58 32 807
32 59 578
59 32 578
32 62 2702
62 32 2702
33 34 350
34 33 350
33 35 4773
35 33 4773
33 36 473
36 33 473
33 37 4598
37 33 4598
33 39 330
39 33 330
33 40 1348
40 33 1348
33 41 1128
41 33 1128
33 42 4777
42 33 4777
33 43 634
43 33 634
33 44 2091
44 33 2091
33 45 3656
45 33 3656
33 46 162
46 33 162
33 47 1497
47 33 1497
33 48 3661
48 33 3661
33 49 5083
49 33 5083
33 52 632
52 33 632
33 53 621
53 33 621
33 54 2562
54 33 2562
33 55 372
55 33 372
33 56 3319
56 33 3319
33 57 2848
57 33 2848
33 58 4793
58 33 4793
33 59 2600
59 33 2600
33 62 4180
62 33 4180
33 63 2087
63 33 2087
33 64 4210
64 33 4210
33 65 1494
65 33 1494
33 66 2415
66 33 2415
33 67 2534
67 33 2534
33 68 4132
68 33 4132
34 35 3247
35 34 3247
34 36 1601
36 34 1601
34 37 921
37 34 921
34 38 2726
38 34 2726
34 39 422
39 34 422
34 40 3393
40 34 3393
34 41 1682
41 34 1682
34 43 1215
43 34 1215
34 45 771
45 34 771
34 46 2453
46 34 2453
34 47 158
47 34 158
34 48 3632
48 34 3632
34 49 2872
49 34 2872
34 50 3364
50 34 3364
34 51 1314
51 34 1314
34 52 4362
52 34 4362
34 53 613
53 34 613
34 54 2161
54 34 2161
34 55 2956
55 34 2956
34 56 1367
56 34 1367
34 57 4098
57 34 4098
34 59 3771
59 34 3771
34 60 4471
60 34 4471
34 61 2832
61 34 2832
34 62 4674
62 34 4674
34 64 3006
64 34 3006
34 65 198
65 34 198
34 67 2640
67 34 2640
34 68 3411
68 34 3411
34 69 3566
69 34 3566
35 36 5077
36 35 5077
35 38 4596
38 35 4596
35 41 1716
41 35 1716
35 42 4197
42 35 4197
35 43 3888
43 35 3888
35 45 1189
45 35 1189
35 46 1493
46 35 1493
35 48 2647
48 35 2647
35 49 2069
49 35 2069
35 50 501
50 35 501
35 51 3371
51 35 3371
35 52 99
52 35 99
35 53 3277
53 35 3277
35 54 3394
54 35 3394
35 55 2463
55 35 2463
35 56 1321
56 35 1321
35 57 1883
57 35 1883
35 58 4178
58 35 4178
35 59 2368
59 35 2368
35 60 1854
60 35 1854
35 61 3297
61 35 3297
35 62 4806
62 35 4806
35 63 5137
63 35 5137
35 64 1047
64 35 1047
35 65 3563
65 35 3563
35 66 4779
66 35 4779
35 67 53
67 35 53
35 68 2716
68 35 2716
36 37 4195
37 36 4195
36 38 159
38 36 159
36 39 2988
39 36 2988
36 41 2860
41 36 2860
36 42 3977
42 36 3977
36 43 3053
43 36 3053
36 44 3094
44 36 3094
36 45 2489
45 36 2489
36 46 5318
46 36 5318
36 47 4979
47 36 4979
36 48 354
48 36 354
36 49 3042
49 36 3042
36 51 4056
51 36 4056
36 53 595
53 36 595
36 54 2694
54 36 2694
36 56 455
56 36 455
36 57 3079
57 36 3079
36 58 2049
58 36 2049
36 59 987
59 36 987
36 60 3614
60 36 3614
36 61 3993
61 36 3993
36 62 4621
62 36 4621
36 63 1195
63 36 1195
36 64 3164
64 36 3164
36 66 1829
66 36 1829
36 67 3416
67 36 3416
36 68 3799
68 36 3799
36 69 246
69 36 246
37 38 2792
38 37 2792
37 40 4693
40 37 4693
37 44 3564
44 37 3564
37 45 3253
45 37 3253
37 47 104
47 37 104
37 48 788
48 37 788
37 49 4980
49 37 4980
37 50 1353
50 37 1353
37 51 280
51 37 280
37 53 2145
53 37 2145
37 56 4567
56 37 4567
37 58 447
58 37 447
37 59 5412
59 37 5412
37 60 4704
60 37 4704
37 61 3648
61 37 3648
37 63 4036
63 37 4036
37 64 325
64 37 325
37 65 3090
65 37 3090
37 66 3571
66 37 3571
37 68 2980
68 37 2980
38 39 3324
39 38 3324
38 40 3584
40 38 3584
38 42 4840
42 38 4840
38 43 2424
43 38 2424
38 44 303
44 38 303
38 45 2356
45 38 2356
38 46 230
46 38 230
38 47 2357
47 38 2357
38 48 252
48 38 252
38 49 157
49 38 157
38 50 724
50 38 724
38 51 900
51 38 900
38 53 1797
53 38 1797
38 54 4778
54 38 4778
38 56 1019
56 38 1019
38 57 540
57 38 540
38 58 5346
58 38 5346
38 59 3095
59 38 3095
38 60 1885
60 38 1885
38 61 5313
61 38 5313
38 62 1243
62 38 1243
38 63 616
63 38 616
38 64 3346
64 38 3346
38 66 2323
66 38 2323
38 67 3065
67 38 3065
38 68 3485
68 38 3485
39 41 4201
41 39 4201
39 42 330
42 39 330
39 43 2627
43 39 2627
39 46 804
46 39 804
39 47 1096
47 39 1096
39 48 3913
48 39 3913
39 50 2088
50 39 2088
39 51 4012
51 39 4012
39 52 4618
52 39 4618
39 53 2062
53 39 2062
39 55 2743
55 39 2743
39 56 4283
56 39 4283
39 57 3756
57 39 3756
39 58 2186
58 39 2186
39 59 3849
59 39 3849
39 60 3090
60 39 3090
39 61 808
61 39 808
39 64 1528
64 39 1528
39 65 5208
65 39 5208
39 67 5068
67 39 5068
39 68 4182
68 39 4182
39 69 779
69 39 779
40 41 2474
41 40 2474
40 42 3318
42 40 3318
40 43 1852
43 40 1852
40 44 5210
44 40 5210
40 47 3250
47 40 3250
40 48 2540
48 40 2540
40 49 5187
49 40 5187
40 52 2728
52 40 2728
40 53 1975
53 40 1975
40 55 3765
55 40 3765
40 58 4563
58 40 4563
40 60 2108
60 40 2108
40 61 558
61 40 558
40 62 4437
62 40 4437
40 63 4076
63 40 4076
40 64 32
64 40 32
40 65 3503
65 40 3503
40 67 3383
67 40 3383
40 68 4572
68 40 4572
40 69 3269
69 40 3269
41 42 4413
42 41 4413
41 43 3392
43 41 3392
41 44 5412
44 41 5412
41 45 4819
45 41 4819
41 46 5387
46 41 5387
41 47 2774
47 41 2774
41 48 3644
48 41 3644
41 50 3496
50 41 3496
41 51 837
51 41 837
41 53 2165
53 41 2165
41 57 3406
57 41 3406
41 59 4819
59 41 4819
41 61 1646
61 41 1646
41 62 2893
62 41 2893
41 63 2298
63 41 2298
41 64 5185
64 41 5185
41 65 2848
65 41 2848
41 67 1768
67 41 1768
41 68 5187
68 41 5187
41 69 1221
69 41 1221
42 43 668
43 42 668
42 44 4246
44 42 4246
42 45 1644
45 42 1644
42 46 624
46 42 624
42 47 3058
47 42 3058
42 48 1398
48 42 1398
42 49 3455
49 42 3455
42 51 3253
51 42 3253
42 52 483
52 42 483
42 53 2371
53 42 2371
42 54 2828
54 42 2828
42 57 1817
57 42 1817
42 58 3584
58 42 3584
42 59 424
59 42 424
42 60 3380
60 42 3380
42 62 1936
62 42 1936
42 63 1309
63 42 1309
42 64 1370
64 42 1370
42 65 4905
65 42 4905
42 66 849
66 42 849
42 67 265
67 42 265
42 68 3729
68 42 3729
42 69 5117
69 42 5117
43 45 903
45 43 903
43 46 2032
46 43 2032
43 47 2075
47 43 2075
43 49 4494
49 43 4494
43 50 42
50 43 42
43 51 3702
51 43 3702
43 52 667
52 43 667
43 53 1219
53 43 1219
43 54 5318
54 43 5318
43 55 2
55 43 2
43 56 1314
56 43 1314
43 57 157
57 43 157
43 58 826
58 43 826
43 59 3948
59 43 3948
43 60 5384
60 43 5384
43 61 878
61 43 878
43 63 2341
63 43 2341
43 66 3489
66 43 3489
43 67 1943
67 43 1943
43 68 1138
68 43 1138
43 69 1060
69 43 1060
44 46 1681
46 44 1681
44 47 3569
47 44 3569
44 48 1292
48 44 1292
44 50 443
50 44 443
44 51 236
51 44 236
44 52 437
52 44 437
44 53 3682
53 44 3682
44 54 4140
54 44 4140
44 55 4562
55 44 4562
44 56 3663
56 44 3663
44 57 5291
57 44 5291
44 59 4070
59 44 4070
44 60 2636
60 44 2636
44 61 5256
61 44 5256
44 63 541
63 44 541
44 65 1939
65 44 1939
44 66 577
66 44 577
44 67 2848
67 44 2848
44 68 2484
68 44 2484
44 69 4682
69 44 4682
45 46 1899
46 45 1899
45 47 2285
47 45 2285
45 49 2259
49 45 2259
45 50 573
50 45 573
45 52 5030
52 45 5030
45 53 5319
53 45 5319
45 54 314
54 45 314
45 55 445
55 45 445
45 56 260
56 45 260
45 57 2825
57 45 2825
45 58 2272
58 45 2272
45 60 5007
60 45 5007
45 61 4299
61 45 4299
45 62 4994
62 45 4994
45 66 3826
66 45 3826
45 67 1848
67 45 1848
45 68 1027
68 45 1027
46 47 4938
47 46 4938
46 48 1246
48 46 1246
46 49 971
49 46 971
46 50 1822
50 46 1822
46 51 4794
51 46 4794
46 52 2089
52 46 2089
46 53 4059
53 46 4059
46 56 841
56 46 841
46 57 2003
57 46 2003
46 58 4827
58 46 4827
46 59 12
59 46 12
46 61 4934
61 46 4934
46 62 253
62 46 253
46 63 2694
63 46 2694
46 65 1286
65 46 1286
46 66 5071
66 46 5071
46 67 675
67 46 675
46 69 5087
69 46 5087
47 48 1880
48 47 1880
47 49 4361
49 47 4361
47 50 1672
50 47 1672
47 53 1000
53 47 1000
47 55 5241
55 47 5241
47 56 2958
56 47 2958
47 57 2564
57 47 2564
47 59 4503
59 47 4503
47 60 2581
60 47 2581
47 61 1945
61 47 1945
47 62 5429
62 47 5429
47 64 1884
64 47 1884
47 65 1621
65 47 1621
47 67 3700
67 47 3700
47 68 2243
68 47 2243
47 69 2971
69 47 2971
48 50 4253
50 48 4253
48 51 4853
51 48 4853
48 52 4398
52 48 4398
48 53 4652
53 48 4652
48 54 5272
54 48 5272
48 57 2024
57 48 2024
48 58 3463
58 48 3463
48 59 181
59 48 181
48 60 2412
60 48 2412
48 61 2427
61 48 2427
48 62 256
62 48 256
48 63 5172
63 48 5172
48 64 4462
64 48 4462
48 65 4978
65 48 4978
48 66 4632
66 48 4632
48 67 5140
67 48 5140
48 68 2420
68 48 2420
49 51 4765
51 49 4765
49 52 3381
52 49 3381
49 53 1191
53 49 1191
49 54 2453
54 49 2453
49 55 3034
55 49 3034
49 57 5256
57 49 5256
49 58 1154
58 49 1154
49 59 5027
59 49 5027
49 60 1780
60 49 1780
49 62 4176
62 49 4176
49 63 2082
63 49 2082
49 64 41
64 49 41
49 65 897
65 49 897
49 66 4793
66 49 4793
49 67 1898
67 49 1898
49 68 3808
68 49 3808
49 69 5336
69 49 5336
50 52 468
52 50 468
50 54 1983
54 50 1983
50 55 2238
55 50 2238
50 56 751
56 50 751
50 57 4627
57 50 4627
50 59 2081
59 50 2081
50 60 2483
60 50 2483
50 61 3928
61 50 3928
50 64 482
64 50 482
50 65 4228
65 50 4228
50 66 662
66 50 662
50 68 891
68 50 891
51 52 1693
52 51 1693
51 53 4578
53 51 4578
51 54 2396
54 51 2396
51 55 3439
55 51 3439
51 57 2734
57 51 2734
51 58 4954
58 51 4954
51 59 2634
59 51 2634
51 60 523
60 51 523
51 61 705
61 51 705
51 63 495
63 51 495
51 66 1407
66 51 1407
51 67 1501
67 51 1501
51 68 4302
68 51 4302
51 69 161
69 51 161
52 53 59
53 52 59
52 54 5141
54 52 5141
52 55 19
55 52 19
52 56 982
56 52 982
52 64 3917
64 52 3917
52 65 2670
65 52 2670
52 66 141
66 52 141
52 67 249
67 52 249
52 68 637
68 52 637
52 69 4045
69 52 4045
53 54 137
54 53 137
53 55 1388
55 53 1388
53 56 212
56 53 212
53 57 4994
57 53 4994
53 58 1390
58 53 1390
53 59 2343
59 53 2343
53 60 3733
60 53 3733
53 61 3702
61 53 3702
53 62 3006
62 53 3006
53 64 1084
64 53 1084
53 65 2682
65 53 2682
53 66 874
66 53 874
53 68 2370
68 53 2370
54 55 3115
55 54 3115
54 57 2850
57 54 2850
54 59 3601
59 54 3601
54 60 2075
60 54 2075
54 61 825
61 54 825
54 64 3396
64 54 3396
54 65 825
65 54 825
54 66 1612
66 54 1612
54 68 1037
68 54 1037
54 69 601
69 54 601
55 56 1432
56 55 1432
55 57 3775
57 55 3775
55 58 2568
58 55 2568
55 59 1912
59 55 1912
55 60 4375
60 55 4375
55 62 2166
62 55 2166
55 63 4580
63 55 4580
55 64 2166
64 55 2166
55 65 2348
65 55 2348
55 66 430
66 55 430
55 67 1440
67 55 1440
55 68 1179
68 55 1179
55 69 1693
69 55 1693
56 57 782
57 56 782
56 58 5419
58 56 5419
56 59 3552
59 56 3552
56 62 5013
62 56 5013
56 65 4599
65 56 4599
56 66 2961
66 56 2961
56 67 3308
67 56 3308
57 58 2346
58 57 2346
57 59 3412
59 57 3412
57 61 3874
61 57 3874
57 63 212
63 57 212
57 65 1126
65 57 1126
57 69 5224
69 57 5224
58 59 2003
59 58 2003
58 62 3318
62 58 3318
58 63 445
63 58 445
58 64 1354
64 58 1354
58 66 4984
66 58 4984
58 67 2570
67 58 2570
58 68 1727
68 58 1727
58 69 4152
69 58 4152
59 60 2066
60 59 2066
59 61 78
61 59 78
59 62 4087
62 59 4087
59 63 1419
63 59 1419
59 64 1007
64 59 1007
59 66 861
66 59 861
59 67 3738
67 59 3738
59 68 4376
68 59 4376
59 69 1852
69 59 1852
60 61 701
61 60 701
60 63 1665
63 60 1665
60 64 957
64 60 957
60 65 3343
65 60 3343
60 66 2192
66 60 2192
60 68 268
68 60 268
60 69 4204
69 60 4204
61 62 4493
62 61 4493
61 63 4279
63 61 4279
61 64 3853
64 61 3853
61 66 317
66 61 317
61 68 642
68 61 642
61 69 4213
69 61 4213
62 63 1809
63 62 1809
62 64 3627
64 62 3627
62 65 4585
65 62 4585
62 67 5352
67 62 5352
62 68 4750
68 62 4750
62 69 854
69 62 854
63 64 1911
64 63 1911
63 65 1938
65 63 1938
63 66 2834
66 63 2834
63 67 3767
67 63 3767
63 68 5371
68 63 5371
63 69 5120
69 63 5120
64 66 1315
66 64 1315
64 67 5017
67 64 5017
64 68 277
68 64 277
64 69 2612
69 64 2612
65 66 2
66 65 2
65 67 2220
67 65 2220
65 68 2404
68 65 2404
66 67 3364
67 66 3364
66 68 3476
68 66 3476
66 69 2504
69 66 2504
67 68 4204
68 67 4204
